Unique ID,Indicator ID,Name,Measure,Measure Info,Geo Type Name,Geo Join ID,Geo Place Name,Time Period,Start_Date,Data Value,Message
172653,375,Nitrogen dioxide (NO2),Mean,ppb,UHF34,203,Bedford Stuyvesant - Crown Heights,Annual Average 2011,12/01/2010,25.3,
172585,375,Nitrogen dioxide (NO2),Mean,ppb,UHF34,203,Bedford Stuyvesant - Crown Heights,Annual Average 2009,12/01/2008,26.93,
336637,375,Nitrogen dioxide (NO2),Mean,ppb,UHF34,204,East New York,Annual Average 2015,01/01/2015,19.09,
336622,375,Nitrogen dioxide (NO2),Mean,ppb,UHF34,103,Fordham - Bronx Pk,Annual Average 2015,01/01/2015,19.76,
172582,375,Nitrogen dioxide (NO2),Mean,ppb,UHF34,104,Pelham - Throgs Neck,Annual Average 2009,12/01/2008,22.83,
667327,375,Nitrogen dioxide (NO2),Mean,ppb,UHF34,104,Pelham - Throgs Neck,Annual Average 2020,01/01/2020,16.19,
172607,375,Nitrogen dioxide (NO2),Mean,ppb,UHF34,306308,Chelsea-Village,Annual Average 2009,12/01/2008,38.16,
172675,375,Nitrogen dioxide (NO2),Mean,ppb,UHF34,306308,Chelsea-Village,Annual Average 2011,12/01/2010,34.96,
175345,375,Nitrogen dioxide (NO2),Mean,ppb,UHF42,206,Borough Park,Winter 2010-11,12/01/2010,30.1,
176689,375,Nitrogen dioxide (NO2),Mean,ppb,UHF42,206,Borough Park,Annual Average 2013,12/01/2012,20.23,
176682,375,Nitrogen dioxide (NO2),Mean,ppb,UHF42,106,High Bridge - Morrisania,Annual Average 2013,12/01/2012,23.73,
336507,375,Nitrogen dioxide (NO2),Mean,ppb,UHF42,106,High Bridge - Morrisania,Winter 2014-15,12/01/2014,26,
740910,375,Nitrogen dioxide (NO2),Mean,ppb,UHF42,106,High Bridge - Morrisania,Annual Average 2021,01/01/2021,18.04,
175348,375,Nitrogen dioxide (NO2),Mean,ppb,UHF42,209,Bensonhurst - Bay Ridge,Winter 2010-11,12/01/2010,28.44,
175894,375,Nitrogen dioxide (NO2),Mean,ppb,UHF42,209,Bensonhurst - Bay Ridge,Summer 2009,06/01/2009,18.95,
175895,375,Nitrogen dioxide (NO2),Mean,ppb,UHF42,210,Coney Island - Sheepshead Bay,Summer 2009,06/01/2009,15.22,
175349,375,Nitrogen dioxide (NO2),Mean,ppb,UHF42,210,Coney Island - Sheepshead Bay,Winter 2010-11,12/01/2010,25.7,
176693,375,Nitrogen dioxide (NO2),Mean,ppb,UHF42,210,Coney Island - Sheepshead Bay,Annual Average 2013,12/01/2012,16.36,
741006,375,Nitrogen dioxide (NO2),Mean,ppb,UHF42,410,Rockaways,Annual Average 2021,01/01/2021,11.41,
550028,375,Nitrogen dioxide (NO2),Mean,ppb,CD,201,Mott Haven and Melrose (CD1),Annual Average 2017,01/01/2017,21.25,
336723,375,Nitrogen dioxide (NO2),Mean,ppb,CD,101,Financial District (CD1),Winter 2014-15,12/01/2014,30.4,
741126,375,Nitrogen dioxide (NO2),Mean,ppb,CD,101,Financial District (CD1),Annual Average 2021,01/01/2021,21.61,
165858,375,Nitrogen dioxide (NO2),Mean,ppb,CD,102,Greenwich Village and Soho (CD2),Winter 2010-11,12/01/2010,36.79,
166625,375,Nitrogen dioxide (NO2),Mean,ppb,CD,102,Greenwich Village and Soho (CD2),Summer 2009,06/01/2009,31.63,
167746,375,Nitrogen dioxide (NO2),Mean,ppb,CD,102,Greenwich Village and Soho (CD2),Annual Average 2013,12/01/2012,29.27,
336852,375,Nitrogen dioxide (NO2),Mean,ppb,CD,402,Woodside and Sunnyside (CD2),Winter 2014-15,12/01/2014,26.28,
741255,375,Nitrogen dioxide (NO2),Mean,ppb,CD,402,Woodside and Sunnyside (CD2),Annual Average 2021,01/01/2021,20.21,
171599,375,Nitrogen dioxide (NO2),Mean,ppb,UHF34,203,Bedford Stuyvesant - Crown Heights,Winter 2009-10,12/01/2009,28.86,
549907,375,Nitrogen dioxide (NO2),Mean,ppb,UHF34,204,East New York,Summer 2017,06/01/2017,13.39,
602850,375,Nitrogen dioxide (NO2),Mean,ppb,UHF34,204,East New York,Summer 2018,06/01/2018,11.97,
171595,375,Nitrogen dioxide (NO2),Mean,ppb,UHF34,103,Fordham - Bronx Pk,Winter 2009-10,12/01/2009,23.87,
549895,375,Nitrogen dioxide (NO2),Mean,ppb,UHF34,104,Pelham - Throgs Neck,Summer 2017,06/01/2017,14.14,
643458,375,Nitrogen dioxide (NO2),Mean,ppb,UHF34,201,Greenpoint,Winter 2018-19,12/01/2018,26.69,
211654,375,Nitrogen dioxide (NO2),Mean,ppb,UHF34,101,Kingsbridge - Riverdale,Summer 2014,06/01/2014,13.55,
643446,375,Nitrogen dioxide (NO2),Mean,ppb,UHF34,101,Kingsbridge - Riverdale,Winter 2018-19,12/01/2018,18.32,
211655,375,Nitrogen dioxide (NO2),Mean,ppb,UHF34,102,Northeast Bronx,Summer 2014,06/01/2014,15.4,
643449,375,Nitrogen dioxide (NO2),Mean,ppb,UHF34,102,Northeast Bronx,Winter 2018-19,12/01/2018,19.11,
211674,375,Nitrogen dioxide (NO2),Mean,ppb,UHF34,402,West Queens,Summer 2014,06/01/2014,16.64,
643506,375,Nitrogen dioxide (NO2),Mean,ppb,UHF34,402,West Queens,Winter 2018-19,12/01/2018,24.36,
172662,375,Nitrogen dioxide (NO2),Mean,ppb,UHF34,301,Washington Heights,Annual Average 2011,12/01/2010,25.56,
667399,375,Nitrogen dioxide (NO2),Mean,ppb,UHF34,301,Washington Heights,Annual Average 2020,01/01/2020,18.08,
175885,375,Nitrogen dioxide (NO2),Mean,ppb,UHF42,107,Hunts Point - Mott Haven,Summer 2009,06/01/2009,23,
176683,375,Nitrogen dioxide (NO2),Mean,ppb,UHF42,107,Hunts Point - Mott Haven,Annual Average 2013,12/01/2012,21.54,
740913,375,Nitrogen dioxide (NO2),Mean,ppb,UHF42,107,Hunts Point - Mott Haven,Annual Average 2021,01/01/2021,18.52,
175892,375,Nitrogen dioxide (NO2),Mean,ppb,UHF42,207,East Flatbush - Flatbush,Summer 2009,06/01/2009,21.39,
336531,375,Nitrogen dioxide (NO2),Mean,ppb,UHF42,207,East Flatbush - Flatbush,Winter 2014-15,12/01/2014,25.7,
175347,375,Nitrogen dioxide (NO2),Mean,ppb,UHF42,208,Canarsie - Flatlands,Winter 2010-11,12/01/2010,26.24,
175913,375,Nitrogen dioxide (NO2),Mean,ppb,UHF42,407,Southwest Queens,Summer 2009,06/01/2009,18.59,
165871,375,Nitrogen dioxide (NO2),Mean,ppb,CD,203,Morrisania and Crotona (CD3),Winter 2010-11,12/01/2010,30.92,
167759,375,Nitrogen dioxide (NO2),Mean,ppb,CD,203,Morrisania and Crotona (CD3),Annual Average 2013,12/01/2012,22.32,
549998,375,Nitrogen dioxide (NO2),Mean,ppb,CD,103,Lower East Side and Chinatown (CD3),Annual Average 2017,01/01/2017,23.65,
172663,375,Nitrogen dioxide (NO2),Mean,ppb,UHF34,302,Central Harlem - Morningside Heights,Annual Average 2011,12/01/2010,28.23,
211670,375,Nitrogen dioxide (NO2),Mean,ppb,UHF34,302,Central Harlem - Morningside Heights,Summer 2014,06/01/2014,19.54,
336664,375,Nitrogen dioxide (NO2),Mean,ppb,UHF34,302,Central Harlem - Morningside Heights,Annual Average 2015,01/01/2015,23.15,
643494,375,Nitrogen dioxide (NO2),Mean,ppb,UHF34,302,Central Harlem - Morningside Heights,Winter 2018-19,12/01/2018,24.69,
549903,375,Nitrogen dioxide (NO2),Mean,ppb,UHF34,202,Downtown - Heights - Slope,Winter 2016-17,12/01/2016,26.27,
602844,375,Nitrogen dioxide (NO2),Mean,ppb,UHF34,202,Downtown - Heights - Slope,Summer 2018,06/01/2018,16.37,
602829,375,Nitrogen dioxide (NO2),Mean,ppb,UHF34,101,Kingsbridge - Riverdale,Summer 2018,06/01/2018,11.69,
549886,375,Nitrogen dioxide (NO2),Mean,ppb,UHF34,101,Kingsbridge - Riverdale,Summer 2017,06/01/2017,13.02,
211757,375,Nitrogen dioxide (NO2),Mean,ppb,UHF34,102,Northeast Bronx,Annual Average 2014,12/01/2013,18.97,
549889,375,Nitrogen dioxide (NO2),Mean,ppb,UHF34,102,Northeast Bronx,Summer 2017,06/01/2017,14.37,
602832,375,Nitrogen dioxide (NO2),Mean,ppb,UHF34,102,Northeast Bronx,Summer 2018,06/01/2018,13.05,
175297,375,Nitrogen dioxide (NO2),Mean,ppb,UHF42,107,Hunts Point - Mott Haven,Winter 2009-10,12/01/2009,26.48,
175381,375,Nitrogen dioxide (NO2),Mean,ppb,UHF42,107,Hunts Point - Mott Haven,Winter 2011-12,12/01/2011,25.17,
211390,375,Nitrogen dioxide (NO2),Mean,ppb,Borough,1,Bronx,Annual Average 2014,12/01/2013,19.8,
336652,375,Nitrogen dioxide (NO2),Mean,ppb,UHF34,209,Bensonhurst - Bay Ridge,Annual Average 2015,01/01/2015,18.62,
643482,375,Nitrogen dioxide (NO2),Mean,ppb,UHF34,209,Bensonhurst - Bay Ridge,Winter 2018-19,12/01/2018,20.53,
667381,375,Nitrogen dioxide (NO2),Mean,ppb,UHF34,209,Bensonhurst - Bay Ridge,Annual Average 2020,01/01/2020,14.81,
172593,375,Nitrogen dioxide (NO2),Mean,ppb,UHF34,211,Williamsburg - Bushwick,Annual Average 2009,12/01/2008,27.13,
172661,375,Nitrogen dioxide (NO2),Mean,ppb,UHF34,211,Williamsburg - Bushwick,Annual Average 2011,12/01/2010,25.75,
336658,375,Nitrogen dioxide (NO2),Mean,ppb,UHF34,211,Williamsburg - Bushwick,Annual Average 2015,01/01/2015,21.27,
211668,375,Nitrogen dioxide (NO2),Mean,ppb,UHF34,211,Williamsburg - Bushwick,Summer 2014,06/01/2014,17,
336709,375,Nitrogen dioxide (NO2),Mean,ppb,UHF34,501502,Northern SI,Annual Average 2015,01/01/2015,16,
643539,375,Nitrogen dioxide (NO2),Mean,ppb,UHF34,501502,Northern SI,Winter 2018-19,12/01/2018,18.62,
667495,375,Nitrogen dioxide (NO2),Mean,ppb,UHF34,501502,Northern SI,Annual Average 2020,01/01/2020,13.11,
549782,375,Nitrogen dioxide (NO2),Mean,ppb,UHF42,201,Greenpoint,Annual Average 2017,01/01/2017,21.19,
740916,375,Nitrogen dioxide (NO2),Mean,ppb,UHF42,201,Greenpoint,Annual Average 2021,01/01/2021,20.55,
175333,375,Nitrogen dioxide (NO2),Mean,ppb,UHF42,101,Kingsbridge - Riverdale,Winter 2010-11,12/01/2010,25.48,
175371,375,Nitrogen dioxide (NO2),Mean,ppb,UHF42,501,Port Richmond,Winter 2010-11,12/01/2010,27.72,
336606,375,Nitrogen dioxide (NO2),Mean,ppb,UHF42,501,Port Richmond,Winter 2014-15,12/01/2014,22.69,
549875,375,Nitrogen dioxide (NO2),Mean,ppb,UHF42,501,Port Richmond,Annual Average 2017,01/01/2017,16.98,
336744,375,Nitrogen dioxide (NO2),Mean,ppb,CD,108,Upper East Side (CD8),Winter 2014-15,12/01/2014,29.3,
741147,375,Nitrogen dioxide (NO2),Mean,ppb,CD,108,Upper East Side (CD8),Annual Average 2021,01/01/2021,20.37,
336750,375,Nitrogen dioxide (NO2),Mean,ppb,CD,110,Central Harlem (CD10),Winter 2014-15,12/01/2014,26.84,
550025,375,Nitrogen dioxide (NO2),Mean,ppb,CD,112,Washington Heights and Inwood (CD12),Annual Average 2017,01/01/2017,20.14,
165890,375,Nitrogen dioxide (NO2),Mean,ppb,CD,310,Bay Ridge and Dyker Heights (CD10),Winter 2010-11,12/01/2010,29.44,
166657,375,Nitrogen dioxide (NO2),Mean,ppb,CD,310,Bay Ridge and Dyker Heights (CD10),Summer 2009,06/01/2009,20.38,
167778,375,Nitrogen dioxide (NO2),Mean,ppb,CD,310,Bay Ridge and Dyker Heights (CD10),Annual Average 2013,12/01/2012,19.48,
336822,375,Nitrogen dioxide (NO2),Mean,ppb,CD,310,Bay Ridge and Dyker Heights (CD10),Winter 2014-15,12/01/2014,25.17,
741225,375,Nitrogen dioxide (NO2),Mean,ppb,CD,310,Bay Ridge and Dyker Heights (CD10),Annual Average 2021,01/01/2021,16.42,
550097,375,Nitrogen dioxide (NO2),Mean,ppb,CD,312,Borough Park (CD12),Annual Average 2017,01/01/2017,19.03,
741231,375,Nitrogen dioxide (NO2),Mean,ppb,CD,312,Borough Park (CD12),Annual Average 2021,01/01/2021,16.92,
549924,375,Nitrogen dioxide (NO2),Mean,ppb,UHF34,209,Bensonhurst - Bay Ridge,Winter 2016-17,12/01/2016,23.78,
602865,375,Nitrogen dioxide (NO2),Mean,ppb,UHF34,209,Bensonhurst - Bay Ridge,Summer 2018,06/01/2018,11.47,
667383,375,Nitrogen dioxide (NO2),Mean,ppb,UHF34,209,Bensonhurst - Bay Ridge,Summer 2020,06/01/2020,9.8,
171607,375,Nitrogen dioxide (NO2),Mean,ppb,UHF34,211,Williamsburg - Bushwick,Winter 2009-10,12/01/2009,28.63,
211770,375,Nitrogen dioxide (NO2),Mean,ppb,UHF34,211,Williamsburg - Bushwick,Annual Average 2014,12/01/2013,22.2,
602871,375,Nitrogen dioxide (NO2),Mean,ppb,UHF34,211,Williamsburg - Bushwick,Summer 2018,06/01/2018,15.84,
549897,375,Nitrogen dioxide (NO2),Mean,ppb,UHF34,104,Pelham - Throgs Neck,Winter 2016-17,12/01/2016,25.91,
211777,375,Nitrogen dioxide (NO2),Mean,ppb,UHF34,403,Flushing - Clearview,Annual Average 2014,12/01/2013,19.45,
667437,375,Nitrogen dioxide (NO2),Mean,ppb,UHF34,403,Flushing - Clearview,Summer 2020,06/01/2020,11.03,
175303,375,Nitrogen dioxide (NO2),Mean,ppb,UHF42,206,Borough Park,Winter 2009-10,12/01/2009,28.09,
175387,375,Nitrogen dioxide (NO2),Mean,ppb,UHF42,206,Borough Park,Winter 2011-12,12/01/2011,23.5,
667221,375,Nitrogen dioxide (NO2),Mean,ppb,UHF42,310,Lower Manhattan,Summer 2020,06/01/2020,16.58,
549841,375,Nitrogen dioxide (NO2),Mean,ppb,UHF42,310,Lower Manhattan,Summer 2017,06/01/2017,22.95,
549843,375,Nitrogen dioxide (NO2),Mean,ppb,UHF42,310,Lower Manhattan,Winter 2016-17,12/01/2016,30.24,
549796,375,Nitrogen dioxide (NO2),Mean,ppb,UHF42,206,Borough Park,Summer 2017,06/01/2017,13.77,
549798,375,Nitrogen dioxide (NO2),Mean,ppb,UHF42,206,Borough Park,Winter 2016-17,12/01/2016,25.04,
175306,375,Nitrogen dioxide (NO2),Mean,ppb,UHF42,209,Bensonhurst - Bay Ridge,Winter 2009-10,12/01/2009,26.54,
602748,375,Nitrogen dioxide (NO2),Mean,ppb,UHF42,209,Bensonhurst - Bay Ridge,Summer 2018,06/01/2018,11.47,
175391,375,Nitrogen dioxide (NO2),Mean,ppb,UHF42,210,Coney Island - Sheepshead Bay,Winter 2011-12,12/01/2011,19.46,
212558,375,Nitrogen dioxide (NO2),Mean,ppb,UHF42,210,Coney Island - Sheepshead Bay,Annual Average 2014,12/01/2013,17.63,
175412,375,Nitrogen dioxide (NO2),Mean,ppb,UHF42,410,Rockaways,Winter 2011-12,12/01/2011,15.89,
549870,375,Nitrogen dioxide (NO2),Mean,ppb,UHF42,409,Southeast Queens,Winter 2016-17,12/01/2016,24.02,
171678,375,Nitrogen dioxide (NO2),Mean,ppb,UHF34,303,East Harlem,Winter 2011-12,12/01/2011,27.76,
171611,375,Nitrogen dioxide (NO2),Mean,ppb,UHF34,304,Upper West Side,Winter 2009-10,12/01/2009,30.23,
171633,375,Nitrogen dioxide (NO2),Mean,ppb,UHF34,203,Bedford Stuyvesant - Crown Heights,Winter 2010-11,12/01/2010,32.21,
172075,375,Nitrogen dioxide (NO2),Mean,ppb,UHF34,203,Bedford Stuyvesant - Crown Heights,Summer 2009,06/01/2009,23.2,
172721,375,Nitrogen dioxide (NO2),Mean,ppb,UHF34,203,Bedford Stuyvesant - Crown Heights,Annual Average 2013,12/01/2012,22.28,
171634,375,Nitrogen dioxide (NO2),Mean,ppb,UHF34,204,East New York,Winter 2010-11,12/01/2010,30.26,
336639,375,Nitrogen dioxide (NO2),Mean,ppb,UHF34,204,East New York,Winter 2014-15,12/01/2014,24.99,
741042,375,Nitrogen dioxide (NO2),Mean,ppb,UHF34,204,East New York,Annual Average 2021,01/01/2021,16.12,
172071,375,Nitrogen dioxide (NO2),Mean,ppb,UHF34,103,Fordham - Bronx Pk,Summer 2009,06/01/2009,21.15,
336624,375,Nitrogen dioxide (NO2),Mean,ppb,UHF34,103,Fordham - Bronx Pk,Winter 2014-15,12/01/2014,23.33,
172718,375,Nitrogen dioxide (NO2),Mean,ppb,UHF34,104,Pelham - Throgs Neck,Annual Average 2013,12/01/2012,18.58,
549896,375,Nitrogen dioxide (NO2),Mean,ppb,UHF34,104,Pelham - Throgs Neck,Annual Average 2017,01/01/2017,18.72,
741084,375,Nitrogen dioxide (NO2),Mean,ppb,UHF34,403,Flushing - Clearview,Annual Average 2021,01/01/2021,15.66,
172742,375,Nitrogen dioxide (NO2),Mean,ppb,UHF34,305307,Upper East Side-Gramercy,Annual Average 2013,12/01/2012,32.1,
172096,375,Nitrogen dioxide (NO2),Mean,ppb,UHF34,305307,Upper East Side-Gramercy,Summer 2009,06/01/2009,35.65,
741102,375,Nitrogen dioxide (NO2),Mean,ppb,UHF34,305307,Upper East Side-Gramercy,Annual Average 2021,01/01/2021,21.83,
172097,375,Nitrogen dioxide (NO2),Mean,ppb,UHF34,306308,Chelsea-Village,Summer 2009,06/01/2009,35.28,
336760,375,Nitrogen dioxide (NO2),Mean,ppb,CD,202,Hunts Point and Longwood (CD2),Annual Average 2015,01/01/2015,20.85,
602688,375,Nitrogen dioxide (NO2),Mean,ppb,Borough,1,Bronx,Summer 2018,06/01/2018,13.62,
667029,375,Nitrogen dioxide (NO2),Mean,ppb,Borough,1,Bronx,Summer 2020,06/01/2020,13.16,
179273,375,Nitrogen dioxide (NO2),Mean,ppb,Borough,1,Bronx,Winter 2009-10,12/01/2009,24.39,
549745,375,Nitrogen dioxide (NO2),Mean,ppb,Borough,1,Bronx,Summer 2017,06/01/2017,14.97,
179284,375,Nitrogen dioxide (NO2),Mean,ppb,Borough,2,Brooklyn,Winter 2011-12,12/01/2011,23.5,
667035,375,Nitrogen dioxide (NO2),Mean,ppb,Borough,2,Brooklyn,Summer 2020,06/01/2020,10.82,
549799,375,Nitrogen dioxide (NO2),Mean,ppb,UHF42,207,East Flatbush - Flatbush,Summer 2017,06/01/2017,13.75,
212556,375,Nitrogen dioxide (NO2),Mean,ppb,UHF42,208,Canarsie - Flatlands,Annual Average 2014,12/01/2013,17,
549802,375,Nitrogen dioxide (NO2),Mean,ppb,UHF42,208,Canarsie - Flatlands,Summer 2017,06/01/2017,10.26,
175325,375,Nitrogen dioxide (NO2),Mean,ppb,UHF42,407,Southwest Queens,Winter 2009-10,12/01/2009,26.12,
549864,375,Nitrogen dioxide (NO2),Mean,ppb,UHF42,407,Southwest Queens,Winter 2016-17,12/01/2016,24.86,
549867,375,Nitrogen dioxide (NO2),Mean,ppb,UHF42,408,Jamaica,Winter 2016-17,12/01/2016,24.81,
602808,375,Nitrogen dioxide (NO2),Mean,ppb,UHF42,408,Jamaica,Summer 2018,06/01/2018,12.77,
211772,375,Nitrogen dioxide (NO2),Mean,ppb,UHF34,302,Central Harlem - Morningside Heights,Annual Average 2014,12/01/2013,23.86,
549934,375,Nitrogen dioxide (NO2),Mean,ppb,UHF34,302,Central Harlem - Morningside Heights,Summer 2017,06/01/2017,18.89,
549936,375,Nitrogen dioxide (NO2),Mean,ppb,UHF34,302,Central Harlem - Morningside Heights,Winter 2016-17,12/01/2016,28.51,
741033,375,Nitrogen dioxide (NO2),Mean,ppb,UHF34,201,Greenpoint,Annual Average 2021,01/01/2021,20.55,
549902,375,Nitrogen dioxide (NO2),Mean,ppb,UHF34,202,Downtown - Heights - Slope,Annual Average 2017,01/01/2017,21.12,
741021,375,Nitrogen dioxide (NO2),Mean,ppb,UHF34,101,Kingsbridge - Riverdale,Annual Average 2021,01/01/2021,14.77,
172070,375,Nitrogen dioxide (NO2),Mean,ppb,UHF34,102,Northeast Bronx,Summer 2009,06/01/2009,17.94,
171628,375,Nitrogen dioxide (NO2),Mean,ppb,UHF34,102,Northeast Bronx,Winter 2010-11,12/01/2010,25.99,
336621,375,Nitrogen dioxide (NO2),Mean,ppb,UHF34,102,Northeast Bronx,Winter 2014-15,12/01/2014,23.37,
336678,375,Nitrogen dioxide (NO2),Mean,ppb,UHF34,402,West Queens,Winter 2014-15,12/01/2014,26.21,
549947,375,Nitrogen dioxide (NO2),Mean,ppb,UHF34,402,West Queens,Annual Average 2017,01/01/2017,20.56,
741081,375,Nitrogen dioxide (NO2),Mean,ppb,UHF34,402,West Queens,Annual Average 2021,01/01/2021,18.56,
171642,375,Nitrogen dioxide (NO2),Mean,ppb,UHF34,301,Washington Heights,Winter 2010-11,12/01/2010,30.54,
167523,375,Nitrogen dioxide (NO2),Mean,ppb,CD,203,Morrisania and Crotona (CD3),Annual Average 2009,12/01/2008,27.71,
167641,375,Nitrogen dioxide (NO2),Mean,ppb,CD,203,Morrisania and Crotona (CD3),Annual Average 2011,12/01/2010,25.3,
167511,375,Nitrogen dioxide (NO2),Mean,ppb,CD,103,Lower East Side and Chinatown (CD3),Annual Average 2009,12/01/2008,31.8,
213402,375,Nitrogen dioxide (NO2),Mean,ppb,CD,103,Lower East Side and Chinatown (CD3),Summer 2014,06/01/2014,21.27,
667531,375,Nitrogen dioxide (NO2),Mean,ppb,CD,103,Lower East Side and Chinatown (CD3),Annual Average 2020,01/01/2020,19.36,
212422,375,Nitrogen dioxide (NO2),Mean,ppb,UHF42,107,Hunts Point - Mott Haven,Summer 2014,06/01/2014,16.43,
643338,375,Nitrogen dioxide (NO2),Mean,ppb,UHF42,107,Hunts Point - Mott Haven,Winter 2018-19,12/01/2018,24.22,
179419,375,Nitrogen dioxide (NO2),Mean,ppb,Borough,2,Brooklyn,Annual Average 2009,12/01/2008,24.11,
172655,375,Nitrogen dioxide (NO2),Mean,ppb,UHF34,205,Sunset Park,Annual Average 2011,12/01/2010,23.86,
667459,375,Nitrogen dioxide (NO2),Mean,ppb,UHF34,409,Southeast Queens,Annual Average 2020,01/01/2020,13.02,
212552,375,Nitrogen dioxide (NO2),Mean,ppb,UHF42,204,East New York,Annual Average 2014,12/01/2013,19.75,
549790,375,Nitrogen dioxide (NO2),Mean,ppb,UHF42,204,East New York,Summer 2017,06/01/2017,13.39,
165863,375,Nitrogen dioxide (NO2),Mean,ppb,CD,107,Upper West Side (CD7),Winter 2010-11,12/01/2010,33.62,
166630,375,Nitrogen dioxide (NO2),Mean,ppb,CD,107,Upper West Side (CD7),Summer 2009,06/01/2009,28.43,
336741,375,Nitrogen dioxide (NO2),Mean,ppb,CD,107,Upper West Side (CD7),Winter 2014-15,12/01/2014,27.42,
602853,375,Nitrogen dioxide (NO2),Mean,ppb,UHF34,205,Sunset Park,Summer 2018,06/01/2018,14.4,
549910,375,Nitrogen dioxide (NO2),Mean,ppb,UHF34,205,Sunset Park,Summer 2017,06/01/2017,14.14,
549976,375,Nitrogen dioxide (NO2),Mean,ppb,UHF34,404406,Bayside Little Neck-Fresh Meadows,Summer 2017,06/01/2017,13.08,
602919,375,Nitrogen dioxide (NO2),Mean,ppb,UHF34,404406,Bayside Little Neck-Fresh Meadows,Summer 2018,06/01/2018,11.98,
602712,375,Nitrogen dioxide (NO2),Mean,ppb,UHF42,104,Pelham - Throgs Neck,Summer 2018,06/01/2018,12.84,
667077,375,Nitrogen dioxide (NO2),Mean,ppb,UHF42,104,Pelham - Throgs Neck,Summer 2020,06/01/2020,12.14,
175392,375,Nitrogen dioxide (NO2),Mean,ppb,UHF42,211,Williamsburg - Bushwick,Winter 2011-12,12/01/2011,26.68,
602754,375,Nitrogen dioxide (NO2),Mean,ppb,UHF42,211,Williamsburg - Bushwick,Summer 2018,06/01/2018,15.84,
212426,375,Nitrogen dioxide (NO2),Mean,ppb,UHF42,204,East New York,Summer 2014,06/01/2014,14.16,
336642,375,Nitrogen dioxide (NO2),Mean,ppb,UHF34,205,Sunset Park,Winter 2014-15,12/01/2014,25.37,
549911,375,Nitrogen dioxide (NO2),Mean,ppb,UHF34,205,Sunset Park,Annual Average 2017,01/01/2017,18.87,
741045,375,Nitrogen dioxide (NO2),Mean,ppb,UHF34,205,Sunset Park,Annual Average 2021,01/01/2021,18.03,
336693,375,Nitrogen dioxide (NO2),Mean,ppb,UHF34,409,Southeast Queens,Winter 2014-15,12/01/2014,22.67,
667555,375,Nitrogen dioxide (NO2),Mean,ppb,CD,107,Upper West Side (CD7),Annual Average 2020,01/01/2020,19.63,
167564,375,Nitrogen dioxide (NO2),Mean,ppb,CD,414,Rockaway and Broad Channel (CD14),Annual Average 2009,12/01/2008,14.55,
167682,375,Nitrogen dioxide (NO2),Mean,ppb,CD,414,Rockaway and Broad Channel (CD14),Annual Average 2011,12/01/2010,14.15,
643716,375,Nitrogen dioxide (NO2),Mean,ppb,CD,414,Rockaway and Broad Channel (CD14),Winter 2018-19,12/01/2018,13.88,
667075,375,Nitrogen dioxide (NO2),Mean,ppb,UHF42,104,Pelham - Throgs Neck,Annual Average 2020,01/01/2020,16.19,
176526,375,Nitrogen dioxide (NO2),Mean,ppb,UHF42,211,Williamsburg - Bushwick,Annual Average 2009,12/01/2008,27.13,
176530,375,Nitrogen dioxide (NO2),Mean,ppb,UHF42,304,Upper West Side,Annual Average 2009,12/01/2008,31.95,
176614,375,Nitrogen dioxide (NO2),Mean,ppb,UHF42,304,Upper West Side,Annual Average 2011,12/01/2010,29.3,
212437,375,Nitrogen dioxide (NO2),Mean,ppb,UHF42,304,Upper West Side,Summer 2014,06/01/2014,20.87,
643383,375,Nitrogen dioxide (NO2),Mean,ppb,UHF42,304,Upper West Side,Winter 2018-19,12/01/2018,25.25,
667183,375,Nitrogen dioxide (NO2),Mean,ppb,UHF42,304,Upper West Side,Annual Average 2020,01/01/2020,19.62,
179432,375,Nitrogen dioxide (NO2),Mean,ppb,Borough,5,Staten Island,Annual Average 2011,12/01/2010,16.17,
165922,375,Nitrogen dioxide (NO2),Mean,ppb,CD,107,Upper West Side (CD7),Winter 2011-12,12/01/2011,28.89,
165804,375,Nitrogen dioxide (NO2),Mean,ppb,CD,107,Upper West Side (CD7),Winter 2009-10,12/01/2009,30.21,
172656,375,Nitrogen dioxide (NO2),Mean,ppb,UHF34,206,Borough Park,Annual Average 2011,12/01/2010,23.32,
172658,375,Nitrogen dioxide (NO2),Mean,ppb,UHF34,208,Canarsie - Flatlands,Annual Average 2011,12/01/2010,19.21,
172590,375,Nitrogen dioxide (NO2),Mean,ppb,UHF34,208,Canarsie - Flatlands,Annual Average 2009,12/01/2008,20.22,
336649,375,Nitrogen dioxide (NO2),Mean,ppb,UHF34,208,Canarsie - Flatlands,Annual Average 2015,01/01/2015,16.52,
172666,375,Nitrogen dioxide (NO2),Mean,ppb,UHF34,401,Long Island City - Astoria,Annual Average 2011,12/01/2010,25.24,
172598,375,Nitrogen dioxide (NO2),Mean,ppb,UHF34,401,Long Island City - Astoria,Annual Average 2009,12/01/2008,26.29,
667423,375,Nitrogen dioxide (NO2),Mean,ppb,UHF34,401,Long Island City - Astoria,Annual Average 2020,01/01/2020,18.94,
667507,375,Nitrogen dioxide (NO2),Mean,ppb,UHF34,105106107,South Bronx,Annual Average 2020,01/01/2020,18.59,
643545,375,Nitrogen dioxide (NO2),Mean,ppb,UHF34,105106107,South Bronx,Winter 2018-19,12/01/2018,23.64,
336831,375,Nitrogen dioxide (NO2),Mean,ppb,CD,313,Coney Island (CD13),Winter 2014-15,12/01/2014,23.05,
171602,375,Nitrogen dioxide (NO2),Mean,ppb,UHF34,206,Borough Park,Winter 2009-10,12/01/2009,28.09,
171670,375,Nitrogen dioxide (NO2),Mean,ppb,UHF34,206,Borough Park,Winter 2011-12,12/01/2011,23.5,
171672,375,Nitrogen dioxide (NO2),Mean,ppb,UHF34,208,Canarsie - Flatlands,Winter 2011-12,12/01/2011,20.3,
171685,375,Nitrogen dioxide (NO2),Mean,ppb,UHF34,408,Jamaica,Winter 2011-12,12/01/2011,22.78,
211780,375,Nitrogen dioxide (NO2),Mean,ppb,UHF34,408,Jamaica,Annual Average 2014,12/01/2013,18.82,
602901,375,Nitrogen dioxide (NO2),Mean,ppb,UHF34,408,Jamaica,Summer 2018,06/01/2018,12.77,
549960,375,Nitrogen dioxide (NO2),Mean,ppb,UHF34,408,Jamaica,Winter 2016-17,12/01/2016,24.81,
667455,375,Nitrogen dioxide (NO2),Mean,ppb,UHF34,408,Jamaica,Summer 2020,06/01/2020,9.35,
171680,375,Nitrogen dioxide (NO2),Mean,ppb,UHF34,401,Long Island City - Astoria,Winter 2011-12,12/01/2011,26.18,
549943,375,Nitrogen dioxide (NO2),Mean,ppb,UHF34,401,Long Island City - Astoria,Summer 2017,06/01/2017,16.21,
549987,375,Nitrogen dioxide (NO2),Mean,ppb,UHF34,105106107,South Bronx,Winter 2016-17,12/01/2016,27.47,
667509,375,Nitrogen dioxide (NO2),Mean,ppb,UHF34,105106107,South Bronx,Summer 2020,06/01/2020,14.49,
549985,375,Nitrogen dioxide (NO2),Mean,ppb,UHF34,105106107,South Bronx,Summer 2017,06/01/2017,16.75,
602928,375,Nitrogen dioxide (NO2),Mean,ppb,UHF34,105106107,South Bronx,Summer 2018,06/01/2018,15.38,
172724,375,Nitrogen dioxide (NO2),Mean,ppb,UHF34,206,Borough Park,Annual Average 2013,12/01/2012,20.23,
171638,375,Nitrogen dioxide (NO2),Mean,ppb,UHF34,208,Canarsie - Flatlands,Winter 2010-11,12/01/2010,26.24,
171651,375,Nitrogen dioxide (NO2),Mean,ppb,UHF34,408,Jamaica,Winter 2010-11,12/01/2010,28.44,
172093,375,Nitrogen dioxide (NO2),Mean,ppb,UHF34,408,Jamaica,Summer 2009,06/01/2009,18.49,
167681,375,Nitrogen dioxide (NO2),Mean,ppb,CD,413,Queens Village (CD13),Annual Average 2011,12/01/2010,19.33,
167563,375,Nitrogen dioxide (NO2),Mean,ppb,CD,413,Queens Village (CD13),Annual Average 2009,12/01/2008,19.92,
213454,375,Nitrogen dioxide (NO2),Mean,ppb,CD,413,Queens Village (CD13),Summer 2014,06/01/2014,12.11,
643713,375,Nitrogen dioxide (NO2),Mean,ppb,CD,413,Queens Village (CD13),Winter 2018-19,12/01/2018,18.04,
667045,375,Nitrogen dioxide (NO2),Mean,ppb,Borough,4,Queens,Annual Average 2020,01/01/2020,14.82,
171646,375,Nitrogen dioxide (NO2),Mean,ppb,UHF34,401,Long Island City - Astoria,Winter 2010-11,12/01/2010,31.48,
172088,375,Nitrogen dioxide (NO2),Mean,ppb,UHF34,401,Long Island City - Astoria,Summer 2009,06/01/2009,21.87,
549979,375,Nitrogen dioxide (NO2),Mean,ppb,UHF34,501502,Northern SI,Summer 2017,06/01/2017,11.34,
602922,375,Nitrogen dioxide (NO2),Mean,ppb,UHF34,501502,Northern SI,Summer 2018,06/01/2018,10.37,
667497,375,Nitrogen dioxide (NO2),Mean,ppb,UHF34,501502,Northern SI,Summer 2020,06/01/2020,8.64,
549981,375,Nitrogen dioxide (NO2),Mean,ppb,UHF34,501502,Northern SI,Winter 2016-17,12/01/2016,20.47,
549781,375,Nitrogen dioxide (NO2),Mean,ppb,UHF42,201,Greenpoint,Summer 2017,06/01/2017,16.36,
602703,375,Nitrogen dioxide (NO2),Mean,ppb,UHF42,101,Kingsbridge - Riverdale,Summer 2018,06/01/2018,11.69,
175393,375,Nitrogen dioxide (NO2),Mean,ppb,UHF42,301,Washington Heights,Winter 2011-12,12/01/2011,25.92,
549814,375,Nitrogen dioxide (NO2),Mean,ppb,UHF42,301,Washington Heights,Summer 2017,06/01/2017,16.69,
549844,375,Nitrogen dioxide (NO2),Mean,ppb,UHF42,401,Long Island City - Astoria,Summer 2017,06/01/2017,16.21,
741057,375,Nitrogen dioxide (NO2),Mean,ppb,UHF34,209,Bensonhurst - Bay Ridge,Annual Average 2021,01/01/2021,16.03,
172083,375,Nitrogen dioxide (NO2),Mean,ppb,UHF34,211,Williamsburg - Bushwick,Summer 2009,06/01/2009,23.14,
741063,375,Nitrogen dioxide (NO2),Mean,ppb,UHF34,211,Williamsburg - Bushwick,Annual Average 2021,01/01/2021,19.04,
336711,375,Nitrogen dioxide (NO2),Mean,ppb,UHF34,501502,Northern SI,Winter 2014-15,12/01/2014,21.77,
549980,375,Nitrogen dioxide (NO2),Mean,ppb,UHF34,501502,Northern SI,Annual Average 2017,01/01/2017,15.45,
741114,375,Nitrogen dioxide (NO2),Mean,ppb,UHF34,501502,Northern SI,Annual Average 2021,01/01/2021,14.76,
336742,375,Nitrogen dioxide (NO2),Mean,ppb,CD,108,Upper East Side (CD8),Annual Average 2015,01/01/2015,25.77,
643572,375,Nitrogen dioxide (NO2),Mean,ppb,CD,108,Upper East Side (CD8),Winter 2018-19,12/01/2018,26.54,
336748,375,Nitrogen dioxide (NO2),Mean,ppb,CD,110,Central Harlem (CD10),Annual Average 2015,01/01/2015,23.25,
213411,375,Nitrogen dioxide (NO2),Mean,ppb,CD,112,Washington Heights and Inwood (CD12),Summer 2014,06/01/2014,16.63,
167542,375,Nitrogen dioxide (NO2),Mean,ppb,CD,310,Bay Ridge and Dyker Heights (CD10),Annual Average 2009,12/01/2008,23.62,
336820,375,Nitrogen dioxide (NO2),Mean,ppb,CD,310,Bay Ridge and Dyker Heights (CD10),Annual Average 2015,01/01/2015,19.16,
167530,375,Nitrogen dioxide (NO2),Mean,ppb,CD,210,Throgs Neck and Co-op City (CD10),Annual Average 2009,12/01/2008,21.33,
167648,375,Nitrogen dioxide (NO2),Mean,ppb,CD,210,Throgs Neck and Co-op City (CD10),Annual Average 2011,12/01/2010,20.44,
643614,375,Nitrogen dioxide (NO2),Mean,ppb,CD,210,Throgs Neck and Co-op City (CD10),Winter 2018-19,12/01/2018,19.26,
667645,375,Nitrogen dioxide (NO2),Mean,ppb,CD,210,Throgs Neck and Co-op City (CD10),Annual Average 2020,01/01/2020,15.54,
167650,375,Nitrogen dioxide (NO2),Mean,ppb,CD,212,Williamsbridge and Baychester (CD12),Annual Average 2011,12/01/2010,20.59,
667657,375,Nitrogen dioxide (NO2),Mean,ppb,CD,212,Williamsbridge and Baychester (CD12),Annual Average 2020,01/01/2020,16.48,
643620,375,Nitrogen dioxide (NO2),Mean,ppb,CD,212,Williamsbridge and Baychester (CD12),Winter 2018-19,12/01/2018,18.66,
213453,375,Nitrogen dioxide (NO2),Mean,ppb,CD,412,Jamaica and Hollis (CD12),Summer 2014,06/01/2014,13.55,
212423,375,Nitrogen dioxide (NO2),Mean,ppb,UHF42,201,Greenpoint,Summer 2014,06/01/2014,17.27,
643341,375,Nitrogen dioxide (NO2),Mean,ppb,UHF42,201,Greenpoint,Winter 2018-19,12/01/2018,26.69,
667099,375,Nitrogen dioxide (NO2),Mean,ppb,UHF42,201,Greenpoint,Annual Average 2020,01/01/2020,19.63,
176593,375,Nitrogen dioxide (NO2),Mean,ppb,UHF42,101,Kingsbridge - Riverdale,Annual Average 2011,12/01/2010,20.79,
172679,375,Nitrogen dioxide (NO2),Mean,ppb,UHF34,503504,Southern SI,Annual Average 2011,12/01/2010,14.86,
336519,375,Nitrogen dioxide (NO2),Mean,ppb,UHF42,203,Bedford Stuyvesant - Crown Heights,Winter 2014-15,12/01/2014,26.39,
175890,375,Nitrogen dioxide (NO2),Mean,ppb,UHF42,205,Sunset Park,Summer 2009,06/01/2009,22.28,
740901,375,Nitrogen dioxide (NO2),Mean,ppb,UHF42,103,Fordham - Bronx Pk,Annual Average 2021,01/01/2021,16.03,
336504,375,Nitrogen dioxide (NO2),Mean,ppb,UHF42,105,Crotona -Tremont,Winter 2014-15,12/01/2014,25.56,
602730,375,Nitrogen dioxide (NO2),Mean,ppb,UHF42,203,Bedford Stuyvesant - Crown Heights,Summer 2018,06/01/2018,14.02,
549787,375,Nitrogen dioxide (NO2),Mean,ppb,UHF42,203,Bedford Stuyvesant - Crown Heights,Summer 2017,06/01/2017,15.17,
175386,375,Nitrogen dioxide (NO2),Mean,ppb,UHF42,205,Sunset Park,Winter 2011-12,12/01/2011,24.12,
741135,375,Nitrogen dioxide (NO2),Mean,ppb,CD,104,Clinton and Chelsea (CD4),Annual Average 2021,01/01/2021,22.28,
741141,375,Nitrogen dioxide (NO2),Mean,ppb,CD,106,Stuyvesant Town and Turtle Bay (CD6),Annual Average 2021,01/01/2021,22.13,
165874,375,Nitrogen dioxide (NO2),Mean,ppb,CD,206,Belmont and East Tremont (CD6),Winter 2010-11,12/01/2010,30.22,
171625,375,Nitrogen dioxide (NO2),Mean,ppb,UHF34,503504,Southern SI,Winter 2009-10,12/01/2009,17.87,
549795,375,Nitrogen dioxide (NO2),Mean,ppb,UHF42,205,Sunset Park,Winter 2016-17,12/01/2016,24.33,
667125,375,Nitrogen dioxide (NO2),Mean,ppb,UHF42,205,Sunset Park,Summer 2020,06/01/2020,11.77,
175377,375,Nitrogen dioxide (NO2),Mean,ppb,UHF42,103,Fordham - Bronx Pk,Winter 2011-12,12/01/2011,23.32,
549850,375,Nitrogen dioxide (NO2),Mean,ppb,UHF42,403,Flushing - Clearview,Summer 2017,06/01/2017,13.95,
166641,375,Nitrogen dioxide (NO2),Mean,ppb,CD,206,Belmont and East Tremont (CD6),Summer 2009,06/01/2009,23.88,
336736,375,Nitrogen dioxide (NO2),Mean,ppb,CD,106,Stuyvesant Town and Turtle Bay (CD6),Annual Average 2015,01/01/2015,29.29,
667549,375,Nitrogen dioxide (NO2),Mean,ppb,CD,106,Stuyvesant Town and Turtle Bay (CD6),Annual Average 2020,01/01/2020,22.65,
667633,375,Nitrogen dioxide (NO2),Mean,ppb,CD,208,Riverdale and Fieldston (CD8),Annual Average 2020,01/01/2020,15.83,
667123,375,Nitrogen dioxide (NO2),Mean,ppb,UHF42,205,Sunset Park,Annual Average 2020,01/01/2020,16.77,
667069,375,Nitrogen dioxide (NO2),Mean,ppb,UHF42,103,Fordham - Bronx Pk,Annual Average 2020,01/01/2020,16.98,
667081,375,Nitrogen dioxide (NO2),Mean,ppb,UHF42,105,Crotona -Tremont,Annual Average 2020,01/01/2020,18.5,
667237,375,Nitrogen dioxide (NO2),Mean,ppb,UHF42,403,Flushing - Clearview,Annual Average 2020,01/01/2020,15.59,
212438,375,Nitrogen dioxide (NO2),Mean,ppb,UHF42,305,Upper East Side,Summer 2014,06/01/2014,23.49,
171659,375,Nitrogen dioxide (NO2),Mean,ppb,UHF34,503504,Southern SI,Winter 2010-11,12/01/2010,21.82,
550000,375,Nitrogen dioxide (NO2),Mean,ppb,CD,104,Clinton and Chelsea (CD4),Summer 2017,06/01/2017,23.8,
165815,375,Nitrogen dioxide (NO2),Mean,ppb,CD,206,Belmont and East Tremont (CD6),Winter 2009-10,12/01/2009,26.34,
165933,375,Nitrogen dioxide (NO2),Mean,ppb,CD,206,Belmont and East Tremont (CD6),Winter 2011-12,12/01/2011,25.3,
667623,375,Nitrogen dioxide (NO2),Mean,ppb,CD,206,Belmont and East Tremont (CD6),Summer 2020,06/01/2020,14.19,
175353,375,Nitrogen dioxide (NO2),Mean,ppb,UHF42,303,East Harlem,Winter 2010-11,12/01/2010,32.92,
175899,375,Nitrogen dioxide (NO2),Mean,ppb,UHF42,303,East Harlem,Summer 2009,06/01/2009,26.42,
740955,375,Nitrogen dioxide (NO2),Mean,ppb,UHF42,303,East Harlem,Annual Average 2021,01/01/2021,18.28,
172589,375,Nitrogen dioxide (NO2),Mean,ppb,UHF34,207,East Flatbush - Flatbush,Annual Average 2009,12/01/2008,25.14,
172657,375,Nitrogen dioxide (NO2),Mean,ppb,UHF34,207,East Flatbush - Flatbush,Annual Average 2011,12/01/2010,23.56,
336646,375,Nitrogen dioxide (NO2),Mean,ppb,UHF34,207,East Flatbush - Flatbush,Annual Average 2015,01/01/2015,19.72,
667369,375,Nitrogen dioxide (NO2),Mean,ppb,UHF34,207,East Flatbush - Flatbush,Annual Average 2020,01/01/2020,16.07,
740919,375,Nitrogen dioxide (NO2),Mean,ppb,UHF42,202,Downtown - Heights - Slope,Annual Average 2021,01/01/2021,18.78,
175912,375,Nitrogen dioxide (NO2),Mean,ppb,UHF42,406,Fresh Meadows,Summer 2009,06/01/2009,19.35,
175366,375,Nitrogen dioxide (NO2),Mean,ppb,UHF42,406,Fresh Meadows,Winter 2010-11,12/01/2010,29.4,
176710,375,Nitrogen dioxide (NO2),Mean,ppb,UHF42,406,Fresh Meadows,Annual Average 2013,12/01/2012,19.03,
550040,375,Nitrogen dioxide (NO2),Mean,ppb,CD,205,Fordham and University Heights (CD5),Annual Average 2017,01/01/2017,21.96,
741138,375,Nitrogen dioxide (NO2),Mean,ppb,CD,105,Midtown (CD5),Annual Average 2021,01/01/2021,25.23,
171603,375,Nitrogen dioxide (NO2),Mean,ppb,UHF34,207,East Flatbush - Flatbush,Winter 2009-10,12/01/2009,28.06,
549916,375,Nitrogen dioxide (NO2),Mean,ppb,UHF34,207,East Flatbush - Flatbush,Summer 2017,06/01/2017,13.75,
602859,375,Nitrogen dioxide (NO2),Mean,ppb,UHF34,207,East Flatbush - Flatbush,Summer 2018,06/01/2018,12.34,
667371,375,Nitrogen dioxide (NO2),Mean,ppb,UHF34,207,East Flatbush - Flatbush,Summer 2020,06/01/2020,10.66,
549955,375,Nitrogen dioxide (NO2),Mean,ppb,UHF34,407,Southwest Queens,Summer 2017,06/01/2017,13.34,
549763,375,Nitrogen dioxide (NO2),Mean,ppb,UHF42,102,Northeast Bronx,Summer 2017,06/01/2017,14.37,
602706,375,Nitrogen dioxide (NO2),Mean,ppb,UHF42,102,Northeast Bronx,Summer 2018,06/01/2018,13.05,
175394,375,Nitrogen dioxide (NO2),Mean,ppb,UHF42,302,Central Harlem - Morningside Heights,Winter 2011-12,12/01/2011,28.09,
212561,375,Nitrogen dioxide (NO2),Mean,ppb,UHF42,302,Central Harlem - Morningside Heights,Annual Average 2014,12/01/2013,23.86,
171637,375,Nitrogen dioxide (NO2),Mean,ppb,UHF34,207,East Flatbush - Flatbush,Winter 2010-11,12/01/2010,30.47,
172725,375,Nitrogen dioxide (NO2),Mean,ppb,UHF34,207,East Flatbush - Flatbush,Annual Average 2013,12/01/2012,20.57,
172079,375,Nitrogen dioxide (NO2),Mean,ppb,UHF34,207,East Flatbush - Flatbush,Summer 2009,06/01/2009,21.39,
741090,375,Nitrogen dioxide (NO2),Mean,ppb,UHF34,407,Southwest Queens,Annual Average 2021,01/01/2021,15.1,
336769,375,Nitrogen dioxide (NO2),Mean,ppb,CD,205,Fordham and University Heights (CD5),Annual Average 2015,01/01/2015,22.7,
212449,375,Nitrogen dioxide (NO2),Mean,ppb,UHF42,406,Fresh Meadows,Summer 2014,06/01/2014,14.13,
643419,375,Nitrogen dioxide (NO2),Mean,ppb,UHF42,406,Fresh Meadows,Winter 2018-19,12/01/2018,20.31,
602982,375,Nitrogen dioxide (NO2),Mean,ppb,CD,205,Fordham and University Heights (CD5),Summer 2018,06/01/2018,15.93,
176532,375,Nitrogen dioxide (NO2),Mean,ppb,UHF42,306,Chelsea - Clinton,Annual Average 2009,12/01/2008,39.87,
175352,375,Nitrogen dioxide (NO2),Mean,ppb,UHF42,302,Central Harlem - Morningside Heights,Winter 2010-11,12/01/2010,33.16,
549818,375,Nitrogen dioxide (NO2),Mean,ppb,UHF42,302,Central Harlem - Morningside Heights,Annual Average 2017,01/01/2017,22.64,
175902,375,Nitrogen dioxide (NO2),Mean,ppb,UHF42,306,Chelsea - Clinton,Summer 2009,06/01/2009,37.13,
336561,375,Nitrogen dioxide (NO2),Mean,ppb,UHF42,306,Chelsea - Clinton,Winter 2014-15,12/01/2014,32.14,
667597,375,Nitrogen dioxide (NO2),Mean,ppb,CD,202,Hunts Point and Longwood (CD2),Annual Average 2020,01/01/2020,18.77,
167522,375,Nitrogen dioxide (NO2),Mean,ppb,CD,202,Hunts Point and Longwood (CD2),Annual Average 2009,12/01/2008,26.09,
167510,375,Nitrogen dioxide (NO2),Mean,ppb,CD,102,Greenwich Village and Soho (CD2),Annual Average 2009,12/01/2008,34.83,
167628,375,Nitrogen dioxide (NO2),Mean,ppb,CD,102,Greenwich Village and Soho (CD2),Annual Average 2011,12/01/2010,32.3,
643554,375,Nitrogen dioxide (NO2),Mean,ppb,CD,102,Greenwich Village and Soho (CD2),Winter 2018-19,12/01/2018,27.38,
167683,375,Nitrogen dioxide (NO2),Mean,ppb,CD,501,St. George and Stapleton (CD1),Annual Average 2011,12/01/2010,20.48,
176521,375,Nitrogen dioxide (NO2),Mean,ppb,UHF42,206,Borough Park,Annual Average 2009,12/01/2008,24.79,
176605,375,Nitrogen dioxide (NO2),Mean,ppb,UHF42,206,Borough Park,Annual Average 2011,12/01/2010,23.32,
212421,375,Nitrogen dioxide (NO2),Mean,ppb,UHF42,106,High Bridge - Morrisania,Summer 2014,06/01/2014,18.26,
336505,375,Nitrogen dioxide (NO2),Mean,ppb,UHF42,106,High Bridge - Morrisania,Annual Average 2015,01/01/2015,22.28,
643335,375,Nitrogen dioxide (NO2),Mean,ppb,UHF42,106,High Bridge - Morrisania,Winter 2018-19,12/01/2018,23.89,
336526,375,Nitrogen dioxide (NO2),Mean,ppb,UHF42,206,Borough Park,Annual Average 2015,01/01/2015,19.74,
643356,375,Nitrogen dioxide (NO2),Mean,ppb,UHF42,206,Borough Park,Winter 2018-19,12/01/2018,21.76,
176608,375,Nitrogen dioxide (NO2),Mean,ppb,UHF42,209,Bensonhurst - Bay Ridge,Annual Average 2011,12/01/2010,21.62,
212431,375,Nitrogen dioxide (NO2),Mean,ppb,UHF42,209,Bensonhurst - Bay Ridge,Summer 2014,06/01/2014,13.79,
336538,375,Nitrogen dioxide (NO2),Mean,ppb,UHF42,210,Coney Island - Sheepshead Bay,Annual Average 2015,01/01/2015,17.08,
643368,375,Nitrogen dioxide (NO2),Mean,ppb,UHF42,210,Coney Island - Sheepshead Bay,Winter 2018-19,12/01/2018,18.52,
336598,375,Nitrogen dioxide (NO2),Mean,ppb,UHF42,409,Southeast Queens,Annual Average 2015,01/01/2015,17.16,
336481,375,Nitrogen dioxide (NO2),Mean,ppb,Borough,3,Manhattan,Annual Average 2015,01/01/2015,25.18,
667039,375,Nitrogen dioxide (NO2),Mean,ppb,Borough,3,Manhattan,Annual Average 2020,01/01/2020,20.54,
336669,375,Nitrogen dioxide (NO2),Mean,ppb,UHF34,303,East Harlem,Winter 2014-15,12/01/2014,26.96,
171645,375,Nitrogen dioxide (NO2),Mean,ppb,UHF34,304,Upper West Side,Winter 2010-11,12/01/2010,33.65,
667419,375,Nitrogen dioxide (NO2),Mean,ppb,UHF34,304,Upper West Side,Summer 2020,06/01/2020,15.07,
213456,375,Nitrogen dioxide (NO2),Mean,ppb,CD,501,St. George and Stapleton (CD1),Summer 2014,06/01/2014,12.52,
667855,375,Nitrogen dioxide (NO2),Mean,ppb,CD,501,St. George and Stapleton (CD1),Annual Average 2020,01/01/2020,13.68,
643719,375,Nitrogen dioxide (NO2),Mean,ppb,CD,501,St. George and Stapleton (CD1),Winter 2018-19,12/01/2018,19.48,
213457,375,Nitrogen dioxide (NO2),Mean,ppb,CD,502,South Beach and Willowbrook (CD2),Summer 2014,06/01/2014,9.15,
550027,375,Nitrogen dioxide (NO2),Mean,ppb,CD,201,Mott Haven and Melrose (CD1),Summer 2017,06/01/2017,16.98,
550029,375,Nitrogen dioxide (NO2),Mean,ppb,CD,201,Mott Haven and Melrose (CD1),Winter 2016-17,12/01/2016,27.5,
165929,375,Nitrogen dioxide (NO2),Mean,ppb,CD,202,Hunts Point and Longwood (CD2),Winter 2011-12,12/01/2011,24.95,
667521,375,Nitrogen dioxide (NO2),Mean,ppb,CD,101,Financial District (CD1),Summer 2020,06/01/2020,16.72,
602934,375,Nitrogen dioxide (NO2),Mean,ppb,CD,101,Financial District (CD1),Summer 2018,06/01/2018,21.99,
165917,375,Nitrogen dioxide (NO2),Mean,ppb,CD,102,Greenwich Village and Soho (CD2),Winter 2011-12,12/01/2011,31.62,
165799,375,Nitrogen dioxide (NO2),Mean,ppb,CD,102,Greenwich Village and Soho (CD2),Winter 2009-10,12/01/2009,33.64,
602937,375,Nitrogen dioxide (NO2),Mean,ppb,CD,102,Greenwich Village and Soho (CD2),Summer 2018,06/01/2018,21.54,
550120,375,Nitrogen dioxide (NO2),Mean,ppb,CD,402,Woodside and Sunnyside (CD2),Summer 2017,06/01/2017,15.92,
550122,375,Nitrogen dioxide (NO2),Mean,ppb,CD,402,Woodside and Sunnyside (CD2),Winter 2016-17,12/01/2016,26.54,
550063,375,Nitrogen dioxide (NO2),Mean,ppb,CD,301,Greenpoint and Williamsburg (CD1),Summer 2017,06/01/2017,16.3,
550065,375,Nitrogen dioxide (NO2),Mean,ppb,CD,301,Greenpoint and Williamsburg (CD1),Winter 2016-17,12/01/2016,26.77,
176713,375,Nitrogen dioxide (NO2),Mean,ppb,UHF42,409,Southeast Queens,Annual Average 2013,12/01/2012,16.8,
741003,375,Nitrogen dioxide (NO2),Mean,ppb,UHF42,409,Southeast Queens,Annual Average 2021,01/01/2021,14.25,
179345,375,Nitrogen dioxide (NO2),Mean,ppb,Borough,3,Manhattan,Summer 2009,06/01/2009,30.87,
336483,375,Nitrogen dioxide (NO2),Mean,ppb,Borough,3,Manhattan,Winter 2014-15,12/01/2014,28.69,
213633,375,Nitrogen dioxide (NO2),Mean,ppb,CD,501,St. George and Stapleton (CD1),Annual Average 2014,12/01/2013,17.12,
667857,375,Nitrogen dioxide (NO2),Mean,ppb,CD,501,St. George and Stapleton (CD1),Summer 2020,06/01/2020,9.18,
213634,375,Nitrogen dioxide (NO2),Mean,ppb,CD,502,South Beach and Willowbrook (CD2),Annual Average 2014,12/01/2013,13.98,
550064,375,Nitrogen dioxide (NO2),Mean,ppb,CD,301,Greenpoint and Williamsburg (CD1),Annual Average 2017,01/01/2017,21.15,
167801,375,Nitrogen dioxide (NO2),Mean,ppb,CD,501,St. George and Stapleton (CD1),Annual Average 2013,12/01/2012,17.64,
173129,365,Fine particles (PM 2.5),Mean,mcg/m3,UHF34,203,Bedford Stuyvesant - Crown Heights,Winter 2009-10,12/01/2009,10.3,
669692,365,Fine particles (PM 2.5),Mean,mcg/m3,UHF34,203,Bedford Stuyvesant - Crown Heights,Summer 2020,06/01/2020,6.98,
212069,365,Fine particles (PM 2.5),Mean,mcg/m3,UHF34,204,East New York,Annual Average 2014,12/01/2013,9.04,
547517,365,Fine particles (PM 2.5),Mean,mcg/m3,UHF34,204,East New York,Winter 2016-17,12/01/2016,8.11,
173125,365,Fine particles (PM 2.5),Mean,mcg/m3,UHF34,103,Fordham - Bronx Pk,Winter 2009-10,12/01/2009,11.4,
547502,365,Fine particles (PM 2.5),Mean,mcg/m3,UHF34,103,Fordham - Bronx Pk,Winter 2016-17,12/01/2016,8.09,
173126,365,Fine particles (PM 2.5),Mean,mcg/m3,UHF34,104,Pelham - Throgs Neck,Winter 2009-10,12/01/2009,10.14,
177781,365,Fine particles (PM 2.5),Mean,mcg/m3,UHF42,206,Borough Park,Summer 2009,06/01/2009,10.77,
547637,365,Fine particles (PM 2.5),Mean,mcg/m3,CD,201,Mott Haven and Melrose (CD1),Winter 2016-17,12/01/2016,8.98,
605931,365,Fine particles (PM 2.5),Mean,mcg/m3,CD,201,Mott Haven and Melrose (CD1),Summer 2018,06/01/2018,9.41,
547730,365,Fine particles (PM 2.5),Mean,mcg/m3,CD,402,Woodside and Sunnyside (CD2),Winter 2016-17,12/01/2016,9.36,
605895,365,Fine particles (PM 2.5),Mean,mcg/m3,CD,101,Financial District (CD1),Summer 2018,06/01/2018,10.11,
168572,365,Fine particles (PM 2.5),Mean,mcg/m3,CD,102,Greenwich Village and Soho (CD2),Winter 2011-12,12/01/2011,11.18,
168454,365,Fine particles (PM 2.5),Mean,mcg/m3,CD,102,Greenwich Village and Soho (CD2),Winter 2009-10,12/01/2009,11.47,
605898,365,Fine particles (PM 2.5),Mean,mcg/m3,CD,102,Greenwich Village and Soho (CD2),Summer 2018,06/01/2018,10.01,
168627,365,Fine particles (PM 2.5),Mean,mcg/m3,CD,501,St. George and Stapleton (CD1),Winter 2011-12,12/01/2011,8.39,
214164,365,Fine particles (PM 2.5),Mean,mcg/m3,CD,501,St. George and Stapleton (CD1),Annual Average 2014,12/01/2013,8.61,
176606,375,Nitrogen dioxide (NO2),Mean,ppb,UHF42,207,East Flatbush - Flatbush,Annual Average 2011,12/01/2010,23.56,
212429,375,Nitrogen dioxide (NO2),Mean,ppb,UHF42,207,East Flatbush - Flatbush,Summer 2014,06/01/2014,15.06,
212430,375,Nitrogen dioxide (NO2),Mean,ppb,UHF42,208,Canarsie - Flatlands,Summer 2014,06/01/2014,11.12,
643362,375,Nitrogen dioxide (NO2),Mean,ppb,UHF42,208,Canarsie - Flatlands,Winter 2018-19,12/01/2018,18.66,
176543,375,Nitrogen dioxide (NO2),Mean,ppb,UHF42,407,Southwest Queens,Annual Average 2009,12/01/2008,22.93,
176627,375,Nitrogen dioxide (NO2),Mean,ppb,UHF42,407,Southwest Queens,Annual Average 2011,12/01/2010,22.21,
643422,375,Nitrogen dioxide (NO2),Mean,ppb,UHF42,407,Southwest Queens,Winter 2018-19,12/01/2018,20.41,
171643,375,Nitrogen dioxide (NO2),Mean,ppb,UHF34,302,Central Harlem - Morningside Heights,Winter 2010-11,12/01/2010,33.16,
165930,375,Nitrogen dioxide (NO2),Mean,ppb,CD,203,Morrisania and Crotona (CD3),Winter 2011-12,12/01/2011,25.6,
213591,375,Nitrogen dioxide (NO2),Mean,ppb,CD,203,Morrisania and Crotona (CD3),Annual Average 2014,12/01/2013,21.57,
602976,375,Nitrogen dioxide (NO2),Mean,ppb,CD,203,Morrisania and Crotona (CD3),Summer 2018,06/01/2018,14.92,
667605,375,Nitrogen dioxide (NO2),Mean,ppb,CD,203,Morrisania and Crotona (CD3),Summer 2020,06/01/2020,13.96,
550038,375,Nitrogen dioxide (NO2),Mean,ppb,CD,204,Highbridge and Concourse (CD4),Winter 2016-17,12/01/2016,28.05,
213579,375,Nitrogen dioxide (NO2),Mean,ppb,CD,103,Lower East Side and Chinatown (CD3),Annual Average 2014,12/01/2013,25.72,
667533,375,Nitrogen dioxide (NO2),Mean,ppb,CD,103,Lower East Side and Chinatown (CD3),Summer 2020,06/01/2020,14.09,
176711,375,Nitrogen dioxide (NO2),Mean,ppb,UHF42,407,Southwest Queens,Annual Average 2013,12/01/2012,19.65,
175914,375,Nitrogen dioxide (NO2),Mean,ppb,UHF42,408,Jamaica,Summer 2009,06/01/2009,18.49,
176701,375,Nitrogen dioxide (NO2),Mean,ppb,UHF42,307,Gramercy Park - Murray Hill,Annual Average 2013,12/01/2012,36.08,
175357,375,Nitrogen dioxide (NO2),Mean,ppb,UHF42,307,Gramercy Park - Murray Hill,Winter 2010-11,12/01/2010,42.24,
336564,375,Nitrogen dioxide (NO2),Mean,ppb,UHF42,307,Gramercy Park - Murray Hill,Winter 2014-15,12/01/2014,33.9,
549833,375,Nitrogen dioxide (NO2),Mean,ppb,UHF42,307,Gramercy Park - Murray Hill,Annual Average 2017,01/01/2017,30.31,
740970,375,Nitrogen dioxide (NO2),Mean,ppb,UHF42,308,Greenwich Village - SoHo,Annual Average 2021,01/01/2021,21.3,
167785,375,Nitrogen dioxide (NO2),Mean,ppb,CD,317,East Flatbush (CD17),Annual Average 2013,12/01/2012,20.69,
166665,375,Nitrogen dioxide (NO2),Mean,ppb,CD,318,Flatlands and Canarsie (CD18),Summer 2009,06/01/2009,15.52,
605802,365,Fine particles (PM 2.5),Mean,mcg/m3,UHF34,201,Greenpoint,Summer 2018,06/01/2018,9.85,
547506,365,Fine particles (PM 2.5),Mean,mcg/m3,UHF34,201,Greenpoint,Summer 2017,06/01/2017,10.79,
669698,365,Fine particles (PM 2.5),Mean,mcg/m3,UHF34,201,Greenpoint,Summer 2020,06/01/2020,7.95,
547509,365,Fine particles (PM 2.5),Mean,mcg/m3,UHF34,202,Downtown - Heights - Slope,Summer 2017,06/01/2017,10.12,
173211,365,Fine particles (PM 2.5),Mean,mcg/m3,UHF34,402,West Queens,Winter 2011-12,12/01/2011,9.57,
605850,365,Fine particles (PM 2.5),Mean,mcg/m3,UHF34,402,West Queens,Summer 2018,06/01/2018,8.89,
547496,365,Fine particles (PM 2.5),Mean,mcg/m3,UHF34,101,Kingsbridge - Riverdale,Winter 2016-17,12/01/2016,7.91,
173192,365,Fine particles (PM 2.5),Mean,mcg/m3,UHF34,102,Northeast Bronx,Winter 2011-12,12/01/2011,8.94,
547499,365,Fine particles (PM 2.5),Mean,mcg/m3,UHF34,102,Northeast Bronx,Winter 2016-17,12/01/2016,8.14,
605793,365,Fine particles (PM 2.5),Mean,mcg/m3,UHF34,102,Northeast Bronx,Summer 2018,06/01/2018,8.33,
177229,365,Fine particles (PM 2.5),Mean,mcg/m3,UHF42,107,Hunts Point - Mott Haven,Winter 2010-11,12/01/2010,12.41,
742182,365,Fine particles (PM 2.5),Mean,mcg/m3,UHF42,107,Hunts Point - Mott Haven,Annual Average 2021,01/01/2021,6.98,
168467,365,Fine particles (PM 2.5),Mean,mcg/m3,CD,203,Morrisania and Crotona (CD3),Winter 2009-10,12/01/2009,11.65,
168585,365,Fine particles (PM 2.5),Mean,mcg/m3,CD,203,Morrisania and Crotona (CD3),Winter 2011-12,12/01/2011,10.72,
605937,365,Fine particles (PM 2.5),Mean,mcg/m3,CD,203,Morrisania and Crotona (CD3),Summer 2018,06/01/2018,8.84,
214123,365,Fine particles (PM 2.5),Mean,mcg/m3,CD,204,Highbridge and Concourse (CD4),Annual Average 2014,12/01/2013,9.99,
547646,365,Fine particles (PM 2.5),Mean,mcg/m3,CD,204,Highbridge and Concourse (CD4),Winter 2016-17,12/01/2016,8.66,
547644,365,Fine particles (PM 2.5),Mean,mcg/m3,CD,204,Highbridge and Concourse (CD4),Summer 2017,06/01/2017,10.22,
168573,365,Fine particles (PM 2.5),Mean,mcg/m3,CD,103,Lower East Side and Chinatown (CD3),Winter 2011-12,12/01/2011,10.32,
214110,365,Fine particles (PM 2.5),Mean,mcg/m3,CD,103,Lower East Side and Chinatown (CD3),Annual Average 2014,12/01/2013,10.31,
547607,365,Fine particles (PM 2.5),Mean,mcg/m3,CD,103,Lower East Side and Chinatown (CD3),Winter 2016-17,12/01/2016,8.55,
669599,365,Fine particles (PM 2.5),Mean,mcg/m3,CD,103,Lower East Side and Chinatown (CD3),Summer 2020,06/01/2020,7.93,
168498,365,Fine particles (PM 2.5),Mean,mcg/m3,CD,404,Elmhurst and Corona (CD4),Winter 2009-10,12/01/2009,9.89,
606030,365,Fine particles (PM 2.5),Mean,mcg/m3,CD,404,Elmhurst and Corona (CD4),Summer 2018,06/01/2018,8.53,
169293,365,Fine particles (PM 2.5),Mean,mcg/m3,CD,203,Morrisania and Crotona (CD3),Summer 2009,06/01/2009,11.02,
168526,365,Fine particles (PM 2.5),Mean,mcg/m3,CD,203,Morrisania and Crotona (CD3),Winter 2010-11,12/01/2010,14.29,
170402,365,Fine particles (PM 2.5),Mean,mcg/m3,CD,103,Lower East Side and Chinatown (CD3),Annual Average 2013,12/01/2012,9.9,
669818,365,Fine particles (PM 2.5),Mean,mcg/m3,UHF42,107,Hunts Point - Mott Haven,Summer 2020,06/01/2020,7.52,
669851,365,Fine particles (PM 2.5),Mean,mcg/m3,Borough,1,Bronx,Summer 2020,06/01/2020,7.24,
547355,365,Fine particles (PM 2.5),Mean,mcg/m3,Borough,1,Bronx,Winter 2016-17,12/01/2016,8.3,
179499,365,Fine particles (PM 2.5),Mean,mcg/m3,Borough,2,Brooklyn,Winter 2009-10,12/01/2009,9.97,
669848,365,Fine particles (PM 2.5),Mean,mcg/m3,Borough,2,Brooklyn,Summer 2020,06/01/2020,6.94,
177194,365,Fine particles (PM 2.5),Mean,mcg/m3,UHF42,207,East Flatbush - Flatbush,Winter 2009-10,12/01/2009,10.26,
212933,365,Fine particles (PM 2.5),Mean,mcg/m3,UHF42,207,East Flatbush - Flatbush,Annual Average 2014,12/01/2013,8.97,
547412,365,Fine particles (PM 2.5),Mean,mcg/m3,UHF42,208,Canarsie - Flatlands,Winter 2016-17,12/01/2016,7.61,
605736,365,Fine particles (PM 2.5),Mean,mcg/m3,UHF42,307,Gramercy Park - Murray Hill,Summer 2018,06/01/2018,11.64,
547443,365,Fine particles (PM 2.5),Mean,mcg/m3,UHF42,308,Greenwich Village - SoHo,Summer 2017,06/01/2017,10.66,
168493,365,Fine particles (PM 2.5),Mean,mcg/m3,CD,317,East Flatbush (CD17),Winter 2009-10,12/01/2009,10.34,
168611,365,Fine particles (PM 2.5),Mean,mcg/m3,CD,317,East Flatbush (CD17),Winter 2011-12,12/01/2011,9.33,
669930,365,Fine particles (PM 2.5),Mean,mcg/m3,CD,317,East Flatbush (CD17),Summer 2020,06/01/2020,6.81,
168494,365,Fine particles (PM 2.5),Mean,mcg/m3,CD,318,Flatlands and Canarsie (CD18),Winter 2009-10,12/01/2009,9.41,
336544,375,Nitrogen dioxide (NO2),Mean,ppb,UHF42,301,Washington Heights,Annual Average 2015,01/01/2015,21.14,
643374,375,Nitrogen dioxide (NO2),Mean,ppb,UHF42,301,Washington Heights,Winter 2018-19,12/01/2018,22.24,
667285,375,Nitrogen dioxide (NO2),Mean,ppb,UHF42,501,Port Richmond,Annual Average 2020,01/01/2020,14.15,
336574,375,Nitrogen dioxide (NO2),Mean,ppb,UHF42,401,Long Island City - Astoria,Annual Average 2015,01/01/2015,21.39,
667563,375,Nitrogen dioxide (NO2),Mean,ppb,CD,108,Upper East Side (CD8),Summer 2020,06/01/2020,16.39,
550020,375,Nitrogen dioxide (NO2),Mean,ppb,CD,110,Central Harlem (CD10),Winter 2016-17,12/01/2016,28.69,
602961,375,Nitrogen dioxide (NO2),Mean,ppb,CD,110,Central Harlem (CD10),Summer 2018,06/01/2018,16.91,
213588,375,Nitrogen dioxide (NO2),Mean,ppb,CD,112,Washington Heights and Inwood (CD12),Annual Average 2014,12/01/2013,20.6,
550024,375,Nitrogen dioxide (NO2),Mean,ppb,CD,112,Washington Heights and Inwood (CD12),Summer 2017,06/01/2017,16.22,
165949,375,Nitrogen dioxide (NO2),Mean,ppb,CD,310,Bay Ridge and Dyker Heights (CD10),Winter 2011-12,12/01/2011,22.8,
550090,375,Nitrogen dioxide (NO2),Mean,ppb,CD,310,Bay Ridge and Dyker Heights (CD10),Summer 2017,06/01/2017,13.52,
550092,375,Nitrogen dioxide (NO2),Mean,ppb,CD,310,Bay Ridge and Dyker Heights (CD10),Winter 2016-17,12/01/2016,23.91,
165937,375,Nitrogen dioxide (NO2),Mean,ppb,CD,210,Throgs Neck and Co-op City (CD10),Winter 2011-12,12/01/2011,21.43,
165819,375,Nitrogen dioxide (NO2),Mean,ppb,CD,210,Throgs Neck and Co-op City (CD10),Winter 2009-10,12/01/2009,22.79,
213600,375,Nitrogen dioxide (NO2),Mean,ppb,CD,212,Williamsbridge and Baychester (CD12),Annual Average 2014,12/01/2013,18.34,
550144,375,Nitrogen dioxide (NO2),Mean,ppb,CD,410,South Ozone Park and Howard Beach (CD10),Summer 2017,06/01/2017,12.78,
213630,375,Nitrogen dioxide (NO2),Mean,ppb,CD,412,Jamaica and Hollis (CD12),Annual Average 2014,12/01/2013,18.89,
550152,375,Nitrogen dioxide (NO2),Mean,ppb,CD,412,Jamaica and Hollis (CD12),Winter 2016-17,12/01/2016,24.97,
166645,375,Nitrogen dioxide (NO2),Mean,ppb,CD,210,Throgs Neck and Co-op City (CD10),Summer 2009,06/01/2009,17.24,
165878,375,Nitrogen dioxide (NO2),Mean,ppb,CD,210,Throgs Neck and Co-op City (CD10),Winter 2010-11,12/01/2010,26.39,
167766,375,Nitrogen dioxide (NO2),Mean,ppb,CD,210,Throgs Neck and Co-op City (CD10),Annual Average 2013,12/01/2012,17.44,
550145,375,Nitrogen dioxide (NO2),Mean,ppb,CD,410,South Ozone Park and Howard Beach (CD10),Annual Average 2017,01/01/2017,17.42,
167798,375,Nitrogen dioxide (NO2),Mean,ppb,CD,412,Jamaica and Hollis (CD12),Annual Average 2013,12/01/2012,19.07,
547530,365,Fine particles (PM 2.5),Mean,mcg/m3,UHF34,209,Bensonhurst - Bay Ridge,Summer 2017,06/01/2017,8.52,
605826,365,Fine particles (PM 2.5),Mean,mcg/m3,UHF34,209,Bensonhurst - Bay Ridge,Summer 2018,06/01/2018,7.83,
547538,365,Fine particles (PM 2.5),Mean,mcg/m3,UHF34,211,Williamsburg - Bushwick,Winter 2016-17,12/01/2016,8.62,
547536,365,Fine particles (PM 2.5),Mean,mcg/m3,UHF34,211,Williamsburg - Bushwick,Summer 2017,06/01/2017,9.87,
605832,365,Fine particles (PM 2.5),Mean,mcg/m3,UHF34,211,Williamsburg - Bushwick,Summer 2018,06/01/2018,9.31,
177776,365,Fine particles (PM 2.5),Mean,mcg/m3,UHF42,201,Greenpoint,Summer 2009,06/01/2009,12.17,
547390,365,Fine particles (PM 2.5),Mean,mcg/m3,UHF42,201,Greenpoint,Annual Average 2017,01/01/2017,8.98,
742185,365,Fine particles (PM 2.5),Mean,mcg/m3,UHF42,201,Greenpoint,Annual Average 2021,01/01/2021,7.67,
334206,365,Fine particles (PM 2.5),Mean,mcg/m3,CD,108,Upper East Side (CD8),Winter 2014-15,12/01/2014,11.07,
547621,365,Fine particles (PM 2.5),Mean,mcg/m3,CD,108,Upper East Side (CD8),Annual Average 2017,01/01/2017,8.87,
334212,365,Fine particles (PM 2.5),Mean,mcg/m3,CD,110,Central Harlem (CD10),Winter 2014-15,12/01/2014,10.18,
547620,365,Fine particles (PM 2.5),Mean,mcg/m3,CD,108,Upper East Side (CD8),Summer 2017,06/01/2017,10.42,
214119,365,Fine particles (PM 2.5),Mean,mcg/m3,CD,112,Washington Heights and Inwood (CD12),Annual Average 2014,12/01/2013,9.46,
547634,365,Fine particles (PM 2.5),Mean,mcg/m3,CD,112,Washington Heights and Inwood (CD12),Winter 2016-17,12/01/2016,8.17,
547632,365,Fine particles (PM 2.5),Mean,mcg/m3,CD,112,Washington Heights and Inwood (CD12),Summer 2017,06/01/2017,9.85,
669584,365,Fine particles (PM 2.5),Mean,mcg/m3,CD,112,Washington Heights and Inwood (CD12),Summer 2020,06/01/2020,7.35,
168604,365,Fine particles (PM 2.5),Mean,mcg/m3,CD,310,Bay Ridge and Dyker Heights (CD10),Winter 2011-12,12/01/2011,9,
547700,365,Fine particles (PM 2.5),Mean,mcg/m3,CD,310,Bay Ridge and Dyker Heights (CD10),Winter 2016-17,12/01/2016,7.53,
605994,365,Fine particles (PM 2.5),Mean,mcg/m3,CD,310,Bay Ridge and Dyker Heights (CD10),Summer 2018,06/01/2018,7.89,
669909,365,Fine particles (PM 2.5),Mean,mcg/m3,CD,310,Bay Ridge and Dyker Heights (CD10),Summer 2020,06/01/2020,6.79,
168592,365,Fine particles (PM 2.5),Mean,mcg/m3,CD,210,Throgs Neck and Co-op City (CD10),Winter 2011-12,12/01/2011,9.12,
214129,365,Fine particles (PM 2.5),Mean,mcg/m3,CD,210,Throgs Neck and Co-op City (CD10),Annual Average 2014,12/01/2013,8.92,
168474,365,Fine particles (PM 2.5),Mean,mcg/m3,CD,210,Throgs Neck and Co-op City (CD10),Winter 2009-10,12/01/2009,9.77,
669873,365,Fine particles (PM 2.5),Mean,mcg/m3,CD,210,Throgs Neck and Co-op City (CD10),Summer 2020,06/01/2020,7.08,
605958,365,Fine particles (PM 2.5),Mean,mcg/m3,CD,210,Throgs Neck and Co-op City (CD10),Summer 2018,06/01/2018,8.26,
168594,365,Fine particles (PM 2.5),Mean,mcg/m3,CD,212,Williamsbridge and Baychester (CD12),Winter 2011-12,12/01/2011,8.91,
547670,365,Fine particles (PM 2.5),Mean,mcg/m3,CD,212,Williamsbridge and Baychester (CD12),Winter 2016-17,12/01/2016,8.04,
669879,365,Fine particles (PM 2.5),Mean,mcg/m3,CD,212,Williamsbridge and Baychester (CD12),Summer 2020,06/01/2020,7.18,
547752,365,Fine particles (PM 2.5),Mean,mcg/m3,CD,410,South Ozone Park and Howard Beach (CD10),Summer 2017,06/01/2017,8.29,
606048,365,Fine particles (PM 2.5),Mean,mcg/m3,CD,410,South Ozone Park and Howard Beach (CD10),Summer 2018,06/01/2018,7.88,
214161,365,Fine particles (PM 2.5),Mean,mcg/m3,CD,412,Jamaica and Hollis (CD12),Annual Average 2014,12/01/2013,8.45,
547758,365,Fine particles (PM 2.5),Mean,mcg/m3,CD,412,Jamaica and Hollis (CD12),Summer 2017,06/01/2017,8.62,
547633,365,Fine particles (PM 2.5),Mean,mcg/m3,CD,112,Washington Heights and Inwood (CD12),Annual Average 2017,01/01/2017,7.77,
168545,365,Fine particles (PM 2.5),Mean,mcg/m3,CD,310,Bay Ridge and Dyker Heights (CD10),Winter 2010-11,12/01/2010,12.46,
742500,365,Fine particles (PM 2.5),Mean,mcg/m3,CD,312,Borough Park (CD12),Annual Average 2021,01/01/2021,6.45,
168533,365,Fine particles (PM 2.5),Mean,mcg/m3,CD,210,Throgs Neck and Co-op City (CD10),Winter 2010-11,12/01/2010,13.1,
669815,365,Fine particles (PM 2.5),Mean,mcg/m3,UHF42,201,Greenpoint,Summer 2020,06/01/2020,7.95,
177181,365,Fine particles (PM 2.5),Mean,mcg/m3,UHF42,101,Kingsbridge - Riverdale,Winter 2009-10,12/01/2009,11.5,
547370,365,Fine particles (PM 2.5),Mean,mcg/m3,UHF42,101,Kingsbridge - Riverdale,Winter 2016-17,12/01/2016,7.91,
336558,375,Nitrogen dioxide (NO2),Mean,ppb,UHF42,305,Upper East Side,Winter 2014-15,12/01/2014,29.21,
175311,375,Nitrogen dioxide (NO2),Mean,ppb,UHF42,303,East Harlem,Winter 2009-10,12/01/2009,29.06,
212562,375,Nitrogen dioxide (NO2),Mean,ppb,UHF42,303,East Harlem,Annual Average 2014,12/01/2013,23.76,
602763,375,Nitrogen dioxide (NO2),Mean,ppb,UHF42,303,East Harlem,Summer 2018,06/01/2018,16.41,
213624,375,Nitrogen dioxide (NO2),Mean,ppb,CD,406,Rego Park and Forest Hills (CD6),Annual Average 2014,12/01/2013,20.88,
165847,375,Nitrogen dioxide (NO2),Mean,ppb,CD,408,Hillcrest and Fresh Meadows (CD8),Winter 2009-10,12/01/2009,24.96,
741183,375,Nitrogen dioxide (NO2),Mean,ppb,CD,208,Riverdale and Fieldston (CD8),Annual Average 2021,01/01/2021,14.7,
165906,375,Nitrogen dioxide (NO2),Mean,ppb,CD,408,Hillcrest and Fresh Meadows (CD8),Winter 2010-11,12/01/2010,28.88,
166673,375,Nitrogen dioxide (NO2),Mean,ppb,CD,408,Hillcrest and Fresh Meadows (CD8),Summer 2009,06/01/2009,18.96,
336870,375,Nitrogen dioxide (NO2),Mean,ppb,CD,408,Hillcrest and Fresh Meadows (CD8),Winter 2014-15,12/01/2014,23.58,
547396,365,Fine particles (PM 2.5),Mean,mcg/m3,UHF42,203,Bedford Stuyvesant - Crown Heights,Annual Average 2017,01/01/2017,7.53,
177234,365,Fine particles (PM 2.5),Mean,mcg/m3,UHF42,205,Sunset Park,Winter 2010-11,12/01/2010,13.49,
547402,365,Fine particles (PM 2.5),Mean,mcg/m3,UHF42,205,Sunset Park,Annual Average 2017,01/01/2017,8.09,
547608,365,Fine particles (PM 2.5),Mean,mcg/m3,CD,104,Clinton and Chelsea (CD4),Summer 2017,06/01/2017,11.02,
547610,365,Fine particles (PM 2.5),Mean,mcg/m3,CD,104,Clinton and Chelsea (CD4),Winter 2016-17,12/01/2016,9.5,
605910,365,Fine particles (PM 2.5),Mean,mcg/m3,CD,106,Stuyvesant Town and Turtle Bay (CD6),Summer 2018,06/01/2018,10.77,
669861,365,Fine particles (PM 2.5),Mean,mcg/m3,CD,206,Belmont and East Tremont (CD6),Summer 2020,06/01/2020,7.37,
547688,365,Fine particles (PM 2.5),Mean,mcg/m3,CD,306,Park Slope and Carroll Gardens (CD6),Winter 2016-17,12/01/2016,8.54,
214155,365,Fine particles (PM 2.5),Mean,mcg/m3,CD,406,Rego Park and Forest Hills (CD6),Annual Average 2014,12/01/2013,8.95,
547740,365,Fine particles (PM 2.5),Mean,mcg/m3,CD,406,Rego Park and Forest Hills (CD6),Summer 2017,06/01/2017,8.81,
547742,365,Fine particles (PM 2.5),Mean,mcg/m3,CD,406,Rego Park and Forest Hills (CD6),Winter 2016-17,12/01/2016,8.02,
168502,365,Fine particles (PM 2.5),Mean,mcg/m3,CD,408,Hillcrest and Fresh Meadows (CD8),Winter 2009-10,12/01/2009,9.65,
334194,365,Fine particles (PM 2.5),Mean,mcg/m3,CD,104,Clinton and Chelsea (CD4),Winter 2014-15,12/01/2014,11.52,
547609,365,Fine particles (PM 2.5),Mean,mcg/m3,CD,104,Clinton and Chelsea (CD4),Annual Average 2017,01/01/2017,9.36,
742446,365,Fine particles (PM 2.5),Mean,mcg/m3,CD,206,Belmont and East Tremont (CD6),Annual Average 2021,01/01/2021,6.8,
547687,365,Fine particles (PM 2.5),Mean,mcg/m3,CD,306,Park Slope and Carroll Gardens (CD6),Annual Average 2017,01/01/2017,8.38,
742482,365,Fine particles (PM 2.5),Mean,mcg/m3,CD,306,Park Slope and Carroll Gardens (CD6),Annual Average 2021,01/01/2021,7.06,
334278,365,Fine particles (PM 2.5),Mean,mcg/m3,CD,308,Crown Heights and Prospect Heights (CD8),Winter 2014-15,12/01/2014,9.15,
742488,365,Fine particles (PM 2.5),Mean,mcg/m3,CD,308,Crown Heights and Prospect Heights (CD8),Annual Average 2021,01/01/2021,6.72,
547395,365,Fine particles (PM 2.5),Mean,mcg/m3,UHF42,203,Bedford Stuyvesant - Crown Heights,Summer 2017,06/01/2017,9.14,
669809,365,Fine particles (PM 2.5),Mean,mcg/m3,UHF42,203,Bedford Stuyvesant - Crown Heights,Summer 2020,06/01/2020,6.98,
177192,365,Fine particles (PM 2.5),Mean,mcg/m3,UHF42,205,Sunset Park,Winter 2009-10,12/01/2009,10.61,
212931,365,Fine particles (PM 2.5),Mean,mcg/m3,UHF42,205,Sunset Park,Annual Average 2014,12/01/2013,9.63,
547401,365,Fine particles (PM 2.5),Mean,mcg/m3,UHF42,205,Sunset Park,Summer 2017,06/01/2017,9.75,
547403,365,Fine particles (PM 2.5),Mean,mcg/m3,UHF42,205,Sunset Park,Winter 2016-17,12/01/2016,8.3,
212924,365,Fine particles (PM 2.5),Mean,mcg/m3,UHF42,105,Crotona -Tremont,Annual Average 2014,12/01/2013,9.82,
669770,365,Fine particles (PM 2.5),Mean,mcg/m3,UHF42,305,Upper East Side,Summer 2020,06/01/2020,7.44,
605730,365,Fine particles (PM 2.5),Mean,mcg/m3,UHF42,305,Upper East Side,Summer 2018,06/01/2018,10.03,
168620,365,Fine particles (PM 2.5),Mean,mcg/m3,CD,408,Hillcrest and Fresh Meadows (CD8),Winter 2011-12,12/01/2011,9.01,
214157,365,Fine particles (PM 2.5),Mean,mcg/m3,CD,408,Hillcrest and Fresh Meadows (CD8),Annual Average 2014,12/01/2013,8.44,
547746,365,Fine particles (PM 2.5),Mean,mcg/m3,CD,408,Hillcrest and Fresh Meadows (CD8),Summer 2017,06/01/2017,8.59,
547748,365,Fine particles (PM 2.5),Mean,mcg/m3,CD,408,Hillcrest and Fresh Meadows (CD8),Winter 2016-17,12/01/2016,7.83,
606042,365,Fine particles (PM 2.5),Mean,mcg/m3,CD,408,Hillcrest and Fresh Meadows (CD8),Summer 2018,06/01/2018,8.08,
669957,365,Fine particles (PM 2.5),Mean,mcg/m3,CD,408,Hillcrest and Fresh Meadows (CD8),Summer 2020,06/01/2020,6.7,
168618,365,Fine particles (PM 2.5),Mean,mcg/m3,CD,406,Rego Park and Forest Hills (CD6),Winter 2011-12,12/01/2011,9.23,
168500,365,Fine particles (PM 2.5),Mean,mcg/m3,CD,406,Rego Park and Forest Hills (CD6),Winter 2009-10,12/01/2009,10.13,
606036,365,Fine particles (PM 2.5),Mean,mcg/m3,CD,406,Rego Park and Forest Hills (CD6),Summer 2018,06/01/2018,8.36,
669951,365,Fine particles (PM 2.5),Mean,mcg/m3,CD,406,Rego Park and Forest Hills (CD6),Summer 2020,06/01/2020,6.82,
741219,375,Nitrogen dioxide (NO2),Mean,ppb,CD,308,Crown Heights and Prospect Heights (CD8),Annual Average 2021,01/01/2021,17.46,
165965,375,Nitrogen dioxide (NO2),Mean,ppb,CD,408,Hillcrest and Fresh Meadows (CD8),Winter 2011-12,12/01/2011,22.7,
603081,375,Nitrogen dioxide (NO2),Mean,ppb,CD,408,Hillcrest and Fresh Meadows (CD8),Summer 2018,06/01/2018,12.23,
121693,386,Ozone (O3),Mean,ppb,CD,408,Hillcrest and Fresh Meadows (CD8),2-Year Summer Average 2009-2010,06/01/2009,27.58,
549453,386,Ozone (O3),Mean,ppb,CD,408,Hillcrest and Fresh Meadows (CD8),Summer 2017,06/01/2017,29.95,
605356,386,Ozone (O3),Mean,ppb,CD,408,Hillcrest and Fresh Meadows (CD8),Summer 2018,06/01/2018,30.69,
169328,365,Fine particles (PM 2.5),Mean,mcg/m3,CD,408,Hillcrest and Fresh Meadows (CD8),Summer 2009,06/01/2009,10.1,
547747,365,Fine particles (PM 2.5),Mean,mcg/m3,CD,408,Hillcrest and Fresh Meadows (CD8),Annual Average 2017,01/01/2017,7.05,
742542,365,Fine particles (PM 2.5),Mean,mcg/m3,CD,408,Hillcrest and Fresh Meadows (CD8),Annual Average 2021,01/01/2021,6.29,
121649,386,Ozone (O3),Mean,ppb,CD,106,Stuyvesant Town and Turtle Bay (CD6),2-Year Summer Average 2009-2010,06/01/2009,20.72,
605312,386,Ozone (O3),Mean,ppb,CD,106,Stuyvesant Town and Turtle Bay (CD6),Summer 2018,06/01/2018,24.92,
412675,375,Nitrogen dioxide (NO2),Mean,ppb,CD,106,Stuyvesant Town and Turtle Bay (CD6),Annual Average 2016,12/31/2015,28.4,
602948,375,Nitrogen dioxide (NO2),Mean,ppb,CD,106,Stuyvesant Town and Turtle Bay (CD6),Annual Average 2018,01/01/2018,26.65,
166877,375,Nitrogen dioxide (NO2),Mean,ppb,CD,206,Belmont and East Tremont (CD6),Summer 2013,06/01/2013,18.06,
667557,375,Nitrogen dioxide (NO2),Mean,ppb,CD,107,Upper West Side (CD7),Summer 2020,06/01/2020,15.06,
550047,375,Nitrogen dioxide (NO2),Mean,ppb,CD,207,Kingsbridge Heights and Bedford (CD7),Winter 2016-17,12/01/2016,27.28,
667629,375,Nitrogen dioxide (NO2),Mean,ppb,CD,207,Kingsbridge Heights and Bedford (CD7),Summer 2020,06/01/2020,13.98,
165853,375,Nitrogen dioxide (NO2),Mean,ppb,CD,414,Rockaway and Broad Channel (CD14),Winter 2009-10,12/01/2009,20.98,
179422,375,Nitrogen dioxide (NO2),Mean,ppb,Borough,5,Staten Island,Annual Average 2009,12/01/2008,16.84,
175354,375,Nitrogen dioxide (NO2),Mean,ppb,UHF42,304,Upper West Side,Winter 2010-11,12/01/2010,33.65,
176698,375,Nitrogen dioxide (NO2),Mean,ppb,UHF42,304,Upper West Side,Annual Average 2013,12/01/2012,26.5,
740958,375,Nitrogen dioxide (NO2),Mean,ppb,UHF42,304,Upper West Side,Annual Average 2021,01/01/2021,19.17,
176718,375,Nitrogen dioxide (NO2),Mean,ppb,UHF42,504,South Beach - Tottenville,Annual Average 2013,12/01/2012,11.51,
175396,375,Nitrogen dioxide (NO2),Mean,ppb,UHF42,304,Upper West Side,Winter 2011-12,12/01/2011,28.9,
165971,375,Nitrogen dioxide (NO2),Mean,ppb,CD,414,Rockaway and Broad Channel (CD14),Winter 2011-12,12/01/2011,15.76,
167800,375,Nitrogen dioxide (NO2),Mean,ppb,CD,414,Rockaway and Broad Channel (CD14),Annual Average 2013,12/01/2012,12.54,
165912,375,Nitrogen dioxide (NO2),Mean,ppb,CD,414,Rockaway and Broad Channel (CD14),Winter 2010-11,12/01/2010,20.26,
166679,375,Nitrogen dioxide (NO2),Mean,ppb,CD,414,Rockaway and Broad Channel (CD14),Summer 2009,06/01/2009,8.44,
605865,365,Fine particles (PM 2.5),Mean,mcg/m3,UHF34,409,Southeast Queens,Summer 2018,06/01/2018,8.05,
212070,365,Fine particles (PM 2.5),Mean,mcg/m3,UHF34,205,Sunset Park,Annual Average 2014,12/01/2013,9.63,
547518,365,Fine particles (PM 2.5),Mean,mcg/m3,UHF34,205,Sunset Park,Summer 2017,06/01/2017,9.75,
178577,365,Fine particles (PM 2.5),Mean,mcg/m3,UHF42,204,East New York,Annual Average 2013,12/01/2012,8.69,
547399,365,Fine particles (PM 2.5),Mean,mcg/m3,UHF42,204,East New York,Annual Average 2017,01/01/2017,7.52,
334203,365,Fine particles (PM 2.5),Mean,mcg/m3,CD,107,Upper West Side (CD7),Winter 2014-15,12/01/2014,10.56,
547618,365,Fine particles (PM 2.5),Mean,mcg/m3,CD,107,Upper West Side (CD7),Annual Average 2017,01/01/2017,8.33,
168589,365,Fine particles (PM 2.5),Mean,mcg/m3,CD,207,Kingsbridge Heights and Bedford (CD7),Winter 2011-12,12/01/2011,10.39,
214145,365,Fine particles (PM 2.5),Mean,mcg/m3,CD,314,Flatbush and Midwood (CD14),Annual Average 2014,12/01/2013,8.88,
547712,365,Fine particles (PM 2.5),Mean,mcg/m3,CD,314,Flatbush and Midwood (CD14),Winter 2016-17,12/01/2016,7.64,
547710,365,Fine particles (PM 2.5),Mean,mcg/m3,CD,314,Flatbush and Midwood (CD14),Summer 2017,06/01/2017,8.76,
168508,365,Fine particles (PM 2.5),Mean,mcg/m3,CD,414,Rockaway and Broad Channel (CD14),Winter 2009-10,12/01/2009,7.94,
168626,365,Fine particles (PM 2.5),Mean,mcg/m3,CD,414,Rockaway and Broad Channel (CD14),Winter 2011-12,12/01/2011,6.72,
669975,365,Fine particles (PM 2.5),Mean,mcg/m3,CD,414,Rockaway and Broad Channel (CD14),Summer 2020,06/01/2020,6.27,
606039,365,Fine particles (PM 2.5),Mean,mcg/m3,CD,407,Flushing and Whitestone (CD7),Summer 2018,06/01/2018,8.38,
168530,365,Fine particles (PM 2.5),Mean,mcg/m3,CD,207,Kingsbridge Heights and Bedford (CD7),Winter 2010-11,12/01/2010,14.3,
170418,365,Fine particles (PM 2.5),Mean,mcg/m3,CD,207,Kingsbridge Heights and Bedford (CD7),Annual Average 2013,12/01/2012,9.4,
547711,365,Fine particles (PM 2.5),Mean,mcg/m3,CD,314,Flatbush and Midwood (CD14),Annual Average 2017,01/01/2017,7.25,
168612,365,Fine particles (PM 2.5),Mean,mcg/m3,CD,318,Flatlands and Canarsie (CD18),Winter 2011-12,12/01/2011,8.28,
214149,365,Fine particles (PM 2.5),Mean,mcg/m3,CD,318,Flatlands and Canarsie (CD18),Annual Average 2014,12/01/2013,8.46,
168597,365,Fine particles (PM 2.5),Mean,mcg/m3,CD,303,Bedford Stuyvesant (CD3),Winter 2011-12,12/01/2011,9.54,
547680,365,Fine particles (PM 2.5),Mean,mcg/m3,CD,304,Bushwick (CD4),Summer 2017,06/01/2017,9.27,
669891,365,Fine particles (PM 2.5),Mean,mcg/m3,CD,304,Bushwick (CD4),Summer 2020,06/01/2020,7.31,
547775,365,Fine particles (PM 2.5),Mean,mcg/m3,CD,503,Tottenville and Great Kills (CD3),Winter 2016-17,12/01/2016,6.87,
167786,375,Nitrogen dioxide (NO2),Mean,ppb,CD,318,Flatlands and Canarsie (CD18),Annual Average 2013,12/01/2012,16.67,
165883,375,Nitrogen dioxide (NO2),Mean,ppb,CD,303,Bedford Stuyvesant (CD3),Winter 2010-11,12/01/2010,32.68,
167771,375,Nitrogen dioxide (NO2),Mean,ppb,CD,303,Bedford Stuyvesant (CD3),Annual Average 2013,12/01/2012,22.84,
166650,375,Nitrogen dioxide (NO2),Mean,ppb,CD,303,Bedford Stuyvesant (CD3),Summer 2009,06/01/2009,23.83,
213617,375,Nitrogen dioxide (NO2),Mean,ppb,CD,317,East Flatbush (CD17),Annual Average 2014,12/01/2013,20.52,
667761,375,Nitrogen dioxide (NO2),Mean,ppb,CD,317,East Flatbush (CD17),Summer 2020,06/01/2020,10.82,
165839,375,Nitrogen dioxide (NO2),Mean,ppb,CD,318,Flatlands and Canarsie (CD18),Winter 2009-10,12/01/2009,24.73,
213618,375,Nitrogen dioxide (NO2),Mean,ppb,CD,318,Flatlands and Canarsie (CD18),Annual Average 2014,12/01/2013,17.08,
550116,375,Nitrogen dioxide (NO2),Mean,ppb,CD,318,Flatlands and Canarsie (CD18),Winter 2016-17,12/01/2016,22.83,
165942,375,Nitrogen dioxide (NO2),Mean,ppb,CD,303,Bedford Stuyvesant (CD3),Winter 2011-12,12/01/2011,26.65,
165824,375,Nitrogen dioxide (NO2),Mean,ppb,CD,303,Bedford Stuyvesant (CD3),Winter 2009-10,12/01/2009,28.98,
667677,375,Nitrogen dioxide (NO2),Mean,ppb,CD,303,Bedford Stuyvesant (CD3),Summer 2020,06/01/2020,11.93,
670888,386,Ozone (O3),Mean,ppb,CD,203,Morrisania and Crotona (CD3),Summer 2020,06/01/2020,30.6,
549419,386,Ozone (O3),Mean,ppb,CD,204,Highbridge and Concourse (CD4),Summer 2017,06/01/2017,27.48,
214148,365,Fine particles (PM 2.5),Mean,mcg/m3,CD,317,East Flatbush (CD17),Annual Average 2014,12/01/2013,9.07,
547721,365,Fine particles (PM 2.5),Mean,mcg/m3,CD,317,East Flatbush (CD17),Winter 2016-17,12/01/2016,7.92,
547719,365,Fine particles (PM 2.5),Mean,mcg/m3,CD,317,East Flatbush (CD17),Summer 2017,06/01/2017,9.07,
606015,365,Fine particles (PM 2.5),Mean,mcg/m3,CD,317,East Flatbush (CD17),Summer 2018,06/01/2018,8.36,
547773,365,Fine particles (PM 2.5),Mean,mcg/m3,CD,503,Tottenville and Great Kills (CD3),Summer 2017,06/01/2017,7.91,
606069,365,Fine particles (PM 2.5),Mean,mcg/m3,CD,503,Tottenville and Great Kills (CD3),Summer 2018,06/01/2018,7.36,
669984,365,Fine particles (PM 2.5),Mean,mcg/m3,CD,503,Tottenville and Great Kills (CD3),Summer 2020,06/01/2020,6.52,
669942,365,Fine particles (PM 2.5),Mean,mcg/m3,CD,403,Jackson Heights (CD3),Summer 2020,06/01/2020,7.12,
669945,365,Fine particles (PM 2.5),Mean,mcg/m3,CD,404,Elmhurst and Corona (CD4),Summer 2020,06/01/2020,7.12,
168497,365,Fine particles (PM 2.5),Mean,mcg/m3,CD,403,Jackson Heights (CD3),Winter 2009-10,12/01/2009,9.27,
168556,365,Fine particles (PM 2.5),Mean,mcg/m3,CD,403,Jackson Heights (CD3),Winter 2010-11,12/01/2010,12.43,
334317,365,Fine particles (PM 2.5),Mean,mcg/m3,CD,403,Jackson Heights (CD3),Winter 2014-15,12/01/2014,9.15,
669978,365,Fine particles (PM 2.5),Mean,mcg/m3,CD,501,St. George and Stapleton (CD1),Summer 2020,06/01/2020,6.74,
334224,365,Fine particles (PM 2.5),Mean,mcg/m3,CD,202,Hunts Point and Longwood (CD2),Winter 2014-15,12/01/2014,10.76,
334314,365,Fine particles (PM 2.5),Mean,mcg/m3,CD,402,Woodside and Sunnyside (CD2),Winter 2014-15,12/01/2014,10.9,
742524,365,Fine particles (PM 2.5),Mean,mcg/m3,CD,402,Woodside and Sunnyside (CD2),Annual Average 2021,01/01/2021,7.61,
334185,365,Fine particles (PM 2.5),Mean,mcg/m3,CD,101,Financial District (CD1),Winter 2014-15,12/01/2014,10.98,
742395,365,Fine particles (PM 2.5),Mean,mcg/m3,CD,101,Financial District (CD1),Annual Average 2021,01/01/2021,7.66,
168513,365,Fine particles (PM 2.5),Mean,mcg/m3,CD,102,Greenwich Village and Soho (CD2),Winter 2010-11,12/01/2010,14.64,
170401,365,Fine particles (PM 2.5),Mean,mcg/m3,CD,102,Greenwich Village and Soho (CD2),Annual Average 2013,12/01/2012,10.9,
177193,365,Fine particles (PM 2.5),Mean,mcg/m3,UHF42,206,Borough Park,Winter 2009-10,12/01/2009,10.05,
177277,365,Fine particles (PM 2.5),Mean,mcg/m3,UHF42,206,Borough Park,Winter 2011-12,12/01/2011,9.16,
212932,365,Fine particles (PM 2.5),Mean,mcg/m3,UHF42,206,Borough Park,Annual Average 2014,12/01/2013,8.87,
177292,365,Fine particles (PM 2.5),Mean,mcg/m3,UHF42,310,Lower Manhattan,Winter 2011-12,12/01/2011,11.65,
669755,365,Fine particles (PM 2.5),Mean,mcg/m3,UHF42,310,Lower Manhattan,Summer 2020,06/01/2020,7.83,
211437,365,Fine particles (PM 2.5),Mean,mcg/m3,Borough,3,Manhattan,Annual Average 2014,12/01/2013,10.85,
547446,365,Fine particles (PM 2.5),Mean,mcg/m3,UHF42,309,Union Square - Lower East Side,Summer 2017,06/01/2017,10.19,
177281,365,Fine particles (PM 2.5),Mean,mcg/m3,UHF42,210,Coney Island - Sheepshead Bay,Winter 2011-12,12/01/2011,8,
547418,365,Fine particles (PM 2.5),Mean,mcg/m3,UHF42,210,Coney Island - Sheepshead Bay,Winter 2016-17,12/01/2016,7.37,
547416,365,Fine particles (PM 2.5),Mean,mcg/m3,UHF42,210,Coney Island - Sheepshead Bay,Summer 2017,06/01/2017,8.22,
669788,365,Fine particles (PM 2.5),Mean,mcg/m3,UHF42,210,Coney Island - Sheepshead Bay,Summer 2020,06/01/2020,6.54,
605775,365,Fine particles (PM 2.5),Mean,mcg/m3,UHF42,410,Rockaways,Summer 2018,06/01/2018,7.76,
669936,365,Fine particles (PM 2.5),Mean,mcg/m3,CD,401,Long Island City and Astoria (CD1),Summer 2020,06/01/2020,7.38,
168510,365,Fine particles (PM 2.5),Mean,mcg/m3,CD,502,South Beach and Willowbrook (CD2),Winter 2009-10,12/01/2009,9.02,
547772,365,Fine particles (PM 2.5),Mean,mcg/m3,CD,502,South Beach and Willowbrook (CD2),Winter 2016-17,12/01/2016,7.17,
669981,365,Fine particles (PM 2.5),Mean,mcg/m3,CD,502,South Beach and Willowbrook (CD2),Summer 2020,06/01/2020,6.55,
547673,365,Fine particles (PM 2.5),Mean,mcg/m3,CD,301,Greenpoint and Williamsburg (CD1),Winter 2016-17,12/01/2016,9.4,
547671,365,Fine particles (PM 2.5),Mean,mcg/m3,CD,301,Greenpoint and Williamsburg (CD1),Summer 2017,06/01/2017,10.85,
336798,375,Nitrogen dioxide (NO2),Mean,ppb,CD,302,Fort Greene and Brooklyn Heights (CD2),Winter 2014-15,12/01/2014,27.38,
741201,375,Nitrogen dioxide (NO2),Mean,ppb,CD,302,Fort Greene and Brooklyn Heights (CD2),Annual Average 2021,01/01/2021,18.8,
213619,375,Nitrogen dioxide (NO2),Mean,ppb,CD,401,Long Island City and Astoria (CD1),Annual Average 2014,12/01/2013,21.21,
603009,375,Nitrogen dioxide (NO2),Mean,ppb,CD,302,Fort Greene and Brooklyn Heights (CD2),Summer 2018,06/01/2018,16.57,
168509,365,Fine particles (PM 2.5),Mean,mcg/m3,CD,501,St. George and Stapleton (CD1),Winter 2009-10,12/01/2009,9.15,
336675,375,Nitrogen dioxide (NO2),Mean,ppb,UHF34,401,Long Island City - Astoria,Winter 2014-15,12/01/2014,26.22,
741078,375,Nitrogen dioxide (NO2),Mean,ppb,UHF34,401,Long Island City - Astoria,Annual Average 2021,01/01/2021,19,
172748,375,Nitrogen dioxide (NO2),Mean,ppb,UHF34,105106107,South Bronx,Annual Average 2013,12/01/2012,22.49,
336717,375,Nitrogen dioxide (NO2),Mean,ppb,UHF34,105106107,South Bronx,Winter 2014-15,12/01/2014,25.54,
549986,375,Nitrogen dioxide (NO2),Mean,ppb,UHF34,105106107,South Bronx,Annual Average 2017,01/01/2017,20.97,
741120,375,Nitrogen dioxide (NO2),Mean,ppb,UHF34,105106107,South Bronx,Annual Average 2021,01/01/2021,18.12,
179281,375,Nitrogen dioxide (NO2),Mean,ppb,Borough,4,Queens,Winter 2010-11,12/01/2010,28.32,
167799,375,Nitrogen dioxide (NO2),Mean,ppb,CD,413,Queens Village (CD13),Annual Average 2013,12/01/2012,16.87,
741234,375,Nitrogen dioxide (NO2),Mean,ppb,CD,313,Coney Island (CD13),Annual Average 2021,01/01/2021,14.09,
212071,365,Fine particles (PM 2.5),Mean,mcg/m3,UHF34,206,Borough Park,Annual Average 2014,12/01/2013,8.87,
605817,365,Fine particles (PM 2.5),Mean,mcg/m3,UHF34,206,Borough Park,Summer 2018,06/01/2018,8.17,
669683,365,Fine particles (PM 2.5),Mean,mcg/m3,UHF34,206,Borough Park,Summer 2020,06/01/2020,6.74,
173134,365,Fine particles (PM 2.5),Mean,mcg/m3,UHF34,208,Canarsie - Flatlands,Winter 2009-10,12/01/2009,9.45,
173202,365,Fine particles (PM 2.5),Mean,mcg/m3,UHF34,208,Canarsie - Flatlands,Winter 2011-12,12/01/2011,8.31,
547527,365,Fine particles (PM 2.5),Mean,mcg/m3,UHF34,208,Canarsie - Flatlands,Summer 2017,06/01/2017,8.54,
547529,365,Fine particles (PM 2.5),Mean,mcg/m3,UHF34,208,Canarsie - Flatlands,Winter 2016-17,12/01/2016,7.61,
669677,365,Fine particles (PM 2.5),Mean,mcg/m3,UHF34,208,Canarsie - Flatlands,Summer 2020,06/01/2020,6.6,
547707,365,Fine particles (PM 2.5),Mean,mcg/m3,CD,313,Coney Island (CD13),Summer 2017,06/01/2017,8.14,
168609,365,Fine particles (PM 2.5),Mean,mcg/m3,CD,315,Sheepshead Bay (CD15),Winter 2011-12,12/01/2011,8.04,
214146,365,Fine particles (PM 2.5),Mean,mcg/m3,CD,315,Sheepshead Bay (CD15),Annual Average 2014,12/01/2013,8.39,
547713,365,Fine particles (PM 2.5),Mean,mcg/m3,CD,315,Sheepshead Bay (CD15),Summer 2017,06/01/2017,8.25,
547715,365,Fine particles (PM 2.5),Mean,mcg/m3,CD,315,Sheepshead Bay (CD15),Winter 2016-17,12/01/2016,7.4,
669924,365,Fine particles (PM 2.5),Mean,mcg/m3,CD,315,Sheepshead Bay (CD15),Summer 2020,06/01/2020,6.53,
168625,365,Fine particles (PM 2.5),Mean,mcg/m3,CD,413,Queens Village (CD13),Winter 2011-12,12/01/2011,8.3,
168507,365,Fine particles (PM 2.5),Mean,mcg/m3,CD,413,Queens Village (CD13),Winter 2009-10,12/01/2009,8.86,
334293,365,Fine particles (PM 2.5),Mean,mcg/m3,CD,313,Coney Island (CD13),Winter 2014-15,12/01/2014,8.04,
547708,365,Fine particles (PM 2.5),Mean,mcg/m3,CD,313,Coney Island (CD13),Annual Average 2017,01/01/2017,6.79,
742503,365,Fine particles (PM 2.5),Mean,mcg/m3,CD,313,Coney Island (CD13),Annual Average 2021,01/01/2021,6.26,
334299,365,Fine particles (PM 2.5),Mean,mcg/m3,CD,315,Sheepshead Bay (CD15),Winter 2014-15,12/01/2014,8.12,
547714,365,Fine particles (PM 2.5),Mean,mcg/m3,CD,315,Sheepshead Bay (CD15),Annual Average 2017,01/01/2017,6.85,
742509,365,Fine particles (PM 2.5),Mean,mcg/m3,CD,315,Sheepshead Bay (CD15),Annual Average 2021,01/01/2021,6.27,
547364,365,Fine particles (PM 2.5),Mean,mcg/m3,Borough,4,Queens,Winter 2016-17,12/01/2016,7.95,
669842,365,Fine particles (PM 2.5),Mean,mcg/m3,Borough,4,Queens,Summer 2020,06/01/2020,6.87,
169333,365,Fine particles (PM 2.5),Mean,mcg/m3,CD,413,Queens Village (CD13),Summer 2009,06/01/2009,9.67,
669836,365,Fine particles (PM 2.5),Mean,mcg/m3,UHF42,101,Kingsbridge - Riverdale,Summer 2020,06/01/2020,7.22,
605664,365,Fine particles (PM 2.5),Mean,mcg/m3,UHF42,101,Kingsbridge - Riverdale,Summer 2018,06/01/2018,8.25,
212938,365,Fine particles (PM 2.5),Mean,mcg/m3,UHF42,301,Washington Heights,Annual Average 2014,12/01/2013,9.49,
169300,365,Fine particles (PM 2.5),Mean,mcg/m3,CD,210,Throgs Neck and Co-op City (CD10),Summer 2009,06/01/2009,10.37,
168535,365,Fine particles (PM 2.5),Mean,mcg/m3,CD,212,Williamsbridge and Baychester (CD12),Winter 2010-11,12/01/2010,13.35,
170423,365,Fine particles (PM 2.5),Mean,mcg/m3,CD,212,Williamsbridge and Baychester (CD12),Annual Average 2013,12/01/2012,8.66,
170453,365,Fine particles (PM 2.5),Mean,mcg/m3,CD,412,Jamaica and Hollis (CD12),Annual Average 2013,12/01/2012,8.26,
547759,365,Fine particles (PM 2.5),Mean,mcg/m3,CD,412,Jamaica and Hollis (CD12),Annual Average 2017,01/01/2017,7.08,
742554,365,Fine particles (PM 2.5),Mean,mcg/m3,CD,412,Jamaica and Hollis (CD12),Annual Average 2021,01/01/2021,6.33,
547760,365,Fine particles (PM 2.5),Mean,mcg/m3,CD,412,Jamaica and Hollis (CD12),Winter 2016-17,12/01/2016,7.95,
168622,365,Fine particles (PM 2.5),Mean,mcg/m3,CD,410,South Ozone Park and Howard Beach (CD10),Winter 2011-12,12/01/2011,8.21,
168504,365,Fine particles (PM 2.5),Mean,mcg/m3,CD,410,South Ozone Park and Howard Beach (CD10),Winter 2009-10,12/01/2009,9.48,
214159,365,Fine particles (PM 2.5),Mean,mcg/m3,CD,410,South Ozone Park and Howard Beach (CD10),Annual Average 2014,12/01/2013,8.22,
121651,386,Ozone (O3),Mean,ppb,CD,108,Upper East Side (CD8),2-Year Summer Average 2009-2010,06/01/2009,22.9,
549413,386,Ozone (O3),Mean,ppb,CD,110,Central Harlem (CD10),Summer 2017,06/01/2017,26.65,
547754,365,Fine particles (PM 2.5),Mean,mcg/m3,CD,410,South Ozone Park and Howard Beach (CD10),Winter 2016-17,12/01/2016,7.57,
669963,365,Fine particles (PM 2.5),Mean,mcg/m3,CD,410,South Ozone Park and Howard Beach (CD10),Summer 2020,06/01/2020,6.58,
168506,365,Fine particles (PM 2.5),Mean,mcg/m3,CD,412,Jamaica and Hollis (CD12),Winter 2009-10,12/01/2009,9.65,
168624,365,Fine particles (PM 2.5),Mean,mcg/m3,CD,412,Jamaica and Hollis (CD12),Winter 2011-12,12/01/2011,8.75,
606054,365,Fine particles (PM 2.5),Mean,mcg/m3,CD,412,Jamaica and Hollis (CD12),Summer 2018,06/01/2018,8.28,
669969,365,Fine particles (PM 2.5),Mean,mcg/m3,CD,412,Jamaica and Hollis (CD12),Summer 2020,06/01/2020,6.73,
549415,386,Ozone (O3),Mean,ppb,CD,112,Washington Heights and Inwood (CD12),Summer 2017,06/01/2017,27,
670891,386,Ozone (O3),Mean,ppb,CD,112,Washington Heights and Inwood (CD12),Summer 2020,06/01/2020,28.66,
549455,386,Ozone (O3),Mean,ppb,CD,410,South Ozone Park and Howard Beach (CD10),Summer 2017,06/01/2017,31.69,
412681,375,Nitrogen dioxide (NO2),Mean,ppb,CD,108,Upper East Side (CD8),Annual Average 2016,12/31/2015,24.91,
741152,375,Nitrogen dioxide (NO2),Mean,ppb,CD,110,Central Harlem (CD10),Summer 2021,06/01/2021,14.5,
166893,375,Nitrogen dioxide (NO2),Mean,ppb,CD,310,Bay Ridge and Dyker Heights (CD10),Summer 2013,06/01/2013,15.24,
166834,375,Nitrogen dioxide (NO2),Mean,ppb,CD,310,Bay Ridge and Dyker Heights (CD10),Summer 2012,06/01/2012,16.03,
166881,375,Nitrogen dioxide (NO2),Mean,ppb,CD,210,Throgs Neck and Co-op City (CD10),Summer 2013,06/01/2013,13.57,
166822,375,Nitrogen dioxide (NO2),Mean,ppb,CD,210,Throgs Neck and Co-op City (CD10),Summer 2012,06/01/2012,15.29,
412723,375,Nitrogen dioxide (NO2),Mean,ppb,CD,210,Throgs Neck and Co-op City (CD10),Annual Average 2016,12/31/2015,17.23,
741278,375,Nitrogen dioxide (NO2),Mean,ppb,CD,410,South Ozone Park and Howard Beach (CD10),Summer 2021,06/01/2021,9.18,
165772,375,Nitrogen dioxide (NO2),Mean,ppb,CD,310,Bay Ridge and Dyker Heights (CD10),Winter 2008-09,12/01/2008,28.35,
603034,375,Nitrogen dioxide (NO2),Mean,ppb,CD,310,Bay Ridge and Dyker Heights (CD10),Winter 2017-18,12/01/2017,23.61,
603040,375,Nitrogen dioxide (NO2),Mean,ppb,CD,312,Borough Park (CD12),Winter 2017-18,12/01/2017,24.62,
213246,375,Nitrogen dioxide (NO2),Mean,ppb,CD,212,Williamsbridge and Baychester (CD12),Winter 2013-14,12/01/2013,23.85,
643618,375,Nitrogen dioxide (NO2),Mean,ppb,CD,212,Williamsbridge and Baychester (CD12),Annual Average 2019,01/01/2019,14.19,
603088,375,Nitrogen dioxide (NO2),Mean,ppb,CD,410,South Ozone Park and Howard Beach (CD10),Winter 2017-18,12/01/2017,23.13,
643339,375,Nitrogen dioxide (NO2),Mean,ppb,UHF42,201,Greenpoint,Annual Average 2019,01/01/2019,21.4,
412680,375,Nitrogen dioxide (NO2),Mean,ppb,CD,108,Upper East Side (CD8),Summer 2016,06/01/2016,20.89,
166716,375,Nitrogen dioxide (NO2),Mean,ppb,CD,310,Bay Ridge and Dyker Heights (CD10),Summer 2010,06/01/2010,18.08,
741223,375,Nitrogen dioxide (NO2),Mean,ppb,CD,310,Bay Ridge and Dyker Heights (CD10),Winter 2020-21,12/01/2020,22.38,
166763,375,Nitrogen dioxide (NO2),Mean,ppb,CD,210,Throgs Neck and Co-op City (CD10),Summer 2011,06/01/2011,16.19,
166704,375,Nitrogen dioxide (NO2),Mean,ppb,CD,210,Throgs Neck and Co-op City (CD10),Summer 2010,06/01/2010,16.69,
412721,375,Nitrogen dioxide (NO2),Mean,ppb,CD,210,Throgs Neck and Co-op City (CD10),Winter 2015-16,12/01/2015,21.35,
741277,375,Nitrogen dioxide (NO2),Mean,ppb,CD,410,South Ozone Park and Howard Beach (CD10),Winter 2020-21,12/01/2020,21.06,
412818,375,Nitrogen dioxide (NO2),Mean,ppb,CD,412,Jamaica and Hollis (CD12),Summer 2016,06/01/2016,13.19,
336743,375,Nitrogen dioxide (NO2),Mean,ppb,CD,108,Upper East Side (CD8),Summer 2015,06/01/2015,21.68,
643577,375,Nitrogen dioxide (NO2),Mean,ppb,CD,110,Central Harlem (CD10),Summer 2019,06/01/2019,16.8,
667586,375,Nitrogen dioxide (NO2),Mean,ppb,CD,112,Washington Heights and Inwood (CD12),Winter 2019-20,12/01/2019,24.28,
"518895,648,Asthma emergency department visits due to PM2.5,Estimated annual rate (under age 18),""per 100,000 children"",UHF42,201,Greenpoint,2012-2014,01/02/2012,43.52,"
"628444,648,Asthma emergency department visits due to PM2.5,Estimated annual rate (under age 18),""per 100,000 children"",UHF42,201,Greenpoint,2015-2017,01/01/2015,27.4,"
"518888,648,Asthma emergency department visits due to PM2.5,Estimated annual rate (under age 18),""per 100,000 children"",UHF42,101,Kingsbridge - Riverdale,2012-2014,01/02/2012,82.3,"
"518906,648,Asthma emergency department visits due to PM2.5,Estimated annual rate (under age 18),""per 100,000 children"",UHF42,301,Washington Heights,2012-2014,01/02/2012,111.6,"
"518926,648,Asthma emergency department visits due to PM2.5,Estimated annual rate (under age 18),""per 100,000 children"",UHF42,501,Port Richmond,2012-2014,01/02/2012,85.94,"
"628475,648,Asthma emergency department visits due to PM2.5,Estimated annual rate (under age 18),""per 100,000 children"",UHF42,501,Port Richmond,2015-2017,01/01/2015,66.9,"
336827,375,Nitrogen dioxide (NO2),Mean,ppb,CD,312,Borough Park (CD12),Summer 2015,06/01/2015,14.82,
667730,375,Nitrogen dioxide (NO2),Mean,ppb,CD,312,Borough Park (CD12),Winter 2019-20,12/01/2019,25.93,
167589,375,Nitrogen dioxide (NO2),Mean,ppb,CD,210,Throgs Neck and Co-op City (CD10),Annual Average 2010,12/01/2009,19.76,
165996,375,Nitrogen dioxide (NO2),Mean,ppb,CD,210,Throgs Neck and Co-op City (CD10),Winter 2012-13,12/01/2012,21.02,
667646,375,Nitrogen dioxide (NO2),Mean,ppb,CD,210,Throgs Neck and Co-op City (CD10),Winter 2019-20,12/01/2019,21.25,
172592,375,Nitrogen dioxide (NO2),Mean,ppb,UHF34,210,Coney Island - Sheepshead Bay,Annual Average 2009,12/01/2008,19.9,
336655,375,Nitrogen dioxide (NO2),Mean,ppb,UHF34,210,Coney Island - Sheepshead Bay,Annual Average 2015,01/01/2015,17.08,
667387,375,Nitrogen dioxide (NO2),Mean,ppb,UHF34,210,Coney Island - Sheepshead Bay,Annual Average 2020,01/01/2020,13.78,
172605,375,Nitrogen dioxide (NO2),Mean,ppb,UHF34,410,Rockaways,Annual Average 2009,12/01/2008,14.68,
172673,375,Nitrogen dioxide (NO2),Mean,ppb,UHF34,410,Rockaways,Annual Average 2011,12/01/2010,14.27,
643524,375,Nitrogen dioxide (NO2),Mean,ppb,UHF34,410,Rockaways,Winter 2018-19,12/01/2018,13.95,
667465,375,Nitrogen dioxide (NO2),Mean,ppb,UHF34,410,Rockaways,Annual Average 2020,01/01/2020,10.55,
740982,375,Nitrogen dioxide (NO2),Mean,ppb,UHF42,402,West Queens,Annual Average 2021,01/01/2021,18.56,
741012,375,Nitrogen dioxide (NO2),Mean,ppb,UHF42,502,Stapleton - St. George,Annual Average 2021,01/01/2021,14.28,
336747,375,Nitrogen dioxide (NO2),Mean,ppb,CD,109,Morningside Heights and Hamilton Heights (CD9),Winter 2014-15,12/01/2014,26.47,
550016,375,Nitrogen dioxide (NO2),Mean,ppb,CD,109,Morningside Heights and Hamilton Heights (CD9),Annual Average 2017,01/01/2017,22.44,
741150,375,Nitrogen dioxide (NO2),Mean,ppb,CD,109,Morningside Heights and Hamilton Heights (CD9),Annual Average 2021,01/01/2021,17.96,
336753,375,Nitrogen dioxide (NO2),Mean,ppb,CD,111,East Harlem (CD11),Winter 2014-15,12/01/2014,26.86,
550022,375,Nitrogen dioxide (NO2),Mean,ppb,CD,111,East Harlem (CD11),Annual Average 2017,01/01/2017,22.33,
336825,375,Nitrogen dioxide (NO2),Mean,ppb,CD,311,Bensonhurst (CD11),Winter 2014-15,12/01/2014,25.52,
741228,375,Nitrogen dioxide (NO2),Mean,ppb,CD,311,Bensonhurst (CD11),Annual Average 2021,01/01/2021,16.4,
171606,375,Nitrogen dioxide (NO2),Mean,ppb,UHF34,210,Coney Island - Sheepshead Bay,Winter 2009-10,12/01/2009,25.32,
549964,375,Nitrogen dioxide (NO2),Mean,ppb,UHF34,410,Rockaways,Summer 2017,06/01/2017,7.81,
549847,375,Nitrogen dioxide (NO2),Mean,ppb,UHF42,402,West Queens,Summer 2017,06/01/2017,15.77,
549849,375,Nitrogen dioxide (NO2),Mean,ppb,UHF42,402,West Queens,Winter 2016-17,12/01/2016,26.77,
667233,375,Nitrogen dioxide (NO2),Mean,ppb,UHF42,402,West Queens,Summer 2020,06/01/2020,12.85,
175404,375,Nitrogen dioxide (NO2),Mean,ppb,UHF42,402,West Queens,Winter 2011-12,12/01/2011,25.94,
175330,375,Nitrogen dioxide (NO2),Mean,ppb,UHF42,502,Stapleton - St. George,Winter 2009-10,12/01/2009,21.8,
336745,375,Nitrogen dioxide (NO2),Mean,ppb,CD,109,Morningside Heights and Hamilton Heights (CD9),Annual Average 2015,01/01/2015,22.95,
667579,375,Nitrogen dioxide (NO2),Mean,ppb,CD,111,East Harlem (CD11),Annual Average 2020,01/01/2020,18.78,
336823,375,Nitrogen dioxide (NO2),Mean,ppb,CD,311,Bensonhurst (CD11),Annual Average 2015,01/01/2015,19.1,
336781,375,Nitrogen dioxide (NO2),Mean,ppb,CD,209,Parkchester and Soundview (CD9),Annual Average 2015,01/01/2015,20.12,
643611,375,Nitrogen dioxide (NO2),Mean,ppb,CD,209,Parkchester and Soundview (CD9),Winter 2018-19,12/01/2018,21.53,
213422,375,Nitrogen dioxide (NO2),Mean,ppb,CD,211,Morris Park and Bronxdale (CD11),Summer 2014,06/01/2014,15.44,
667651,375,Nitrogen dioxide (NO2),Mean,ppb,CD,211,Morris Park and Bronxdale (CD11),Annual Average 2020,01/01/2020,16.8,
643617,375,Nitrogen dioxide (NO2),Mean,ppb,CD,211,Morris Park and Bronxdale (CD11),Winter 2018-19,12/01/2018,20.23,
213450,375,Nitrogen dioxide (NO2),Mean,ppb,CD,409,Kew Gardens and Woodhaven (CD9),Summer 2014,06/01/2014,14.65,
667819,375,Nitrogen dioxide (NO2),Mean,ppb,CD,409,Kew Gardens and Woodhaven (CD9),Annual Average 2020,01/01/2020,15.47,
213452,375,Nitrogen dioxide (NO2),Mean,ppb,CD,411,Bayside and Little Neck (CD11),Summer 2014,06/01/2014,12.99,
667831,375,Nitrogen dioxide (NO2),Mean,ppb,CD,411,Bayside and Little Neck (CD11),Annual Average 2020,01/01/2020,13.45,
643407,375,Nitrogen dioxide (NO2),Mean,ppb,UHF42,402,West Queens,Winter 2018-19,12/01/2018,24.36,
176548,375,Nitrogen dioxide (NO2),Mean,ppb,UHF42,502,Stapleton - St. George,Annual Average 2009,12/01/2008,18.41,
336577,375,Nitrogen dioxide (NO2),Mean,ppb,UHF42,402,West Queens,Annual Average 2015,01/01/2015,21.11,
550015,375,Nitrogen dioxide (NO2),Mean,ppb,CD,109,Morningside Heights and Hamilton Heights (CD9),Summer 2017,06/01/2017,18.76,
550017,375,Nitrogen dioxide (NO2),Mean,ppb,CD,109,Morningside Heights and Hamilton Heights (CD9),Winter 2016-17,12/01/2016,28.23,
550021,375,Nitrogen dioxide (NO2),Mean,ppb,CD,111,East Harlem (CD11),Summer 2017,06/01/2017,18.48,
603036,375,Nitrogen dioxide (NO2),Mean,ppb,CD,311,Bensonhurst (CD11),Summer 2018,06/01/2018,11.62,
602994,375,Nitrogen dioxide (NO2),Mean,ppb,CD,209,Parkchester and Soundview (CD9),Summer 2018,06/01/2018,13.45,
213627,375,Nitrogen dioxide (NO2),Mean,ppb,CD,409,Kew Gardens and Woodhaven (CD9),Annual Average 2014,12/01/2013,20.09,
336579,375,Nitrogen dioxide (NO2),Mean,ppb,UHF42,402,West Queens,Winter 2014-15,12/01/2014,26.21,
176716,375,Nitrogen dioxide (NO2),Mean,ppb,UHF42,502,Stapleton - St. George,Annual Average 2013,12/01/2012,15.4,
336783,375,Nitrogen dioxide (NO2),Mean,ppb,CD,209,Parkchester and Soundview (CD9),Winter 2014-15,12/01/2014,24.41,
167795,375,Nitrogen dioxide (NO2),Mean,ppb,CD,409,Kew Gardens and Woodhaven (CD9),Annual Average 2013,12/01/2012,20.57,
550142,375,Nitrogen dioxide (NO2),Mean,ppb,CD,409,Kew Gardens and Woodhaven (CD9),Annual Average 2017,01/01/2017,18.76,
547533,365,Fine particles (PM 2.5),Mean,mcg/m3,UHF34,210,Coney Island - Sheepshead Bay,Summer 2017,06/01/2017,8.22,
669671,365,Fine particles (PM 2.5),Mean,mcg/m3,UHF34,210,Coney Island - Sheepshead Bay,Summer 2020,06/01/2020,6.54,
173149,365,Fine particles (PM 2.5),Mean,mcg/m3,UHF34,410,Rockaways,Winter 2009-10,12/01/2009,7.95,
173217,365,Fine particles (PM 2.5),Mean,mcg/m3,UHF34,410,Rockaways,Winter 2011-12,12/01/2011,6.73,
334209,365,Fine particles (PM 2.5),Mean,mcg/m3,CD,109,Morningside Heights and Hamilton Heights (CD9),Winter 2014-15,12/01/2014,10.31,
170410,365,Fine particles (PM 2.5),Mean,mcg/m3,CD,111,East Harlem (CD11),Annual Average 2013,12/01/2012,9.71,
547630,365,Fine particles (PM 2.5),Mean,mcg/m3,CD,111,East Harlem (CD11),Annual Average 2017,01/01/2017,8.09,
605919,365,Fine particles (PM 2.5),Mean,mcg/m3,CD,109,Morningside Heights and Hamilton Heights (CD9),Summer 2018,06/01/2018,8.87,
547629,365,Fine particles (PM 2.5),Mean,mcg/m3,CD,111,East Harlem (CD11),Summer 2017,06/01/2017,10.04,
547631,365,Fine particles (PM 2.5),Mean,mcg/m3,CD,111,East Harlem (CD11),Winter 2016-17,12/01/2016,8.43,
168621,365,Fine particles (PM 2.5),Mean,mcg/m3,CD,409,Kew Gardens and Woodhaven (CD9),Winter 2011-12,12/01/2011,8.82,
214158,365,Fine particles (PM 2.5),Mean,mcg/m3,CD,409,Kew Gardens and Woodhaven (CD9),Annual Average 2014,12/01/2013,8.65,
605955,365,Fine particles (PM 2.5),Mean,mcg/m3,CD,209,Parkchester and Soundview (CD9),Summer 2018,06/01/2018,8.5,
214130,365,Fine particles (PM 2.5),Mean,mcg/m3,CD,211,Morris Park and Bronxdale (CD11),Annual Average 2014,12/01/2013,8.92,
547665,365,Fine particles (PM 2.5),Mean,mcg/m3,CD,211,Morris Park and Bronxdale (CD11),Summer 2017,06/01/2017,9.18,
669876,365,Fine particles (PM 2.5),Mean,mcg/m3,CD,211,Morris Park and Bronxdale (CD11),Summer 2020,06/01/2020,7.17,
669960,365,Fine particles (PM 2.5),Mean,mcg/m3,CD,409,Kew Gardens and Woodhaven (CD9),Summer 2020,06/01/2020,6.84,
214160,365,Fine particles (PM 2.5),Mean,mcg/m3,CD,411,Bayside and Little Neck (CD11),Annual Average 2014,12/01/2013,8.29,
547755,365,Fine particles (PM 2.5),Mean,mcg/m3,CD,411,Bayside and Little Neck (CD11),Summer 2017,06/01/2017,8.63,
547757,365,Fine particles (PM 2.5),Mean,mcg/m3,CD,411,Bayside and Little Neck (CD11),Winter 2016-17,12/01/2016,7.84,
169329,365,Fine particles (PM 2.5),Mean,mcg/m3,CD,409,Kew Gardens and Woodhaven (CD9),Summer 2009,06/01/2009,10.36,
334287,365,Fine particles (PM 2.5),Mean,mcg/m3,CD,311,Bensonhurst (CD11),Winter 2014-15,12/01/2014,8.37,
742497,365,Fine particles (PM 2.5),Mean,mcg/m3,CD,311,Bensonhurst (CD11),Annual Average 2021,01/01/2021,6.37,
334245,365,Fine particles (PM 2.5),Mean,mcg/m3,CD,209,Parkchester and Soundview (CD9),Winter 2014-15,12/01/2014,9.95,
742455,365,Fine particles (PM 2.5),Mean,mcg/m3,CD,209,Parkchester and Soundview (CD9),Annual Average 2021,01/01/2021,6.69,
170422,365,Fine particles (PM 2.5),Mean,mcg/m3,CD,211,Morris Park and Bronxdale (CD11),Annual Average 2013,12/01/2012,8.71,
169301,365,Fine particles (PM 2.5),Mean,mcg/m3,CD,211,Morris Park and Bronxdale (CD11),Summer 2009,06/01/2009,10.34,
170450,365,Fine particles (PM 2.5),Mean,mcg/m3,CD,409,Kew Gardens and Woodhaven (CD9),Annual Average 2013,12/01/2012,8.38,
547750,365,Fine particles (PM 2.5),Mean,mcg/m3,CD,409,Kew Gardens and Woodhaven (CD9),Annual Average 2017,01/01/2017,7.16,
547756,365,Fine particles (PM 2.5),Mean,mcg/m3,CD,411,Bayside and Little Neck (CD11),Annual Average 2017,01/01/2017,7.01,
168503,365,Fine particles (PM 2.5),Mean,mcg/m3,CD,409,Kew Gardens and Woodhaven (CD9),Winter 2009-10,12/01/2009,9.95,
669906,365,Fine particles (PM 2.5),Mean,mcg/m3,CD,309,South Crown Heights and Lefferts Gardens (CD9),Summer 2020,06/01/2020,6.83,
547749,365,Fine particles (PM 2.5),Mean,mcg/m3,CD,409,Kew Gardens and Woodhaven (CD9),Summer 2017,06/01/2017,8.65,
547751,365,Fine particles (PM 2.5),Mean,mcg/m3,CD,409,Kew Gardens and Woodhaven (CD9),Winter 2016-17,12/01/2016,7.89,
606045,365,Fine particles (PM 2.5),Mean,mcg/m3,CD,409,Kew Gardens and Woodhaven (CD9),Summer 2018,06/01/2018,8.23,
165889,375,Nitrogen dioxide (NO2),Mean,ppb,CD,309,South Crown Heights and Lefferts Gardens (CD9),Winter 2010-11,12/01/2010,32.07,
166656,375,Nitrogen dioxide (NO2),Mean,ppb,CD,309,South Crown Heights and Lefferts Gardens (CD9),Summer 2009,06/01/2009,23.51,
741276,375,Nitrogen dioxide (NO2),Mean,ppb,CD,409,Kew Gardens and Woodhaven (CD9),Annual Average 2021,01/01/2021,15.81,
549412,386,Ozone (O3),Mean,ppb,CD,109,Morningside Heights and Hamilton Heights (CD9),Summer 2017,06/01/2017,26.35,
670894,386,Ozone (O3),Mean,ppb,CD,109,Morningside Heights and Hamilton Heights (CD9),Summer 2020,06/01/2020,29.42,
168505,365,Fine particles (PM 2.5),Mean,mcg/m3,CD,411,Bayside and Little Neck (CD11),Winter 2009-10,12/01/2009,9.11,
168623,365,Fine particles (PM 2.5),Mean,mcg/m3,CD,411,Bayside and Little Neck (CD11),Winter 2011-12,12/01/2011,8.91,
606051,365,Fine particles (PM 2.5),Mean,mcg/m3,CD,411,Bayside and Little Neck (CD11),Summer 2018,06/01/2018,8,
669966,365,Fine particles (PM 2.5),Mean,mcg/m3,CD,411,Bayside and Little Neck (CD11),Summer 2020,06/01/2020,6.73,
166818,375,Nitrogen dioxide (NO2),Mean,ppb,CD,206,Belmont and East Tremont (CD6),Summer 2012,06/01/2012,18.82,
602990,375,Nitrogen dioxide (NO2),Mean,ppb,CD,208,Riverdale and Fieldston (CD8),Annual Average 2018,01/01/2018,15.77,
741266,375,Nitrogen dioxide (NO2),Mean,ppb,CD,406,Rego Park and Forest Hills (CD6),Summer 2021,06/01/2021,11.09,
166909,375,Nitrogen dioxide (NO2),Mean,ppb,CD,408,Hillcrest and Fresh Meadows (CD8),Summer 2013,06/01/2013,16.23,
166850,375,Nitrogen dioxide (NO2),Mean,ppb,CD,408,Hillcrest and Fresh Meadows (CD8),Summer 2012,06/01/2012,16.29,
741272,375,Nitrogen dioxide (NO2),Mean,ppb,CD,408,Hillcrest and Fresh Meadows (CD8),Summer 2021,06/01/2021,10.22,
167558,375,Nitrogen dioxide (NO2),Mean,ppb,CD,408,Hillcrest and Fresh Meadows (CD8),Annual Average 2009,12/01/2008,22.39,
167676,375,Nitrogen dioxide (NO2),Mean,ppb,CD,408,Hillcrest and Fresh Meadows (CD8),Annual Average 2011,12/01/2010,21.67,
643698,375,Nitrogen dioxide (NO2),Mean,ppb,CD,408,Hillcrest and Fresh Meadows (CD8),Winter 2018-19,12/01/2018,19.89,
336814,375,Nitrogen dioxide (NO2),Mean,ppb,CD,308,Crown Heights and Prospect Heights (CD8),Annual Average 2015,01/01/2015,21.29,
667705,375,Nitrogen dioxide (NO2),Mean,ppb,CD,308,Crown Heights and Prospect Heights (CD8),Annual Average 2020,01/01/2020,17.34,
165756,375,Nitrogen dioxide (NO2),Mean,ppb,CD,206,Belmont and East Tremont (CD6),Winter 2008-09,12/01/2008,31.67,
643600,375,Nitrogen dioxide (NO2),Mean,ppb,CD,206,Belmont and East Tremont (CD6),Annual Average 2019,01/01/2019,17.07,
602986,375,Nitrogen dioxide (NO2),Mean,ppb,CD,206,Belmont and East Tremont (CD6),Winter 2017-18,12/01/2017,25.16,
212299,375,Nitrogen dioxide (NO2),Mean,ppb,UHF42,203,Bedford Stuyvesant - Crown Heights,Winter 2013-14,12/01/2013,29.41,
643351,375,Nitrogen dioxide (NO2),Mean,ppb,UHF42,205,Sunset Park,Annual Average 2019,01/01/2019,18.46,
165788,375,Nitrogen dioxide (NO2),Mean,ppb,CD,408,Hillcrest and Fresh Meadows (CD8),Winter 2008-09,12/01/2008,27.99,
741133,375,Nitrogen dioxide (NO2),Mean,ppb,CD,104,Clinton and Chelsea (CD4),Winter 2020-21,12/01/2020,25.81,
412673,375,Nitrogen dioxide (NO2),Mean,ppb,CD,106,Stuyvesant Town and Turtle Bay (CD6),Winter 2015-16,12/01/2015,31.05,
166700,375,Nitrogen dioxide (NO2),Mean,ppb,CD,206,Belmont and East Tremont (CD6),Summer 2010,06/01/2010,21.71,
166759,375,Nitrogen dioxide (NO2),Mean,ppb,CD,206,Belmont and East Tremont (CD6),Summer 2011,06/01/2011,20.25,
412709,375,Nitrogen dioxide (NO2),Mean,ppb,CD,206,Belmont and East Tremont (CD6),Winter 2015-16,12/01/2015,23.64,
412710,375,Nitrogen dioxide (NO2),Mean,ppb,CD,206,Belmont and East Tremont (CD6),Summer 2016,06/01/2016,16.3,
166791,375,Nitrogen dioxide (NO2),Mean,ppb,CD,408,Hillcrest and Fresh Meadows (CD8),Summer 2011,06/01/2011,17.23,
166732,375,Nitrogen dioxide (NO2),Mean,ppb,CD,408,Hillcrest and Fresh Meadows (CD8),Summer 2010,06/01/2010,17.72,
"131420,648,Asthma emergency department visits due to PM2.5,Estimated annual rate (under age 18),""per 100,000 children"",UHF42,203,Bedford Stuyvesant - Crown Heights,2009-2011,01/01/2009,178.4,"
"628446,648,Asthma emergency department visits due to PM2.5,Estimated annual rate (under age 18),""per 100,000 children"",UHF42,203,Bedford Stuyvesant - Crown Heights,2015-2017,01/01/2015,124.6,"
"628441,648,Asthma emergency department visits due to PM2.5,Estimated annual rate (under age 18),""per 100,000 children"",UHF42,105,Crotona -Tremont,2015-2017,01/01/2015,167.2,"
"131451,648,Asthma emergency department visits due to PM2.5,Estimated annual rate (under age 18),""per 100,000 children"",UHF42,503,Willowbrook,2009-2011,01/01/2009,32.8,"
549819,375,Nitrogen dioxide (NO2),Mean,ppb,UHF42,302,Central Harlem - Morningside Heights,Winter 2016-17,12/01/2016,28.51,
547526,365,Fine particles (PM 2.5),Mean,mcg/m3,UHF34,207,East Flatbush - Flatbush,Winter 2016-17,12/01/2016,7.76,
173214,365,Fine particles (PM 2.5),Mean,mcg/m3,UHF34,407,Southwest Queens,Winter 2011-12,12/01/2011,8.45,
333978,365,Fine particles (PM 2.5),Mean,mcg/m3,UHF42,202,Downtown - Heights - Slope,Winter 2014-15,12/01/2014,10.05,
547393,365,Fine particles (PM 2.5),Mean,mcg/m3,UHF42,202,Downtown - Heights - Slope,Annual Average 2017,01/01/2017,8.35,
605907,365,Fine particles (PM 2.5),Mean,mcg/m3,CD,105,Midtown (CD5),Summer 2018,06/01/2018,12.85,
214147,365,Fine particles (PM 2.5),Mean,mcg/m3,CD,316,Brownsville (CD16),Annual Average 2014,12/01/2013,9.21,
547683,365,Fine particles (PM 2.5),Mean,mcg/m3,CD,305,East New York and Starrett City (CD5),Summer 2017,06/01/2017,9,
669894,365,Fine particles (PM 2.5),Mean,mcg/m3,CD,305,East New York and Starrett City (CD5),Summer 2020,06/01/2020,6.85,
214154,365,Fine particles (PM 2.5),Mean,mcg/m3,CD,405,Ridgewood and Maspeth (CD5),Annual Average 2014,12/01/2013,9.16,
669948,365,Fine particles (PM 2.5),Mean,mcg/m3,CD,405,Ridgewood and Maspeth (CD5),Summer 2020,06/01/2020,7.15,
547718,365,Fine particles (PM 2.5),Mean,mcg/m3,CD,316,Brownsville (CD16),Winter 2016-17,12/01/2016,8.12,
334233,365,Fine particles (PM 2.5),Mean,mcg/m3,CD,205,Fordham and University Heights (CD5),Winter 2014-15,12/01/2014,10.85,
334197,365,Fine particles (PM 2.5),Mean,mcg/m3,CD,105,Midtown (CD5),Winter 2014-15,12/01/2014,13.2,
170439,365,Fine particles (PM 2.5),Mean,mcg/m3,CD,316,Brownsville (CD16),Annual Average 2013,12/01/2012,8.82,
212928,365,Fine particles (PM 2.5),Mean,mcg/m3,UHF42,202,Downtown - Heights - Slope,Annual Average 2014,12/01/2013,9.99,
177214,365,Fine particles (PM 2.5),Mean,mcg/m3,UHF42,406,Fresh Meadows,Winter 2009-10,12/01/2009,9.57,
547469,365,Fine particles (PM 2.5),Mean,mcg/m3,UHF42,406,Fresh Meadows,Winter 2016-17,12/01/2016,7.81,
547371,365,Fine particles (PM 2.5),Mean,mcg/m3,UHF42,102,Northeast Bronx,Summer 2017,06/01/2017,9.25,
605667,365,Fine particles (PM 2.5),Mean,mcg/m3,UHF42,102,Northeast Bronx,Summer 2018,06/01/2018,8.33,
177204,365,Fine particles (PM 2.5),Mean,mcg/m3,UHF42,306,Chelsea - Clinton,Winter 2009-10,12/01/2009,13.18,
605733,365,Fine particles (PM 2.5),Mean,mcg/m3,UHF42,306,Chelsea - Clinton,Summer 2018,06/01/2018,11.25,
547737,365,Fine particles (PM 2.5),Mean,mcg/m3,CD,405,Ridgewood and Maspeth (CD5),Summer 2017,06/01/2017,9.26,
606033,365,Fine particles (PM 2.5),Mean,mcg/m3,CD,405,Ridgewood and Maspeth (CD5),Summer 2018,06/01/2018,8.65,
547739,365,Fine particles (PM 2.5),Mean,mcg/m3,CD,405,Ridgewood and Maspeth (CD5),Winter 2016-17,12/01/2016,8.23,
336807,375,Nitrogen dioxide (NO2),Mean,ppb,CD,305,East New York and Starrett City (CD5),Winter 2014-15,12/01/2014,24.66,
550076,375,Nitrogen dioxide (NO2),Mean,ppb,CD,305,East New York and Starrett City (CD5),Annual Average 2017,01/01/2017,17.92,
213616,375,Nitrogen dioxide (NO2),Mean,ppb,CD,316,Brownsville (CD16),Annual Average 2014,12/01/2013,20.91,
603051,375,Nitrogen dioxide (NO2),Mean,ppb,CD,316,Brownsville (CD16),Summer 2018,06/01/2018,13.22,
667755,375,Nitrogen dioxide (NO2),Mean,ppb,CD,316,Brownsville (CD16),Summer 2020,06/01/2020,11.4,
549420,386,Ozone (O3),Mean,ppb,CD,205,Fordham and University Heights (CD5),Summer 2017,06/01/2017,27.24,
547716,365,Fine particles (PM 2.5),Mean,mcg/m3,CD,316,Brownsville (CD16),Summer 2017,06/01/2017,9.18,
547769,365,Fine particles (PM 2.5),Mean,mcg/m3,CD,501,St. George and Stapleton (CD1),Winter 2016-17,12/01/2016,7.23,
547767,365,Fine particles (PM 2.5),Mean,mcg/m3,CD,501,St. George and Stapleton (CD1),Summer 2017,06/01/2017,8.43,
606063,365,Fine particles (PM 2.5),Mean,mcg/m3,CD,501,St. George and Stapleton (CD1),Summer 2018,06/01/2018,7.65,
169335,365,Fine particles (PM 2.5),Mean,mcg/m3,CD,501,St. George and Stapleton (CD1),Summer 2009,06/01/2009,10.58,
168568,365,Fine particles (PM 2.5),Mean,mcg/m3,CD,501,St. George and Stapleton (CD1),Winter 2010-11,12/01/2010,11.97,
170456,365,Fine particles (PM 2.5),Mean,mcg/m3,CD,501,St. George and Stapleton (CD1),Annual Average 2013,12/01/2012,8.11,
549416,386,Ozone (O3),Mean,ppb,CD,201,Mott Haven and Melrose (CD1),Summer 2017,06/01/2017,28.42,
121657,386,Ozone (O3),Mean,ppb,CD,202,Hunts Point and Longwood (CD2),2-Year Summer Average 2009-2010,06/01/2009,27.63,
671091,386,Ozone (O3),Mean,ppb,CD,501,St. George and Stapleton (CD1),Summer 2020,06/01/2020,27.39,
605350,386,Ozone (O3),Mean,ppb,CD,402,Woodside and Sunnyside (CD2),Summer 2018,06/01/2018,29.7,
166873,375,Nitrogen dioxide (NO2),Mean,ppb,CD,202,Hunts Point and Longwood (CD2),Summer 2013,06/01/2013,17.22,
166814,375,Nitrogen dioxide (NO2),Mean,ppb,CD,202,Hunts Point and Longwood (CD2),Summer 2012,06/01/2012,17.78,
602933,375,Nitrogen dioxide (NO2),Mean,ppb,CD,101,Financial District (CD1),Annual Average 2018,01/01/2018,25.32,
166861,375,Nitrogen dioxide (NO2),Mean,ppb,CD,102,Greenwich Village and Soho (CD2),Summer 2013,06/01/2013,26.19,
166802,375,Nitrogen dioxide (NO2),Mean,ppb,CD,102,Greenwich Village and Soho (CD2),Summer 2012,06/01/2012,27.46,
741128,375,Nitrogen dioxide (NO2),Mean,ppb,CD,102,Greenwich Village and Soho (CD2),Summer 2021,06/01/2021,17.82,
603062,375,Nitrogen dioxide (NO2),Mean,ppb,CD,402,Woodside and Sunnyside (CD2),Annual Average 2018,01/01/2018,21.13,
412828,375,Nitrogen dioxide (NO2),Mean,ppb,CD,501,St. George and Stapleton (CD1),Annual Average 2016,12/31/2015,16.86,
603059,375,Nitrogen dioxide (NO2),Mean,ppb,CD,401,Long Island City and Astoria (CD1),Annual Average 2018,01/01/2018,19.5,
603008,375,Nitrogen dioxide (NO2),Mean,ppb,CD,302,Fort Greene and Brooklyn Heights (CD2),Annual Average 2018,01/01/2018,21.09,
741200,375,Nitrogen dioxide (NO2),Mean,ppb,CD,302,Fort Greene and Brooklyn Heights (CD2),Summer 2021,06/01/2021,14.53,
643722,375,Nitrogen dioxide (NO2),Mean,ppb,CD,502,South Beach and Willowbrook (CD2),Winter 2018-19,12/01/2018,16.05,
667861,375,Nitrogen dioxide (NO2),Mean,ppb,CD,502,South Beach and Willowbrook (CD2),Annual Average 2020,01/01/2020,11.49,
667771,375,Nitrogen dioxide (NO2),Mean,ppb,CD,401,Long Island City and Astoria (CD1),Annual Average 2020,01/01/2020,17.63,
336796,375,Nitrogen dioxide (NO2),Mean,ppb,CD,302,Fort Greene and Brooklyn Heights (CD2),Annual Average 2015,01/01/2015,22.4,
602974,375,Nitrogen dioxide (NO2),Mean,ppb,CD,202,Hunts Point and Longwood (CD2),Winter 2017-18,12/01/2017,27.01,
165752,375,Nitrogen dioxide (NO2),Mean,ppb,CD,202,Hunts Point and Longwood (CD2),Winter 2008-09,12/01/2008,30.52,
602935,375,Nitrogen dioxide (NO2),Mean,ppb,CD,101,Financial District (CD1),Winter 2017-18,12/01/2017,30.19,
165740,375,Nitrogen dioxide (NO2),Mean,ppb,CD,102,Greenwich Village and Soho (CD2),Winter 2008-09,12/01/2008,39.68,
213279,375,Nitrogen dioxide (NO2),Mean,ppb,CD,501,St. George and Stapleton (CD1),Winter 2013-14,12/01/2013,24.27,
643717,375,Nitrogen dioxide (NO2),Mean,ppb,CD,501,St. George and Stapleton (CD1),Annual Average 2019,01/01/2019,15.05,
168557,365,Fine particles (PM 2.5),Mean,mcg/m3,CD,404,Elmhurst and Corona (CD4),Winter 2010-11,12/01/2010,12.67,
169324,365,Fine particles (PM 2.5),Mean,mcg/m3,CD,404,Elmhurst and Corona (CD4),Summer 2009,06/01/2009,10.83,
169319,365,Fine particles (PM 2.5),Mean,mcg/m3,CD,317,East Flatbush (CD17),Summer 2009,06/01/2009,10.88,
170440,365,Fine particles (PM 2.5),Mean,mcg/m3,CD,317,East Flatbush (CD17),Annual Average 2013,12/01/2012,8.69,
547720,365,Fine particles (PM 2.5),Mean,mcg/m3,CD,317,East Flatbush (CD17),Annual Average 2017,01/01/2017,7.49,
169320,365,Fine particles (PM 2.5),Mean,mcg/m3,CD,318,Flatlands and Canarsie (CD18),Summer 2009,06/01/2009,10.33,
168553,365,Fine particles (PM 2.5),Mean,mcg/m3,CD,318,Flatlands and Canarsie (CD18),Winter 2010-11,12/01/2010,11.79,
170441,365,Fine particles (PM 2.5),Mean,mcg/m3,CD,318,Flatlands and Canarsie (CD18),Annual Average 2013,12/01/2012,8.16,
121688,386,Ozone (O3),Mean,ppb,CD,403,Jackson Heights (CD3),2-Year Summer Average 2009-2010,06/01/2009,26.9,
121689,386,Ozone (O3),Mean,ppb,CD,404,Elmhurst and Corona (CD4),2-Year Summer Average 2009-2010,06/01/2009,26.7,
412702,375,Nitrogen dioxide (NO2),Mean,ppb,CD,203,Morrisania and Crotona (CD3),Annual Average 2016,12/31/2015,20.07,
602975,375,Nitrogen dioxide (NO2),Mean,ppb,CD,203,Morrisania and Crotona (CD3),Annual Average 2018,01/01/2018,19.82,
741170,375,Nitrogen dioxide (NO2),Mean,ppb,CD,204,Highbridge and Concourse (CD4),Summer 2021,06/01/2021,14.26,
166841,375,Nitrogen dioxide (NO2),Mean,ppb,CD,317,East Flatbush (CD17),Summer 2012,06/01/2012,16.97,
412780,375,Nitrogen dioxide (NO2),Mean,ppb,CD,317,East Flatbush (CD17),Annual Average 2016,12/31/2015,18.94,
166842,375,Nitrogen dioxide (NO2),Mean,ppb,CD,318,Flatlands and Canarsie (CD18),Summer 2012,06/01/2012,12.42,
166901,375,Nitrogen dioxide (NO2),Mean,ppb,CD,318,Flatlands and Canarsie (CD18),Summer 2013,06/01/2013,11.98,
166886,375,Nitrogen dioxide (NO2),Mean,ppb,CD,303,Bedford Stuyvesant (CD3),Summer 2013,06/01/2013,19.35,
166827,375,Nitrogen dioxide (NO2),Mean,ppb,CD,303,Bedford Stuyvesant (CD3),Summer 2012,06/01/2012,19.68,
412738,375,Nitrogen dioxide (NO2),Mean,ppb,CD,303,Bedford Stuyvesant (CD3),Annual Average 2016,12/31/2015,20.79,
167667,375,Nitrogen dioxide (NO2),Mean,ppb,CD,317,East Flatbush (CD17),Annual Average 2011,12/01/2010,23.62,
213440,375,Nitrogen dioxide (NO2),Mean,ppb,CD,317,East Flatbush (CD17),Summer 2014,06/01/2014,15.04,
167668,375,Nitrogen dioxide (NO2),Mean,ppb,CD,318,Flatlands and Canarsie (CD18),Annual Average 2011,12/01/2010,19.24,
167550,375,Nitrogen dioxide (NO2),Mean,ppb,CD,318,Flatlands and Canarsie (CD18),Annual Average 2009,12/01/2008,20.26,
213441,375,Nitrogen dioxide (NO2),Mean,ppb,CD,318,Flatlands and Canarsie (CD18),Summer 2014,06/01/2014,11.2,
167535,375,Nitrogen dioxide (NO2),Mean,ppb,CD,303,Bedford Stuyvesant (CD3),Annual Average 2009,12/01/2008,27.55,
167653,375,Nitrogen dioxide (NO2),Mean,ppb,CD,303,Bedford Stuyvesant (CD3),Annual Average 2011,12/01/2010,25.92,
336799,375,Nitrogen dioxide (NO2),Mean,ppb,CD,303,Bedford Stuyvesant (CD3),Annual Average 2015,01/01/2015,21.26,
667681,375,Nitrogen dioxide (NO2),Mean,ppb,CD,304,Bushwick (CD4),Annual Average 2020,01/01/2020,17.47,
213225,375,Nitrogen dioxide (NO2),Mean,ppb,CD,103,Lower East Side and Chinatown (CD3),Winter 2013-14,12/01/2013,32.23,
175255,375,Nitrogen dioxide (NO2),Mean,ppb,UHF42,107,Hunts Point - Mott Haven,Winter 2008-09,12/01/2008,30.82,
643336,375,Nitrogen dioxide (NO2),Mean,ppb,UHF42,107,Hunts Point - Mott Haven,Annual Average 2019,01/01/2019,18.75,
175261,375,Nitrogen dioxide (NO2),Mean,ppb,UHF42,206,Borough Park,Winter 2008-09,12/01/2008,29.68,
603061,375,Nitrogen dioxide (NO2),Mean,ppb,CD,401,Long Island City and Astoria (CD1),Winter 2017-18,12/01/2017,25.96,
643675,375,Nitrogen dioxide (NO2),Mean,ppb,CD,401,Long Island City and Astoria (CD1),Annual Average 2019,01/01/2019,18.4,
165764,375,Nitrogen dioxide (NO2),Mean,ppb,CD,302,Fort Greene and Brooklyn Heights (CD2),Winter 2008-09,12/01/2008,34.5,
412698,375,Nitrogen dioxide (NO2),Mean,ppb,CD,202,Hunts Point and Longwood (CD2),Summer 2016,06/01/2016,15.53,
741163,375,Nitrogen dioxide (NO2),Mean,ppb,CD,202,Hunts Point and Longwood (CD2),Winter 2020-21,12/01/2020,22.38,
412694,375,Nitrogen dioxide (NO2),Mean,ppb,CD,201,Mott Haven and Melrose (CD1),Winter 2015-16,12/01/2015,24.83,
741160,375,Nitrogen dioxide (NO2),Mean,ppb,CD,201,Mott Haven and Melrose (CD1),Winter 2020-21,12/01/2020,22.12,
166696,375,Nitrogen dioxide (NO2),Mean,ppb,CD,202,Hunts Point and Longwood (CD2),Summer 2010,06/01/2010,20.53,
166755,375,Nitrogen dioxide (NO2),Mean,ppb,CD,202,Hunts Point and Longwood (CD2),Summer 2011,06/01/2011,19.4,
166684,375,Nitrogen dioxide (NO2),Mean,ppb,CD,102,Greenwich Village and Soho (CD2),Summer 2010,06/01/2010,29.66,
166743,375,Nitrogen dioxide (NO2),Mean,ppb,CD,102,Greenwich Village and Soho (CD2),Summer 2011,06/01/2011,29.44,
166739,375,Nitrogen dioxide (NO2),Mean,ppb,CD,501,St. George and Stapleton (CD1),Summer 2010,06/01/2010,16.26,
166798,375,Nitrogen dioxide (NO2),Mean,ppb,CD,501,St. George and Stapleton (CD1),Summer 2011,06/01/2011,16.24,
412784,375,Nitrogen dioxide (NO2),Mean,ppb,CD,401,Long Island City and Astoria (CD1),Winter 2015-16,12/01/2015,24.39,
336761,375,Nitrogen dioxide (NO2),Mean,ppb,CD,202,Hunts Point and Longwood (CD2),Summer 2015,06/01/2015,16.41,
167581,375,Nitrogen dioxide (NO2),Mean,ppb,CD,202,Hunts Point and Longwood (CD2),Annual Average 2010,12/01/2009,23.88,
"131423,648,Asthma emergency department visits due to PM2.5,Estimated annual rate (under age 18),""per 100,000 children"",UHF42,206,Borough Park,2009-2011,01/01/2009,19.5,"
"131448,648,Asthma emergency department visits due to PM2.5,Estimated annual rate (under age 18),""per 100,000 children"",UHF42,410,Rockaways,2009-2011,01/01/2009,111.8,"
"131447,648,Asthma emergency department visits due to PM2.5,Estimated annual rate (under age 18),""per 100,000 children"",UHF42,409,Southeast Queens,2009-2011,01/01/2009,70.5,"
"628449,648,Asthma emergency department visits due to PM2.5,Estimated annual rate (under age 18),""per 100,000 children"",UHF42,206,Borough Park,2015-2017,01/01/2015,15.8,"
336722,375,Nitrogen dioxide (NO2),Mean,ppb,CD,101,Financial District (CD1),Summer 2015,06/01/2015,23.01,
165976,375,Nitrogen dioxide (NO2),Mean,ppb,CD,102,Greenwich Village and Soho (CD2),Winter 2012-13,12/01/2012,32.72,
167569,375,Nitrogen dioxide (NO2),Mean,ppb,CD,102,Greenwich Village and Soho (CD2),Annual Average 2010,12/01/2009,31.83,
336725,375,Nitrogen dioxide (NO2),Mean,ppb,CD,102,Greenwich Village and Soho (CD2),Summer 2015,06/01/2015,22.41,
167624,375,Nitrogen dioxide (NO2),Mean,ppb,CD,501,St. George and Stapleton (CD1),Annual Average 2010,12/01/2009,19.33,
216620,386,Ozone (O3),Mean,ppb,CD,502,South Beach and Willowbrook (CD2),Summer 2009,06/01/2009,26.99,
216422,386,Ozone (O3),Mean,ppb,CD,301,Greenpoint and Williamsburg (CD1),Summer 2009,06/01/2009,25.45,
216530,386,Ozone (O3),Mean,ppb,CD,401,Long Island City and Astoria (CD1),Summer 2009,06/01/2009,26.26,
216614,386,Ozone (O3),Mean,ppb,CD,501,St. George and Stapleton (CD1),Summer 2009,06/01/2009,24.87,
213263,375,Nitrogen dioxide (NO2),Mean,ppb,CD,317,East Flatbush (CD17),Winter 2013-14,12/01/2013,28.44,
213264,375,Nitrogen dioxide (NO2),Mean,ppb,CD,318,Flatlands and Canarsie (CD18),Winter 2013-14,12/01/2013,25.43,
213249,375,Nitrogen dioxide (NO2),Mean,ppb,CD,303,Bedford Stuyvesant (CD3),Winter 2013-14,12/01/2013,29.76,
643627,375,Nitrogen dioxide (NO2),Mean,ppb,CD,303,Bedford Stuyvesant (CD3),Annual Average 2019,01/01/2019,18.35,
643630,375,Nitrogen dioxide (NO2),Mean,ppb,CD,304,Bushwick (CD4),Annual Average 2019,01/01/2019,18.16,
166697,375,Nitrogen dioxide (NO2),Mean,ppb,CD,203,Morrisania and Crotona (CD3),Summer 2010,06/01/2010,22.1,
412700,375,Nitrogen dioxide (NO2),Mean,ppb,CD,203,Morrisania and Crotona (CD3),Winter 2015-16,12/01/2015,23.92,
741169,375,Nitrogen dioxide (NO2),Mean,ppb,CD,204,Highbridge and Concourse (CD4),Winter 2020-21,12/01/2020,21.51,
412779,375,Nitrogen dioxide (NO2),Mean,ppb,CD,317,East Flatbush (CD17),Summer 2016,06/01/2016,13.96,
166783,375,Nitrogen dioxide (NO2),Mean,ppb,CD,318,Flatlands and Canarsie (CD18),Summer 2011,06/01/2011,14.28,
166724,375,Nitrogen dioxide (NO2),Mean,ppb,CD,318,Flatlands and Canarsie (CD18),Summer 2010,06/01/2010,14.3,
166709,375,Nitrogen dioxide (NO2),Mean,ppb,CD,303,Bedford Stuyvesant (CD3),Summer 2010,06/01/2010,21.54,
166768,375,Nitrogen dioxide (NO2),Mean,ppb,CD,303,Bedford Stuyvesant (CD3),Summer 2011,06/01/2011,21.38,
412737,375,Nitrogen dioxide (NO2),Mean,ppb,CD,303,Bedford Stuyvesant (CD3),Summer 2016,06/01/2016,16.02,
412736,375,Nitrogen dioxide (NO2),Mean,ppb,CD,303,Bedford Stuyvesant (CD3),Winter 2015-16,12/01/2015,25.21,
165989,375,Nitrogen dioxide (NO2),Mean,ppb,CD,203,Morrisania and Crotona (CD3),Winter 2012-13,12/01/2012,26.69,
167582,375,Nitrogen dioxide (NO2),Mean,ppb,CD,203,Morrisania and Crotona (CD3),Annual Average 2010,12/01/2009,25,
667610,375,Nitrogen dioxide (NO2),Mean,ppb,CD,204,Highbridge and Concourse (CD4),Winter 2019-20,12/01/2019,25.84,
"131454,648,Asthma emergency department visits due to PM2.5,Estimated annual rate (under age 18),""per 100,000 children"",Borough,1,Bronx,2009-2011,01/01/2009,128.2,"
"628443,648,Asthma emergency department visits due to PM2.5,Estimated annual rate (under age 18),""per 100,000 children"",UHF42,107,Hunts Point - Mott Haven,2015-2017,01/01/2015,194.7,"
"131446,648,Asthma emergency department visits due to PM2.5,Estimated annual rate (under age 18),""per 100,000 children"",UHF42,408,Jamaica,2009-2011,01/01/2009,115.8,"
"131445,648,Asthma emergency department visits due to PM2.5,Estimated annual rate (under age 18),""per 100,000 children"",UHF42,407,Southwest Queens,2009-2011,01/01/2009,80,"
"518884,648,Asthma emergency department visits due to PM2.5,Estimated annual rate (under age 18),""per 100,000 children"",Borough,2,Brooklyn,2012-2014,01/02/2012,81.79,"
"628450,648,Asthma emergency department visits due to PM2.5,Estimated annual rate (under age 18),""per 100,000 children"",UHF42,207,East Flatbush - Flatbush,2015-2017,01/01/2015,84.2,"
"628461,648,Asthma emergency department visits due to PM2.5,Estimated annual rate (under age 18),""per 100,000 children"",UHF42,307,Gramercy Park - Murray Hill,2015-2017,01/01/2015,44.5,"
"628462,648,Asthma emergency department visits due to PM2.5,Estimated annual rate (under age 18),""per 100,000 children"",UHF42,308,Greenwich Village - SoHo,2015-2017,01/01/2015,14.2,"
"628472,648,Asthma emergency department visits due to PM2.5,Estimated annual rate (under age 18),""per 100,000 children"",UHF42,408,Jamaica,2015-2017,01/01/2015,69.6,"
667532,375,Nitrogen dioxide (NO2),Mean,ppb,CD,103,Lower East Side and Chinatown (CD3),Winter 2019-20,12/01/2019,29.78,
216362,386,Ozone (O3),Mean,ppb,CD,203,Morrisania and Crotona (CD3),Summer 2009,06/01/2009,23.39,
216368,386,Ozone (O3),Mean,ppb,CD,204,Highbridge and Concourse (CD4),Summer 2009,06/01/2009,22.3,
334275,365,Fine particles (PM 2.5),Mean,mcg/m3,CD,307,Sunset Park (CD7),Winter 2014-15,12/01/2014,9.73,
547690,365,Fine particles (PM 2.5),Mean,mcg/m3,CD,307,Sunset Park (CD7),Annual Average 2017,01/01/2017,8.17,
212923,365,Fine particles (PM 2.5),Mean,mcg/m3,UHF42,104,Pelham - Throgs Neck,Annual Average 2014,12/01/2013,8.97,
179512,365,Fine particles (PM 2.5),Mean,mcg/m3,Borough,5,Staten Island,Winter 2011-12,12/01/2011,8.42,
177282,365,Fine particles (PM 2.5),Mean,mcg/m3,UHF42,211,Williamsburg - Bushwick,Winter 2011-12,12/01/2011,11.01,
547419,365,Fine particles (PM 2.5),Mean,mcg/m3,UHF42,211,Williamsburg - Bushwick,Summer 2017,06/01/2017,9.87,
605715,365,Fine particles (PM 2.5),Mean,mcg/m3,UHF42,211,Williamsburg - Bushwick,Summer 2018,06/01/2018,9.31,
168567,365,Fine particles (PM 2.5),Mean,mcg/m3,CD,414,Rockaway and Broad Channel (CD14),Winter 2010-11,12/01/2010,10.28,
169334,365,Fine particles (PM 2.5),Mean,mcg/m3,CD,414,Rockaway and Broad Channel (CD14),Summer 2009,06/01/2009,9.6,
547743,365,Fine particles (PM 2.5),Mean,mcg/m3,CD,407,Flushing and Whitestone (CD7),Summer 2017,06/01/2017,8.92,
547745,365,Fine particles (PM 2.5),Mean,mcg/m3,CD,407,Flushing and Whitestone (CD7),Winter 2016-17,12/01/2016,8.04,
669954,365,Fine particles (PM 2.5),Mean,mcg/m3,CD,407,Flushing and Whitestone (CD7),Summer 2020,06/01/2020,7.06,
168501,365,Fine particles (PM 2.5),Mean,mcg/m3,CD,407,Flushing and Whitestone (CD7),Winter 2009-10,12/01/2009,9.58,
214163,365,Fine particles (PM 2.5),Mean,mcg/m3,CD,414,Rockaway and Broad Channel (CD14),Annual Average 2014,12/01/2013,7.69,
547764,365,Fine particles (PM 2.5),Mean,mcg/m3,CD,414,Rockaway and Broad Channel (CD14),Summer 2017,06/01/2017,7.73,
547766,365,Fine particles (PM 2.5),Mean,mcg/m3,CD,414,Rockaway and Broad Channel (CD14),Winter 2016-17,12/01/2016,7.29,
741216,375,Nitrogen dioxide (NO2),Mean,ppb,CD,307,Sunset Park (CD7),Annual Average 2021,01/01/2021,18.06,
550104,375,Nitrogen dioxide (NO2),Mean,ppb,CD,314,Flatbush and Midwood (CD14),Winter 2016-17,12/01/2016,24.72,
667185,375,Nitrogen dioxide (NO2),Mean,ppb,UHF42,304,Upper West Side,Summer 2020,06/01/2020,15.07,
549452,386,Ozone (O3),Mean,ppb,CD,407,Flushing and Whitestone (CD7),Summer 2017,06/01/2017,30.28,
605355,386,Ozone (O3),Mean,ppb,CD,407,Flushing and Whitestone (CD7),Summer 2018,06/01/2018,31.29,
671099,386,Ozone (O3),Mean,ppb,CD,407,Flushing and Whitestone (CD7),Summer 2020,06/01/2020,31.56,
121650,386,Ozone (O3),Mean,ppb,CD,107,Upper West Side (CD7),2-Year Summer Average 2009-2010,06/01/2009,24.37,
549410,386,Ozone (O3),Mean,ppb,CD,107,Upper West Side (CD7),Summer 2017,06/01/2017,25.57,
670896,386,Ozone (O3),Mean,ppb,CD,107,Upper West Side (CD7),Summer 2020,06/01/2020,29,
606060,365,Fine particles (PM 2.5),Mean,mcg/m3,CD,414,Rockaway and Broad Channel (CD14),Summer 2018,06/01/2018,7.75,
334329,365,Fine particles (PM 2.5),Mean,mcg/m3,CD,407,Flushing and Whitestone (CD7),Winter 2014-15,12/01/2014,9.27,
742539,365,Fine particles (PM 2.5),Mean,mcg/m3,CD,407,Flushing and Whitestone (CD7),Annual Average 2021,01/01/2021,6.47,
166807,375,Nitrogen dioxide (NO2),Mean,ppb,CD,107,Upper West Side (CD7),Summer 2012,06/01/2012,23.57,
412714,375,Nitrogen dioxide (NO2),Mean,ppb,CD,207,Kingsbridge Heights and Bedford (CD7),Annual Average 2016,12/31/2015,19.15,
166856,375,Nitrogen dioxide (NO2),Mean,ppb,CD,414,Rockaway and Broad Channel (CD14),Summer 2012,06/01/2012,8.11,
166915,375,Nitrogen dioxide (NO2),Mean,ppb,CD,414,Rockaway and Broad Channel (CD14),Summer 2013,06/01/2013,7.88,
412804,375,Nitrogen dioxide (NO2),Mean,ppb,CD,407,Flushing and Whitestone (CD7),Annual Average 2016,12/31/2015,18.2,
643695,375,Nitrogen dioxide (NO2),Mean,ppb,CD,407,Flushing and Whitestone (CD7),Winter 2018-19,12/01/2018,21.31,
336832,375,Nitrogen dioxide (NO2),Mean,ppb,CD,314,Flatbush and Midwood (CD14),Annual Average 2015,01/01/2015,19.26,
165745,375,Nitrogen dioxide (NO2),Mean,ppb,CD,107,Upper West Side (CD7),Winter 2008-09,12/01/2008,36.35,
602953,375,Nitrogen dioxide (NO2),Mean,ppb,CD,107,Upper West Side (CD7),Winter 2017-18,12/01/2017,27.27,
213241,375,Nitrogen dioxide (NO2),Mean,ppb,CD,207,Kingsbridge Heights and Bedford (CD7),Winter 2013-14,12/01/2013,26.19,
643603,375,Nitrogen dioxide (NO2),Mean,ppb,CD,207,Kingsbridge Heights and Bedford (CD7),Annual Average 2019,01/01/2019,16.23,
165794,375,Nitrogen dioxide (NO2),Mean,ppb,CD,414,Rockaway and Broad Channel (CD14),Winter 2008-09,12/01/2008,20.89,
213278,375,Nitrogen dioxide (NO2),Mean,ppb,CD,414,Rockaway and Broad Channel (CD14),Winter 2013-14,12/01/2013,22.58,
603079,375,Nitrogen dioxide (NO2),Mean,ppb,CD,407,Flushing and Whitestone (CD7),Winter 2017-18,12/01/2017,24.45,
603046,375,Nitrogen dioxide (NO2),Mean,ppb,CD,314,Flatbush and Midwood (CD14),Winter 2017-18,12/01/2017,23.47,
603025,375,Nitrogen dioxide (NO2),Mean,ppb,CD,307,Sunset Park (CD7),Winter 2017-18,12/01/2017,25.9,
166748,375,Nitrogen dioxide (NO2),Mean,ppb,CD,107,Upper West Side (CD7),Summer 2011,06/01/2011,25.77,
166689,375,Nitrogen dioxide (NO2),Mean,ppb,CD,107,Upper West Side (CD7),Summer 2010,06/01/2010,26.69,
412677,375,Nitrogen dioxide (NO2),Mean,ppb,CD,107,Upper West Side (CD7),Summer 2016,06/01/2016,19.1,
166738,375,Nitrogen dioxide (NO2),Mean,ppb,CD,414,Rockaway and Broad Channel (CD14),Summer 2010,06/01/2010,9.96,
166797,375,Nitrogen dioxide (NO2),Mean,ppb,CD,414,Rockaway and Broad Channel (CD14),Summer 2011,06/01/2011,9.81,
412824,375,Nitrogen dioxide (NO2),Mean,ppb,CD,414,Rockaway and Broad Channel (CD14),Summer 2016,06/01/2016,6.1,
412803,375,Nitrogen dioxide (NO2),Mean,ppb,CD,407,Flushing and Whitestone (CD7),Summer 2016,06/01/2016,14,
165981,375,Nitrogen dioxide (NO2),Mean,ppb,CD,107,Upper West Side (CD7),Winter 2012-13,12/01/2012,30.62,
667556,375,Nitrogen dioxide (NO2),Mean,ppb,CD,107,Upper West Side (CD7),Winter 2019-20,12/01/2019,28.15,
"131421,648,Asthma emergency department visits due to PM2.5,Estimated annual rate (under age 18),""per 100,000 children"",UHF42,204,East New York,2009-2011,01/01/2009,153.2,"
"628440,648,Asthma emergency department visits due to PM2.5,Estimated annual rate (under age 18),""per 100,000 children"",UHF42,104,Pelham - Throgs Neck,2015-2017,01/01/2015,105.2,"
"131452,648,Asthma emergency department visits due to PM2.5,Estimated annual rate (under age 18),""per 100,000 children"",UHF42,504,South Beach - Tottenville,2009-2011,01/01/2009,21,"
167586,375,Nitrogen dioxide (NO2),Mean,ppb,CD,207,Kingsbridge Heights and Bedford (CD7),Annual Average 2010,12/01/2009,23.77,
166030,375,Nitrogen dioxide (NO2),Mean,ppb,CD,414,Rockaway and Broad Channel (CD14),Winter 2012-13,12/01/2012,18.77,
167623,375,Nitrogen dioxide (NO2),Mean,ppb,CD,414,Rockaway and Broad Channel (CD14),Annual Average 2010,12/01/2009,13.95,
643715,375,Nitrogen dioxide (NO2),Mean,ppb,CD,414,Rockaway and Broad Channel (CD14),Summer 2019,06/01/2019,7.22,
336866,375,Nitrogen dioxide (NO2),Mean,ppb,CD,407,Flushing and Whitestone (CD7),Summer 2015,06/01/2015,14.4,
336833,375,Nitrogen dioxide (NO2),Mean,ppb,CD,314,Flatbush and Midwood (CD14),Summer 2015,06/01/2015,13.99,
"518910,648,Asthma emergency department visits due to PM2.5,Estimated annual rate (under age 18),""per 100,000 children"",UHF42,305,Upper East Side,2012-2014,01/02/2012,24.44,"
336731,375,Nitrogen dioxide (NO2),Mean,ppb,CD,104,Clinton and Chelsea (CD4),Summer 2015,06/01/2015,23.42,
643565,375,Nitrogen dioxide (NO2),Mean,ppb,CD,106,Stuyvesant Town and Turtle Bay (CD6),Summer 2019,06/01/2019,23.07,
667550,375,Nitrogen dioxide (NO2),Mean,ppb,CD,106,Stuyvesant Town and Turtle Bay (CD6),Winter 2019-20,12/01/2019,32.57,
165992,375,Nitrogen dioxide (NO2),Mean,ppb,CD,206,Belmont and East Tremont (CD6),Winter 2012-13,12/01/2012,26.22,
167585,375,Nitrogen dioxide (NO2),Mean,ppb,CD,206,Belmont and East Tremont (CD6),Annual Average 2010,12/01/2009,24.44,
643607,375,Nitrogen dioxide (NO2),Mean,ppb,CD,208,Riverdale and Fieldston (CD8),Summer 2019,06/01/2019,10.37,
643691,375,Nitrogen dioxide (NO2),Mean,ppb,CD,406,Rego Park and Forest Hills (CD6),Summer 2019,06/01/2019,12.97,
167617,375,Nitrogen dioxide (NO2),Mean,ppb,CD,408,Hillcrest and Fresh Meadows (CD8),Annual Average 2010,12/01/2009,21.28,
216560,386,Ozone (O3),Mean,ppb,CD,406,Rego Park and Forest Hills (CD6),Summer 2009,06/01/2009,24.53,
325209,643,Annual vehicle miles traveled,million miles,per km2,UHF42,205,Sunset Park,2016,01/01/2016,26.1,
151625,643,Annual vehicle miles traveled,million miles,per km2,UHF42,103,Fordham - Bronx Pk,2005,01/01/2005,23.8,
325202,643,Annual vehicle miles traveled,million miles,per km2,UHF42,105,Crotona -Tremont,2016,01/01/2016,36.4,
325244,643,Annual vehicle miles traveled,million miles,per km2,CD,104,Clinton and Chelsea (CD4),2016,01/01/2016,53.5,
154577,643,Annual vehicle miles traveled,million miles,per km2,CD,206,Belmont and East Tremont (CD6),2005,01/01/2005,37.9,
325260,643,Annual vehicle miles traveled,million miles,per km2,CD,208,Riverdale and Fieldston (CD8),2016,01/01/2016,16.7,
151643,643,Annual vehicle miles traveled,million miles,per km2,UHF42,303,East Harlem,2005,01/01/2005,53.1,
325218,643,Annual vehicle miles traveled,million miles,per km2,UHF42,303,East Harlem,2016,01/01/2016,59.7,
325288,643,Annual vehicle miles traveled,million miles,per km2,CD,406,Rego Park and Forest Hills (CD6),2016,01/01/2016,44.9,
154609,643,Annual vehicle miles traveled,million miles,per km2,CD,408,Hillcrest and Fresh Meadows (CD8),2005,01/01/2005,36.5,
325270,643,Annual vehicle miles traveled,million miles,per km2,CD,306,Park Slope and Carroll Gardens (CD6),2016,01/01/2016,26.4,
"131372,657,Asthma emergency department visits due to PM2.5,Estimated annual rate (age 18+),""per 100,000 adults"",UHF42,203,Bedford Stuyvesant - Crown Heights,2009-2011,01/01/2009,95.4,"
"131374,657,Asthma emergency department visits due to PM2.5,Estimated annual rate (age 18+),""per 100,000 adults"",UHF42,205,Sunset Park,2009-2011,01/01/2009,35,"
"131228,657,Asthma emergency department visits due to PM2.5,Estimated annual rate (age 18+),""per 100,000 adults"",UHF42,203,Bedford Stuyvesant - Crown Heights,2005-2007,01/01/2005,114.4,"
"131221,657,Asthma emergency department visits due to PM2.5,Estimated annual rate (age 18+),""per 100,000 adults"",UHF42,103,Fordham - Bronx Pk,2005-2007,01/01/2005,108.2,"
"518945,657,Asthma emergency department visits due to PM2.5,Estimated annual rate (age 18+),""per 100,000 adults"",UHF42,203,Bedford Stuyvesant - Crown Heights,2012-2014,01/02/2012,91.18,"
"518947,657,Asthma emergency department visits due to PM2.5,Estimated annual rate (age 18+),""per 100,000 adults"",UHF42,205,Sunset Park,2012-2014,01/02/2012,27.98,"
"151584,661,Asthma hospitalizations due to Ozone,Estimated annual rate (age 18+),""per 100,000 adults"",UHF42,203,Bedford Stuyvesant - Crown Heights,2009-2011,01/01/2009,13.5,"
165904,375,Nitrogen dioxide (NO2),Mean,ppb,CD,406,Rego Park and Forest Hills (CD6),Winter 2010-11,12/01/2010,31.5,
166671,375,Nitrogen dioxide (NO2),Mean,ppb,CD,406,Rego Park and Forest Hills (CD6),Summer 2009,06/01/2009,21.16,
167792,375,Nitrogen dioxide (NO2),Mean,ppb,CD,406,Rego Park and Forest Hills (CD6),Annual Average 2013,12/01/2012,21.1,
336864,375,Nitrogen dioxide (NO2),Mean,ppb,CD,406,Rego Park and Forest Hills (CD6),Winter 2014-15,12/01/2014,25.25,
550133,375,Nitrogen dioxide (NO2),Mean,ppb,CD,406,Rego Park and Forest Hills (CD6),Annual Average 2017,01/01/2017,19.33,
602710,375,Nitrogen dioxide (NO2),Mean,ppb,UHF42,103,Fordham - Bronx Pk,Winter 2017-18,12/01/2017,22.82,
643324,375,Nitrogen dioxide (NO2),Mean,ppb,UHF42,103,Fordham - Bronx Pk,Annual Average 2019,01/01/2019,15.17,
175253,375,Nitrogen dioxide (NO2),Mean,ppb,UHF42,105,Crotona -Tremont,Winter 2008-09,12/01/2008,32.51,
602794,375,Nitrogen dioxide (NO2),Mean,ppb,UHF42,403,Flushing - Clearview,Winter 2017-18,12/01/2017,24.42,
175426,375,Nitrogen dioxide (NO2),Mean,ppb,UHF42,203,Bedford Stuyvesant - Crown Heights,Winter 2012-13,12/01/2012,27.11,
336518,375,Nitrogen dioxide (NO2),Mean,ppb,UHF42,203,Bedford Stuyvesant - Crown Heights,Summer 2015,06/01/2015,15.97,
667112,375,Nitrogen dioxide (NO2),Mean,ppb,UHF42,203,Bedford Stuyvesant - Crown Heights,Winter 2019-20,12/01/2019,27.58,
336524,375,Nitrogen dioxide (NO2),Mean,ppb,UHF42,205,Sunset Park,Summer 2015,06/01/2015,14.98,
175419,375,Nitrogen dioxide (NO2),Mean,ppb,UHF42,103,Fordham - Bronx Pk,Winter 2012-13,12/01/2012,24.13,
643331,375,Nitrogen dioxide (NO2),Mean,ppb,UHF42,105,Crotona -Tremont,Summer 2019,06/01/2019,14.38,
667082,375,Nitrogen dioxide (NO2),Mean,ppb,UHF42,105,Crotona -Tremont,Winter 2019-20,12/01/2019,24.76,
"131539,650,Respiratory hospitalizations due to PM2.5 (age 20+),Estimated annual rate,""per 100,000 adults"",UHF42,405,Ridgewood - Forest Hills,2009-2011,01/01/2009,12.4,"
"628535,650,Respiratory hospitalizations due to PM2.5 (age 20+),Estimated annual rate,""per 100,000 adults"",UHF42,103,Fordham - Bronx Pk,2015-2017,01/01/2015,19.4,"
"518796,650,Respiratory hospitalizations due to PM2.5 (age 20+),Estimated annual rate,""per 100,000 adults"",UHF42,105,Crotona -Tremont,2012-2014,01/02/2012,20.75,"
"518814,650,Respiratory hospitalizations due to PM2.5 (age 20+),Estimated annual rate,""per 100,000 adults"",UHF42,305,Upper East Side,2012-2014,01/02/2012,8.38,"
"628555,650,Respiratory hospitalizations due to PM2.5 (age 20+),Estimated annual rate,""per 100,000 adults"",UHF42,305,Upper East Side,2015-2017,01/01/2015,6.7,"
334242,365,Fine particles (PM 2.5),Mean,mcg/m3,CD,208,Riverdale and Fieldston (CD8),Winter 2014-15,12/01/2014,10.15,
547657,365,Fine particles (PM 2.5),Mean,mcg/m3,CD,208,Riverdale and Fieldston (CD8),Annual Average 2017,01/01/2017,7.4,
742452,365,Fine particles (PM 2.5),Mean,mcg/m3,CD,208,Riverdale and Fieldston (CD8),Annual Average 2021,01/01/2021,6.55,
742536,365,Fine particles (PM 2.5),Mean,mcg/m3,CD,406,Rego Park and Forest Hills (CD6),Annual Average 2021,01/01/2021,6.43,
168561,365,Fine particles (PM 2.5),Mean,mcg/m3,CD,408,Hillcrest and Fresh Meadows (CD8),Winter 2010-11,12/01/2010,12.08,
334332,365,Fine particles (PM 2.5),Mean,mcg/m3,CD,408,Hillcrest and Fresh Meadows (CD8),Winter 2014-15,12/01/2014,8.76,
170449,365,Fine particles (PM 2.5),Mean,mcg/m3,CD,408,Hillcrest and Fresh Meadows (CD8),Annual Average 2013,12/01/2012,8.23,
168559,365,Fine particles (PM 2.5),Mean,mcg/m3,CD,406,Rego Park and Forest Hills (CD6),Winter 2010-11,12/01/2010,12.41,
169326,365,Fine particles (PM 2.5),Mean,mcg/m3,CD,406,Rego Park and Forest Hills (CD6),Summer 2009,06/01/2009,10.67,
170447,365,Fine particles (PM 2.5),Mean,mcg/m3,CD,406,Rego Park and Forest Hills (CD6),Annual Average 2013,12/01/2012,8.71,
325213,643,Annual vehicle miles traveled,million miles,per km2,UHF42,209,Bensonhurst - Bay Ridge,2016,01/01/2016,25.3,
151639,643,Annual vehicle miles traveled,million miles,per km2,UHF42,210,Coney Island - Sheepshead Bay,2005,01/01/2005,15.9,
325253,643,Annual vehicle miles traveled,million miles,per km2,CD,201,Mott Haven and Melrose (CD1),2016,01/01/2016,30.5,
154573,643,Annual vehicle miles traveled,million miles,per km2,CD,202,Hunts Point and Longwood (CD2),2005,01/01/2005,21.1,
325241,643,Annual vehicle miles traveled,million miles,per km2,CD,101,Financial District (CD1),2016,01/01/2016,37.2,
154561,643,Annual vehicle miles traveled,million miles,per km2,CD,102,Greenwich Village and Soho (CD2),2005,01/01/2005,45.7,
151660,643,Annual vehicle miles traveled,million miles,per km2,UHF42,410,Rockaways,2005,01/01/2005,4.9,
325265,643,Annual vehicle miles traveled,million miles,per km2,CD,301,Greenpoint and Williamsburg (CD1),2016,01/01/2016,27,
"131390,657,Asthma emergency department visits due to PM2.5,Estimated annual rate (age 18+),""per 100,000 adults"",UHF42,310,Lower Manhattan,2009-2011,01/01/2009,25.7,"
"131408,657,Asthma emergency department visits due to PM2.5,Estimated annual rate (age 18+),""per 100,000 adults"",Borough,3,Manhattan,2009-2011,01/01/2009,45.7,"
"131400,657,Asthma emergency department visits due to PM2.5,Estimated annual rate (age 18+),""per 100,000 adults"",UHF42,410,Rockaways,2009-2011,01/01/2009,47.8,"
"131231,657,Asthma emergency department visits due to PM2.5,Estimated annual rate (age 18+),""per 100,000 adults"",UHF42,206,Borough Park,2005-2007,01/01/2005,13,"
"131234,657,Asthma emergency department visits due to PM2.5,Estimated annual rate (age 18+),""per 100,000 adults"",UHF42,209,Bensonhurst - Bay Ridge,2005-2007,01/01/2005,14.8,"
"518941,657,Asthma emergency department visits due to PM2.5,Estimated annual rate (age 18+),""per 100,000 adults"",UHF42,106,High Bridge - Morrisania,2012-2014,01/02/2012,117.38,"
"628497,657,Asthma emergency department visits due to PM2.5,Estimated annual rate (age 18+),""per 100,000 adults"",UHF42,206,Borough Park,2015-2017,01/01/2015,9.3,"
"628522,657,Asthma emergency department visits due to PM2.5,Estimated annual rate (age 18+),""per 100,000 adults"",UHF42,410,Rockaways,2015-2017,01/01/2015,39,"
165914,375,Nitrogen dioxide (NO2),Mean,ppb,CD,502,South Beach and Willowbrook (CD2),Winter 2010-11,12/01/2010,23.17,
166681,375,Nitrogen dioxide (NO2),Mean,ppb,CD,502,South Beach and Willowbrook (CD2),Summer 2009,06/01/2009,12.89,
167802,375,Nitrogen dioxide (NO2),Mean,ppb,CD,502,South Beach and Willowbrook (CD2),Annual Average 2013,12/01/2012,13.77,
336894,375,Nitrogen dioxide (NO2),Mean,ppb,CD,502,South Beach and Willowbrook (CD2),Winter 2014-15,12/01/2014,19.58,
166680,375,Nitrogen dioxide (NO2),Mean,ppb,CD,501,St. George and Stapleton (CD1),Summer 2009,06/01/2009,17.45,
165913,375,Nitrogen dioxide (NO2),Mean,ppb,CD,501,St. George and Stapleton (CD1),Winter 2010-11,12/01/2010,27.18,
175254,375,Nitrogen dioxide (NO2),Mean,ppb,UHF42,106,High Bridge - Morrisania,Winter 2008-09,12/01/2008,33.61,
212295,375,Nitrogen dioxide (NO2),Mean,ppb,UHF42,106,High Bridge - Morrisania,Winter 2013-14,12/01/2013,28.68,
643354,375,Nitrogen dioxide (NO2),Mean,ppb,UHF42,206,Borough Park,Annual Average 2019,01/01/2019,16.66,
212305,375,Nitrogen dioxide (NO2),Mean,ppb,UHF42,209,Bensonhurst - Bay Ridge,Winter 2013-14,12/01/2013,26.86,
643429,375,Nitrogen dioxide (NO2),Mean,ppb,UHF42,410,Rockaways,Annual Average 2019,01/01/2019,10.04,
602812,375,Nitrogen dioxide (NO2),Mean,ppb,UHF42,409,Southeast Queens,Winter 2017-18,12/01/2017,21.61,
602695,375,Nitrogen dioxide (NO2),Mean,ppb,Borough,3,Manhattan,Winter 2017-18,12/01/2017,28.62,
212326,375,Nitrogen dioxide (NO2),Mean,ppb,UHF42,409,Southeast Queens,Winter 2013-14,12/01/2013,25.34,
216290,386,Ozone (O3),Mean,ppb,CD,103,Lower East Side and Chinatown (CD3),Summer 2009,06/01/2009,21.59,
325256,643,Annual vehicle miles traveled,million miles,per km2,CD,204,Highbridge and Concourse (CD4),2016,01/01/2016,37,
154604,643,Annual vehicle miles traveled,million miles,per km2,CD,403,Jackson Heights (CD3),2005,01/01/2005,30.1,
165901,375,Nitrogen dioxide (NO2),Mean,ppb,CD,403,Jackson Heights (CD3),Winter 2010-11,12/01/2010,31.75,
741258,375,Nitrogen dioxide (NO2),Mean,ppb,CD,403,Jackson Heights (CD3),Annual Average 2021,01/01/2021,16.91,
166669,375,Nitrogen dioxide (NO2),Mean,ppb,CD,404,Elmhurst and Corona (CD4),Summer 2009,06/01/2009,22.96,
167790,375,Nitrogen dioxide (NO2),Mean,ppb,CD,404,Elmhurst and Corona (CD4),Annual Average 2013,12/01/2012,22.82,
"131262,657,Asthma emergency department visits due to PM2.5,Estimated annual rate (age 18+),""per 100,000 adults"",Borough,1,Bronx,2005-2007,01/01/2005,122.3,"
"131253,657,Asthma emergency department visits due to PM2.5,Estimated annual rate (age 18+),""per 100,000 adults"",UHF42,407,Southwest Queens,2005-2007,01/01/2005,30.6,"
"628491,657,Asthma emergency department visits due to PM2.5,Estimated annual rate (age 18+),""per 100,000 adults"",UHF42,107,Hunts Point - Mott Haven,2015-2017,01/01/2015,104.6,"
"518931,657,Asthma emergency department visits due to PM2.5,Estimated annual rate (age 18+),""per 100,000 adults"",Borough,1,Bronx,2012-2014,01/02/2012,83.7,"
"518971,657,Asthma emergency department visits due to PM2.5,Estimated annual rate (age 18+),""per 100,000 adults"",UHF42,408,Jamaica,2012-2014,01/02/2012,39.6,"
336897,375,Nitrogen dioxide (NO2),Mean,ppb,CD,503,Tottenville and Great Kills (CD3),Winter 2014-15,12/01/2014,18.2,
211360,375,Nitrogen dioxide (NO2),Mean,ppb,Borough,1,Bronx,Winter 2013-14,12/01/2013,25.87,
643357,375,Nitrogen dioxide (NO2),Mean,ppb,UHF42,207,East Flatbush - Flatbush,Annual Average 2019,01/01/2019,16.27,
212304,375,Nitrogen dioxide (NO2),Mean,ppb,UHF42,208,Canarsie - Flatlands,Winter 2013-14,12/01/2013,25.35,
643360,375,Nitrogen dioxide (NO2),Mean,ppb,UHF42,208,Canarsie - Flatlands,Annual Average 2019,01/01/2019,13.14,
175283,375,Nitrogen dioxide (NO2),Mean,ppb,UHF42,407,Southwest Queens,Winter 2008-09,12/01/2008,29.22,
643420,375,Nitrogen dioxide (NO2),Mean,ppb,UHF42,407,Southwest Queens,Annual Average 2019,01/01/2019,15.13,
602809,375,Nitrogen dioxide (NO2),Mean,ppb,UHF42,408,Jamaica,Winter 2017-18,12/01/2017,23.83,
212314,375,Nitrogen dioxide (NO2),Mean,ppb,UHF42,307,Gramercy Park - Murray Hill,Winter 2013-14,12/01/2013,39.35,
212315,375,Nitrogen dioxide (NO2),Mean,ppb,UHF42,308,Greenwich Village - SoHo,Winter 2013-14,12/01/2013,33.98,
643393,375,Nitrogen dioxide (NO2),Mean,ppb,UHF42,308,Greenwich Village - SoHo,Annual Average 2019,01/01/2019,23.56,
667094,375,Nitrogen dioxide (NO2),Mean,ppb,UHF42,107,Hunts Point - Mott Haven,Winter 2019-20,12/01/2019,25.29,
643304,375,Nitrogen dioxide (NO2),Mean,ppb,Borough,1,Bronx,Summer 2019,06/01/2019,13.14,
179424,375,Nitrogen dioxide (NO2),Mean,ppb,Borough,2,Brooklyn,Annual Average 2010,12/01/2009,22.7,
667034,375,Nitrogen dioxide (NO2),Mean,ppb,Borough,2,Brooklyn,Winter 2019-20,12/01/2019,25.56,
643358,375,Nitrogen dioxide (NO2),Mean,ppb,UHF42,207,East Flatbush - Flatbush,Summer 2019,06/01/2019,12.75,
643361,375,Nitrogen dioxide (NO2),Mean,ppb,UHF42,208,Canarsie - Flatlands,Summer 2019,06/01/2019,9.24,
667262,375,Nitrogen dioxide (NO2),Mean,ppb,UHF42,407,Southwest Queens,Winter 2019-20,12/01/2019,23.92,
175452,375,Nitrogen dioxide (NO2),Mean,ppb,UHF42,408,Jamaica,Winter 2012-13,12/01/2012,22.95,
176669,375,Nitrogen dioxide (NO2),Mean,ppb,UHF42,407,Southwest Queens,Annual Average 2012,12/01/2011,20.01,
"131541,650,Respiratory hospitalizations due to PM2.5 (age 20+),Estimated annual rate,""per 100,000 adults"",UHF42,407,Southwest Queens,2009-2011,01/01/2009,10.5,"
216608,386,Ozone (O3),Mean,ppb,CD,414,Rockaway and Broad Channel (CD14),Summer 2009,06/01/2009,33.69,
216386,386,Ozone (O3),Mean,ppb,CD,207,Kingsbridge Heights and Bedford (CD7),Summer 2009,06/01/2009,23.55,
325208,643,Annual vehicle miles traveled,million miles,per km2,UHF42,204,East New York,2016,01/01/2016,19.4,
325201,643,Annual vehicle miles traveled,million miles,per km2,UHF42,104,Pelham - Throgs Neck,2016,01/01/2016,23.9,
325215,643,Annual vehicle miles traveled,million miles,per km2,UHF42,211,Williamsburg - Bushwick,2016,01/01/2016,17,
154566,643,Annual vehicle miles traveled,million miles,per km2,CD,107,Upper West Side (CD7),2005,01/01/2005,51.3,
154615,643,Annual vehicle miles traveled,million miles,per km2,CD,414,Rockaway and Broad Channel (CD14),2005,01/01/2005,5.3,
325278,643,Annual vehicle miles traveled,million miles,per km2,CD,314,Flatbush and Midwood (CD14),2016,01/01/2016,20.5,
325271,643,Annual vehicle miles traveled,million miles,per km2,CD,307,Sunset Park (CD7),2016,01/01/2016,34.1,
"131229,657,Asthma emergency department visits due to PM2.5,Estimated annual rate (age 18+),""per 100,000 adults"",UHF42,204,East New York,2005-2007,01/01/2005,100.1,"
"628495,657,Asthma emergency department visits due to PM2.5,Estimated annual rate (age 18+),""per 100,000 adults"",UHF42,204,East New York,2015-2017,01/01/2015,71.4,"
"628506,657,Asthma emergency department visits due to PM2.5,Estimated annual rate (age 18+),""per 100,000 adults"",UHF42,304,Upper West Side,2015-2017,01/01/2015,23.2,"
336888,375,Nitrogen dioxide (NO2),Mean,ppb,CD,414,Rockaway and Broad Channel (CD14),Winter 2014-15,12/01/2014,20.58,
550157,375,Nitrogen dioxide (NO2),Mean,ppb,CD,414,Rockaway and Broad Channel (CD14),Annual Average 2017,01/01/2017,12.55,
550136,375,Nitrogen dioxide (NO2),Mean,ppb,CD,407,Flushing and Whitestone (CD7),Annual Average 2017,01/01/2017,18.45,
741270,375,Nitrogen dioxide (NO2),Mean,ppb,CD,407,Flushing and Whitestone (CD7),Annual Average 2021,01/01/2021,15.66,
167793,375,Nitrogen dioxide (NO2),Mean,ppb,CD,407,Flushing and Whitestone (CD7),Annual Average 2013,12/01/2012,18.71,
166672,375,Nitrogen dioxide (NO2),Mean,ppb,CD,407,Flushing and Whitestone (CD7),Summer 2009,06/01/2009,19.23,
602755,375,Nitrogen dioxide (NO2),Mean,ppb,UHF42,211,Williamsburg - Bushwick,Winter 2017-18,12/01/2017,27.7,
643369,375,Nitrogen dioxide (NO2),Mean,ppb,UHF42,211,Williamsburg - Bushwick,Annual Average 2019,01/01/2019,19.67,
175270,375,Nitrogen dioxide (NO2),Mean,ppb,UHF42,304,Upper West Side,Winter 2008-09,12/01/2008,36.38,
643381,375,Nitrogen dioxide (NO2),Mean,ppb,UHF42,304,Upper West Side,Annual Average 2019,01/01/2019,20.8,
175427,375,Nitrogen dioxide (NO2),Mean,ppb,UHF42,204,East New York,Winter 2012-13,12/01/2012,25.3,
175420,375,Nitrogen dioxide (NO2),Mean,ppb,UHF42,104,Pelham - Throgs Neck,Winter 2012-13,12/01/2012,22.38,
643328,375,Nitrogen dioxide (NO2),Mean,ppb,UHF42,104,Pelham - Throgs Neck,Summer 2019,06/01/2019,12.8,
667076,375,Nitrogen dioxide (NO2),Mean,ppb,UHF42,104,Pelham - Throgs Neck,Winter 2019-20,12/01/2019,22.22,
336542,375,Nitrogen dioxide (NO2),Mean,ppb,UHF42,211,Williamsburg - Bushwick,Summer 2015,06/01/2015,16.54,
667160,375,Nitrogen dioxide (NO2),Mean,ppb,UHF42,211,Williamsburg - Bushwick,Winter 2019-20,12/01/2019,28.7,
176645,375,Nitrogen dioxide (NO2),Mean,ppb,UHF42,204,East New York,Annual Average 2012,12/01/2011,20.67,
"131524,650,Respiratory hospitalizations due to PM2.5 (age 20+),Estimated annual rate,""per 100,000 adults"",UHF42,211,Williamsburg - Bushwick,2009-2011,01/01/2009,18.2,"
"628543,650,Respiratory hospitalizations due to PM2.5 (age 20+),Estimated annual rate,""per 100,000 adults"",UHF42,204,East New York,2015-2017,01/01/2015,13.2,"
167591,375,Nitrogen dioxide (NO2),Mean,ppb,CD,212,Williamsbridge and Baychester (CD12),Annual Average 2010,12/01/2009,19.74,
667658,375,Nitrogen dioxide (NO2),Mean,ppb,CD,212,Williamsbridge and Baychester (CD12),Winter 2019-20,12/01/2019,21.56,
216344,386,Ozone (O3),Mean,ppb,CD,112,Washington Heights and Inwood (CD12),Summer 2009,06/01/2009,21.92,
216416,386,Ozone (O3),Mean,ppb,CD,212,Williamsbridge and Baychester (CD12),Summer 2009,06/01/2009,26.58,
216584,386,Ozone (O3),Mean,ppb,CD,410,South Ozone Park and Howard Beach (CD10),Summer 2009,06/01/2009,27.2,
325198,643,Annual vehicle miles traveled,million miles,per km2,UHF42,101,Kingsbridge - Riverdale,2016,01/01/2016,28.8,
151641,643,Annual vehicle miles traveled,million miles,per km2,UHF42,301,Washington Heights,2005,01/01/2005,44.4,
151661,643,Annual vehicle miles traveled,million miles,per km2,UHF42,501,Port Richmond,2005,01/01/2005,7.7,
325236,643,Annual vehicle miles traveled,million miles,per km2,UHF42,501,Port Richmond,2016,01/01/2016,7,
325252,643,Annual vehicle miles traveled,million miles,per km2,CD,112,Washington Heights and Inwood (CD12),2016,01/01/2016,48.8,
154593,643,Annual vehicle miles traveled,million miles,per km2,CD,310,Bay Ridge and Dyker Heights (CD10),2005,01/01/2005,30.8,
325276,643,Annual vehicle miles traveled,million miles,per km2,CD,312,Borough Park (CD12),2016,01/01/2016,26.2,
151651,643,Annual vehicle miles traveled,million miles,per km2,UHF42,401,Long Island City - Astoria,2005,01/01/2005,18.6,
741285,375,Nitrogen dioxide (NO2),Mean,ppb,CD,412,Jamaica and Hollis (CD12),Annual Average 2021,01/01/2021,15.13,
"131401,657,Asthma emergency department visits due to PM2.5,Estimated annual rate (age 18+),""per 100,000 adults"",UHF42,501,Port Richmond,2009-2011,01/01/2009,64.5,"
"131391,657,Asthma emergency department visits due to PM2.5,Estimated annual rate (age 18+),""per 100,000 adults"",UHF42,401,Long Island City - Astoria,2009-2011,01/01/2009,28.1,"
"131226,657,Asthma emergency department visits due to PM2.5,Estimated annual rate (age 18+),""per 100,000 adults"",UHF42,201,Greenpoint,2005-2007,01/01/2005,36.6,"
"131219,657,Asthma emergency department visits due to PM2.5,Estimated annual rate (age 18+),""per 100,000 adults"",UHF42,101,Kingsbridge - Riverdale,2005-2007,01/01/2005,36.7,"
"131237,657,Asthma emergency department visits due to PM2.5,Estimated annual rate (age 18+),""per 100,000 adults"",UHF42,301,Washington Heights,2005-2007,01/01/2005,66.4,"
"131257,657,Asthma emergency department visits due to PM2.5,Estimated annual rate (age 18+),""per 100,000 adults"",UHF42,501,Port Richmond,2005-2007,01/01/2005,62.6,"
"628503,657,Asthma emergency department visits due to PM2.5,Estimated annual rate (age 18+),""per 100,000 adults"",UHF42,301,Washington Heights,2015-2017,01/01/2015,32.9,"
166675,375,Nitrogen dioxide (NO2),Mean,ppb,CD,410,South Ozone Park and Howard Beach (CD10),Summer 2009,06/01/2009,17.65,
165908,375,Nitrogen dioxide (NO2),Mean,ppb,CD,410,South Ozone Park and Howard Beach (CD10),Winter 2010-11,12/01/2010,28.73,
167796,375,Nitrogen dioxide (NO2),Mean,ppb,CD,410,South Ozone Park and Howard Beach (CD10),Annual Average 2013,12/01/2012,19.04,
212308,375,Nitrogen dioxide (NO2),Mean,ppb,UHF42,301,Washington Heights,Winter 2013-14,12/01/2013,26.86,
602818,375,Nitrogen dioxide (NO2),Mean,ppb,UHF42,501,Port Richmond,Winter 2017-18,12/01/2017,22.6,
643432,375,Nitrogen dioxide (NO2),Mean,ppb,UHF42,501,Port Richmond,Annual Average 2019,01/01/2019,15.73,
643402,375,Nitrogen dioxide (NO2),Mean,ppb,UHF42,401,Long Island City - Astoria,Annual Average 2019,01/01/2019,20.24,
643340,375,Nitrogen dioxide (NO2),Mean,ppb,UHF42,201,Greenpoint,Summer 2019,06/01/2019,19.22,
667100,375,Nitrogen dioxide (NO2),Mean,ppb,UHF42,201,Greenpoint,Winter 2019-20,12/01/2019,29.27,
669927,365,Fine particles (PM 2.5),Mean,mcg/m3,CD,316,Brownsville (CD16),Summer 2020,06/01/2020,6.96,
606012,365,Fine particles (PM 2.5),Mean,mcg/m3,CD,316,Brownsville (CD16),Summer 2018,06/01/2018,8.63,
169325,365,Fine particles (PM 2.5),Mean,mcg/m3,CD,405,Ridgewood and Maspeth (CD5),Summer 2009,06/01/2009,10.85,
170446,365,Fine particles (PM 2.5),Mean,mcg/m3,CD,405,Ridgewood and Maspeth (CD5),Annual Average 2013,12/01/2012,8.76,
549408,386,Ozone (O3),Mean,ppb,CD,105,Midtown (CD5),Summer 2017,06/01/2017,21.32,
605311,386,Ozone (O3),Mean,ppb,CD,105,Midtown (CD5),Summer 2018,06/01/2018,22.91,
602945,375,Nitrogen dioxide (NO2),Mean,ppb,CD,105,Midtown (CD5),Annual Average 2018,01/01/2018,31.1,
213439,375,Nitrogen dioxide (NO2),Mean,ppb,CD,316,Brownsville (CD16),Summer 2014,06/01/2014,15.48,
213428,375,Nitrogen dioxide (NO2),Mean,ppb,CD,305,East New York and Starrett City (CD5),Summer 2014,06/01/2014,13.71,
602983,375,Nitrogen dioxide (NO2),Mean,ppb,CD,205,Fordham and University Heights (CD5),Winter 2017-18,12/01/2017,26.49,
643321,375,Nitrogen dioxide (NO2),Mean,ppb,UHF42,102,Northeast Bronx,Annual Average 2019,01/01/2019,14.67,
213251,375,Nitrogen dioxide (NO2),Mean,ppb,CD,305,East New York and Starrett City (CD5),Winter 2013-14,12/01/2013,27.51,
643633,375,Nitrogen dioxide (NO2),Mean,ppb,CD,305,East New York and Starrett City (CD5),Annual Average 2019,01/01/2019,15.43,
412707,375,Nitrogen dioxide (NO2),Mean,ppb,CD,205,Fordham and University Heights (CD5),Summer 2016,06/01/2016,17.67,
741241,375,Nitrogen dioxide (NO2),Mean,ppb,CD,316,Brownsville (CD16),Winter 2020-21,12/01/2020,22.89,
336770,375,Nitrogen dioxide (NO2),Mean,ppb,CD,205,Fordham and University Heights (CD5),Summer 2015,06/01/2015,18.84,
"131412,648,Asthma emergency department visits due to PM2.5,Estimated annual rate (under age 18),""per 100,000 children"",UHF42,102,Northeast Bronx,2009-2011,01/01/2009,73.4,"
"130795,648,Asthma emergency department visits due to PM2.5,Estimated annual rate (under age 18),""per 100,000 children"",UHF42,202,Downtown - Heights - Slope,2005-2007,01/01/2005,99.3,"
"518896,648,Asthma emergency department visits due to PM2.5,Estimated annual rate (under age 18),""per 100,000 children"",UHF42,202,Downtown - Heights - Slope,2012-2014,01/02/2012,76.93,"
"131430,648,Asthma emergency department visits due to PM2.5,Estimated annual rate (under age 18),""per 100,000 children"",UHF42,302,Central Harlem - Morningside Heights,2009-2011,01/01/2009,291.1,"
"131444,648,Asthma emergency department visits due to PM2.5,Estimated annual rate (under age 18),""per 100,000 children"",UHF42,406,Fresh Meadows,2009-2011,01/01/2009,47.7,"
336734,375,Nitrogen dioxide (NO2),Mean,ppb,CD,105,Midtown (CD5),Summer 2015,06/01/2015,29.69,
643667,375,Nitrogen dioxide (NO2),Mean,ppb,CD,316,Brownsville (CD16),Summer 2019,06/01/2019,13.24,
216554,386,Ozone (O3),Mean,ppb,CD,405,Ridgewood and Maspeth (CD5),Summer 2009,06/01/2009,26.1,
325257,643,Annual vehicle miles traveled,million miles,per km2,CD,205,Fordham and University Heights (CD5),2016,01/01/2016,39.7,
325221,643,Annual vehicle miles traveled,million miles,per km2,UHF42,306,Chelsea - Clinton,2016,01/01/2016,45.2,
325269,643,Annual vehicle miles traveled,million miles,per km2,CD,305,East New York and Starrett City (CD5),2016,01/01/2016,20.8,
"131371,657,Asthma emergency department visits due to PM2.5,Estimated annual rate (age 18+),""per 100,000 adults"",UHF42,202,Downtown - Heights - Slope,2009-2011,01/01/2009,40.7,"
"131396,657,Asthma emergency department visits due to PM2.5,Estimated annual rate (age 18+),""per 100,000 adults"",UHF42,406,Fresh Meadows,2009-2011,01/01/2009,17.2,"
"131220,657,Asthma emergency department visits due to PM2.5,Estimated annual rate (age 18+),""per 100,000 adults"",UHF42,102,Northeast Bronx,2005-2007,01/01/2005,69.4,"
334326,365,Fine particles (PM 2.5),Mean,mcg/m3,CD,406,Rego Park and Forest Hills (CD6),Winter 2014-15,12/01/2014,9.17,
547741,365,Fine particles (PM 2.5),Mean,mcg/m3,CD,406,Rego Park and Forest Hills (CD6),Annual Average 2017,01/01/2017,7.35,
177211,365,Fine particles (PM 2.5),Mean,mcg/m3,UHF42,403,Flushing - Clearview,Winter 2009-10,12/01/2009,9.54,
177295,365,Fine particles (PM 2.5),Mean,mcg/m3,UHF42,403,Flushing - Clearview,Winter 2011-12,12/01/2011,9.23,
212950,365,Fine particles (PM 2.5),Mean,mcg/m3,UHF42,403,Flushing - Clearview,Annual Average 2014,12/01/2013,8.65,
669746,365,Fine particles (PM 2.5),Mean,mcg/m3,UHF42,403,Flushing - Clearview,Summer 2020,06/01/2020,7.05,
212952,365,Fine particles (PM 2.5),Mean,mcg/m3,UHF42,405,Ridgewood - Forest Hills,Annual Average 2014,12/01/2013,8.85,
547464,365,Fine particles (PM 2.5),Mean,mcg/m3,UHF42,405,Ridgewood - Forest Hills,Summer 2017,06/01/2017,8.85,
605760,365,Fine particles (PM 2.5),Mean,mcg/m3,UHF42,405,Ridgewood - Forest Hills,Summer 2018,06/01/2018,8.33,
212940,365,Fine particles (PM 2.5),Mean,mcg/m3,UHF42,303,East Harlem,Annual Average 2014,12/01/2013,9.84,
177203,365,Fine particles (PM 2.5),Mean,mcg/m3,UHF42,305,Upper East Side,Winter 2009-10,12/01/2009,11.89,
212960,365,Fine particles (PM 2.5),Mean,mcg/m3,UHF42,503,Willowbrook,Annual Average 2014,12/01/2013,8.68,
177305,365,Fine particles (PM 2.5),Mean,mcg/m3,UHF42,503,Willowbrook,Winter 2011-12,12/01/2011,8.48,
547488,365,Fine particles (PM 2.5),Mean,mcg/m3,UHF42,503,Willowbrook,Summer 2017,06/01/2017,8.35,
547490,365,Fine particles (PM 2.5),Mean,mcg/m3,UHF42,503,Willowbrook,Winter 2016-17,12/01/2016,7.28,
605784,365,Fine particles (PM 2.5),Mean,mcg/m3,UHF42,503,Willowbrook,Summer 2018,06/01/2018,7.74,
669716,365,Fine particles (PM 2.5),Mean,mcg/m3,UHF42,503,Willowbrook,Summer 2020,06/01/2020,6.6,
177221,365,Fine particles (PM 2.5),Mean,mcg/m3,UHF42,503,Willowbrook,Winter 2009-10,12/01/2009,9.27,
649911,365,Fine particles (PM 2.5),Mean,mcg/m3,CD,106,Stuyvesant Town and Turtle Bay (CD6),Winter 2018-19,12/01/2018,10.74,
649947,365,Fine particles (PM 2.5),Mean,mcg/m3,CD,206,Belmont and East Tremont (CD6),Winter 2018-19,12/01/2018,7.8,
213950,365,Fine particles (PM 2.5),Mean,mcg/m3,CD,208,Riverdale and Fieldston (CD8),Summer 2014,06/01/2014,8.65,
178569,365,Fine particles (PM 2.5),Mean,mcg/m3,UHF42,103,Fordham - Bronx Pk,Annual Average 2013,12/01/2012,9.06,
742170,365,Fine particles (PM 2.5),Mean,mcg/m3,UHF42,103,Fordham - Bronx Pk,Annual Average 2021,01/01/2021,6.58,
333966,365,Fine particles (PM 2.5),Mean,mcg/m3,UHF42,105,Crotona -Tremont,Winter 2014-15,12/01/2014,10.65,
547381,365,Fine particles (PM 2.5),Mean,mcg/m3,UHF42,105,Crotona -Tremont,Annual Average 2017,01/01/2017,8.16,
547435,365,Fine particles (PM 2.5),Mean,mcg/m3,UHF42,305,Upper East Side,Annual Average 2017,01/01/2017,8.85,
177799,365,Fine particles (PM 2.5),Mean,mcg/m3,UHF42,403,Flushing - Clearview,Summer 2009,06/01/2009,10.23,
177801,365,Fine particles (PM 2.5),Mean,mcg/m3,UHF42,405,Ridgewood - Forest Hills,Summer 2009,06/01/2009,10.56,
649945,365,Fine particles (PM 2.5),Mean,mcg/m3,CD,206,Belmont and East Tremont (CD6),Annual Average 2019,01/01/2019,7.15,
334276,365,Fine particles (PM 2.5),Mean,mcg/m3,CD,308,Crown Heights and Prospect Heights (CD8),Annual Average 2015,01/01/2015,8.91,
669901,365,Fine particles (PM 2.5),Mean,mcg/m3,CD,308,Crown Heights and Prospect Heights (CD8),Annual Average 2020,01/01/2020,6.31,
669949,365,Fine particles (PM 2.5),Mean,mcg/m3,CD,406,Rego Park and Forest Hills (CD6),Annual Average 2020,01/01/2020,6.12,
175429,375,Nitrogen dioxide (NO2),Mean,ppb,UHF42,206,Borough Park,Winter 2012-13,12/01/2012,25.67,
176563,375,Nitrogen dioxide (NO2),Mean,ppb,UHF42,206,Borough Park,Annual Average 2010,12/01/2009,23.43,
175422,375,Nitrogen dioxide (NO2),Mean,ppb,UHF42,106,High Bridge - Morrisania,Winter 2012-13,12/01/2012,28.3,
176567,375,Nitrogen dioxide (NO2),Mean,ppb,UHF42,210,Coney Island - Sheepshead Bay,Annual Average 2010,12/01/2009,19.01,
336539,375,Nitrogen dioxide (NO2),Mean,ppb,UHF42,210,Coney Island - Sheepshead Bay,Summer 2015,06/01/2015,11.07,
667280,375,Nitrogen dioxide (NO2),Mean,ppb,UHF42,410,Rockaways,Winter 2019-20,12/01/2019,17.57,
643430,375,Nitrogen dioxide (NO2),Mean,ppb,UHF42,410,Rockaways,Summer 2019,06/01/2019,7.33,
667274,375,Nitrogen dioxide (NO2),Mean,ppb,UHF42,409,Southeast Queens,Winter 2019-20,12/01/2019,20.09,
176647,375,Nitrogen dioxide (NO2),Mean,ppb,UHF42,206,Borough Park,Annual Average 2012,12/01/2011,20.87,
176671,375,Nitrogen dioxide (NO2),Mean,ppb,UHF42,409,Southeast Queens,Annual Average 2012,12/01/2011,17.34,
"131519,650,Respiratory hospitalizations due to PM2.5 (age 20+),Estimated annual rate,""per 100,000 adults"",UHF42,206,Borough Park,2009-2011,01/01/2009,11.8,"
"131552,650,Respiratory hospitalizations due to PM2.5 (age 20+),Estimated annual rate,""per 100,000 adults"",Borough,3,Manhattan,2009-2011,01/01/2009,12.6,"
"131544,650,Respiratory hospitalizations due to PM2.5 (age 20+),Estimated annual rate,""per 100,000 adults"",UHF42,410,Rockaways,2009-2011,01/01/2009,18.8,"
"628545,650,Respiratory hospitalizations due to PM2.5 (age 20+),Estimated annual rate,""per 100,000 adults"",UHF42,206,Borough Park,2015-2017,01/01/2015,8.8,"
"518819,650,Respiratory hospitalizations due to PM2.5 (age 20+),Estimated annual rate,""per 100,000 adults"",UHF42,310,Lower Manhattan,2012-2014,01/02/2012,6.08,"
"628530,650,Respiratory hospitalizations due to PM2.5 (age 20+),Estimated annual rate,""per 100,000 adults"",Borough,3,Manhattan,2015-2017,01/01/2015,9.6,"
547726,365,Fine particles (PM 2.5),Mean,mcg/m3,CD,401,Long Island City and Astoria (CD1),Annual Average 2017,01/01/2017,7.69,
742521,365,Fine particles (PM 2.5),Mean,mcg/m3,CD,401,Long Island City and Astoria (CD1),Annual Average 2021,01/01/2021,6.76,
334260,365,Fine particles (PM 2.5),Mean,mcg/m3,CD,302,Fort Greene and Brooklyn Heights (CD2),Winter 2014-15,12/01/2014,10.03,
742470,365,Fine particles (PM 2.5),Mean,mcg/m3,CD,302,Fort Greene and Brooklyn Heights (CD2),Annual Average 2021,01/01/2021,7.1,
170457,365,Fine particles (PM 2.5),Mean,mcg/m3,CD,502,South Beach and Willowbrook (CD2),Annual Average 2013,12/01/2012,8.05,
547672,365,Fine particles (PM 2.5),Mean,mcg/m3,CD,301,Greenpoint and Williamsburg (CD1),Annual Average 2017,01/01/2017,9.06,
177217,365,Fine particles (PM 2.5),Mean,mcg/m3,UHF42,409,Southeast Queens,Winter 2009-10,12/01/2009,8.85,
177302,365,Fine particles (PM 2.5),Mean,mcg/m3,UHF42,410,Rockaways,Winter 2011-12,12/01/2011,6.73,
177218,365,Fine particles (PM 2.5),Mean,mcg/m3,UHF42,410,Rockaways,Winter 2009-10,12/01/2009,7.95,
212957,365,Fine particles (PM 2.5),Mean,mcg/m3,UHF42,410,Rockaways,Annual Average 2014,12/01/2013,7.69,
212935,365,Fine particles (PM 2.5),Mean,mcg/m3,UHF42,209,Bensonhurst - Bay Ridge,Annual Average 2014,12/01/2013,8.62,
605709,365,Fine particles (PM 2.5),Mean,mcg/m3,UHF42,209,Bensonhurst - Bay Ridge,Summer 2018,06/01/2018,7.83,
212956,365,Fine particles (PM 2.5),Mean,mcg/m3,UHF42,409,Southeast Queens,Annual Average 2014,12/01/2013,8.02,
547478,365,Fine particles (PM 2.5),Mean,mcg/m3,UHF42,409,Southeast Queens,Winter 2016-17,12/01/2016,7.7,
334222,365,Fine particles (PM 2.5),Mean,mcg/m3,CD,202,Hunts Point and Longwood (CD2),Annual Average 2015,01/01/2015,9.85,
649935,365,Fine particles (PM 2.5),Mean,mcg/m3,CD,202,Hunts Point and Longwood (CD2),Winter 2018-19,12/01/2018,8.32,
"131542,650,Respiratory hospitalizations due to PM2.5 (age 20+),Estimated annual rate,""per 100,000 adults"",UHF42,408,Jamaica,2009-2011,01/01/2009,12.7,"
"518806,650,Respiratory hospitalizations due to PM2.5 (age 20+),Estimated annual rate,""per 100,000 adults"",UHF42,208,Canarsie - Flatlands,2012-2014,01/02/2012,11.07,"
"628547,650,Respiratory hospitalizations due to PM2.5 (age 20+),Estimated annual rate,""per 100,000 adults"",UHF42,208,Canarsie - Flatlands,2015-2017,01/01/2015,11.9,"
547723,365,Fine particles (PM 2.5),Mean,mcg/m3,CD,318,Flatlands and Canarsie (CD18),Annual Average 2017,01/01/2017,6.99,
168538,365,Fine particles (PM 2.5),Mean,mcg/m3,CD,303,Bedford Stuyvesant (CD3),Winter 2010-11,12/01/2010,12.91,
170427,365,Fine particles (PM 2.5),Mean,mcg/m3,CD,304,Bushwick (CD4),Annual Average 2013,12/01/2012,8.82,
170458,365,Fine particles (PM 2.5),Mean,mcg/m3,CD,503,Tottenville and Great Kills (CD3),Annual Average 2013,12/01/2012,7.84,
177299,365,Fine particles (PM 2.5),Mean,mcg/m3,UHF42,407,Southwest Queens,Winter 2011-12,12/01/2011,8.45,
177215,365,Fine particles (PM 2.5),Mean,mcg/m3,UHF42,407,Southwest Queens,Winter 2009-10,12/01/2009,9.67,
177300,365,Fine particles (PM 2.5),Mean,mcg/m3,UHF42,408,Jamaica,Winter 2011-12,12/01/2011,8.8,
547470,365,Fine particles (PM 2.5),Mean,mcg/m3,UHF42,407,Southwest Queens,Summer 2017,06/01/2017,8.43,
669734,365,Fine particles (PM 2.5),Mean,mcg/m3,UHF42,407,Southwest Queens,Summer 2020,06/01/2020,6.69,
605766,365,Fine particles (PM 2.5),Mean,mcg/m3,UHF42,407,Southwest Queens,Summer 2018,06/01/2018,8.02,
177216,365,Fine particles (PM 2.5),Mean,mcg/m3,UHF42,408,Jamaica,Winter 2009-10,12/01/2009,9.68,
170178,365,Fine particles (PM 2.5),Mean,mcg/m3,CD,203,Morrisania and Crotona (CD3),Annual Average 2009,12/01/2008,11.37,
170296,365,Fine particles (PM 2.5),Mean,mcg/m3,CD,203,Morrisania and Crotona (CD3),Annual Average 2011,12/01/2010,11.09,
649938,365,Fine particles (PM 2.5),Mean,mcg/m3,CD,203,Morrisania and Crotona (CD3),Winter 2018-19,12/01/2018,7.43,
669591,365,Fine particles (PM 2.5),Mean,mcg/m3,CD,203,Morrisania and Crotona (CD3),Annual Average 2020,01/01/2020,6.22,
213946,365,Fine particles (PM 2.5),Mean,mcg/m3,CD,204,Highbridge and Concourse (CD4),Summer 2014,06/01/2014,9.39,
170166,365,Fine particles (PM 2.5),Mean,mcg/m3,CD,103,Lower East Side and Chinatown (CD3),Annual Average 2009,12/01/2008,11.85,
170284,365,Fine particles (PM 2.5),Mean,mcg/m3,CD,103,Lower East Side and Chinatown (CD3),Annual Average 2011,12/01/2010,11.26,
649902,365,Fine particles (PM 2.5),Mean,mcg/m3,CD,103,Lower East Side and Chinatown (CD3),Winter 2018-19,12/01/2018,9.84,
669601,365,Fine particles (PM 2.5),Mean,mcg/m3,CD,103,Lower East Side and Chinatown (CD3),Annual Average 2020,01/01/2020,7.51,
178580,365,Fine particles (PM 2.5),Mean,mcg/m3,UHF42,207,East Flatbush - Flatbush,Annual Average 2013,12/01/2012,8.6,
177783,365,Fine particles (PM 2.5),Mean,mcg/m3,UHF42,208,Canarsie - Flatlands,Summer 2009,06/01/2009,10.35,
334026,365,Fine particles (PM 2.5),Mean,mcg/m3,UHF42,307,Gramercy Park - Murray Hill,Winter 2014-15,12/01/2014,12.55,
547441,365,Fine particles (PM 2.5),Mean,mcg/m3,UHF42,307,Gramercy Park - Murray Hill,Annual Average 2017,01/01/2017,10.33,
178592,365,Fine particles (PM 2.5),Mean,mcg/m3,UHF42,308,Greenwich Village - SoHo,Annual Average 2013,12/01/2012,10.81,
177248,365,Fine particles (PM 2.5),Mean,mcg/m3,UHF42,308,Greenwich Village - SoHo,Winter 2010-11,12/01/2010,14.62,
742239,365,Fine particles (PM 2.5),Mean,mcg/m3,UHF42,308,Greenwich Village - SoHo,Annual Average 2021,01/01/2021,8.22,
547471,365,Fine particles (PM 2.5),Mean,mcg/m3,UHF42,407,Southwest Queens,Annual Average 2017,01/01/2017,6.94,
336491,375,Nitrogen dioxide (NO2),Mean,ppb,UHF42,101,Kingsbridge - Riverdale,Summer 2015,06/01/2015,14.28,
336545,375,Nitrogen dioxide (NO2),Mean,ppb,UHF42,301,Washington Heights,Summer 2015,06/01/2015,17.27,
667286,375,Nitrogen dioxide (NO2),Mean,ppb,UHF42,501,Port Richmond,Winter 2019-20,12/01/2019,21.89,
176653,375,Nitrogen dioxide (NO2),Mean,ppb,UHF42,301,Washington Heights,Annual Average 2012,12/01/2011,23.15,
"131514,650,Respiratory hospitalizations due to PM2.5 (age 20+),Estimated annual rate,""per 100,000 adults"",UHF42,201,Greenpoint,2009-2011,01/01/2009,10,"
"131545,650,Respiratory hospitalizations due to PM2.5 (age 20+),Estimated annual rate,""per 100,000 adults"",UHF42,501,Port Richmond,2009-2011,01/01/2009,16.6,"
"130890,650,Respiratory hospitalizations due to PM2.5 (age 20+),Estimated annual rate,""per 100,000 adults"",UHF42,201,Greenpoint,2005-2007,01/01/2005,18.4,"
"518799,650,Respiratory hospitalizations due to PM2.5 (age 20+),Estimated annual rate,""per 100,000 adults"",UHF42,201,Greenpoint,2012-2014,01/02/2012,8.23,"
177219,365,Fine particles (PM 2.5),Mean,mcg/m3,UHF42,501,Port Richmond,Winter 2009-10,12/01/2009,9.34,
212958,365,Fine particles (PM 2.5),Mean,mcg/m3,UHF42,501,Port Richmond,Annual Average 2014,12/01/2013,8.79,
547482,365,Fine particles (PM 2.5),Mean,mcg/m3,UHF42,501,Port Richmond,Summer 2017,06/01/2017,8.61,
547484,365,Fine particles (PM 2.5),Mean,mcg/m3,UHF42,501,Port Richmond,Winter 2016-17,12/01/2016,7.36,
605778,365,Fine particles (PM 2.5),Mean,mcg/m3,UHF42,501,Port Richmond,Summer 2018,06/01/2018,7.84,
547452,365,Fine particles (PM 2.5),Mean,mcg/m3,UHF42,401,Long Island City - Astoria,Summer 2017,06/01/2017,10.23,
410989,365,Fine particles (PM 2.5),Mean,mcg/m3,CD,108,Upper East Side (CD8),Annual Average 2016,12/31/2015,9.1,
742415,365,Fine particles (PM 2.5),Mean,mcg/m3,CD,108,Upper East Side (CD8),Summer 2021,06/01/2021,8.9,
334210,365,Fine particles (PM 2.5),Mean,mcg/m3,CD,110,Central Harlem (CD10),Annual Average 2015,01/01/2015,9.29,
669576,365,Fine particles (PM 2.5),Mean,mcg/m3,CD,110,Central Harlem (CD10),Annual Average 2020,01/01/2020,6.36,
170175,365,Fine particles (PM 2.5),Mean,mcg/m3,CD,112,Washington Heights and Inwood (CD12),Annual Average 2009,12/01/2008,11.55,
170293,365,Fine particles (PM 2.5),Mean,mcg/m3,CD,112,Washington Heights and Inwood (CD12),Annual Average 2011,12/01/2010,11.13,
213942,365,Fine particles (PM 2.5),Mean,mcg/m3,CD,112,Washington Heights and Inwood (CD12),Summer 2014,06/01/2014,8.94,
649929,365,Fine particles (PM 2.5),Mean,mcg/m3,CD,112,Washington Heights and Inwood (CD12),Winter 2018-19,12/01/2018,7.84,
650001,365,Fine particles (PM 2.5),Mean,mcg/m3,CD,312,Borough Park (CD12),Winter 2018-19,12/01/2018,6.97,
547369,365,Fine particles (PM 2.5),Mean,mcg/m3,UHF42,101,Kingsbridge - Riverdale,Annual Average 2017,01/01/2017,7.41,
742218,365,Fine particles (PM 2.5),Mean,mcg/m3,UHF42,301,Washington Heights,Annual Average 2021,01/01/2021,6.86,
177807,365,Fine particles (PM 2.5),Mean,mcg/m3,UHF42,501,Port Richmond,Summer 2009,06/01/2009,10.75,
178595,365,Fine particles (PM 2.5),Mean,mcg/m3,UHF42,401,Long Island City - Astoria,Annual Average 2013,12/01/2012,9.6,
605923,365,Fine particles (PM 2.5),Mean,mcg/m3,CD,110,Central Harlem (CD10),Winter 2017-18,12/01/2017,8.39,
213765,365,Fine particles (PM 2.5),Mean,mcg/m3,CD,112,Washington Heights and Inwood (CD12),Winter 2013-14,12/01/2013,12.91,
649999,365,Fine particles (PM 2.5),Mean,mcg/m3,CD,312,Borough Park (CD12),Annual Average 2019,01/01/2019,6.37,
410988,365,Fine particles (PM 2.5),Mean,mcg/m3,CD,108,Upper East Side (CD8),Summer 2016,06/01/2016,9.68,
334205,365,Fine particles (PM 2.5),Mean,mcg/m3,CD,108,Upper East Side (CD8),Summer 2015,06/01/2015,10.96,
"131252,657,Asthma emergency department visits due to PM2.5,Estimated annual rate (age 18+),""per 100,000 adults"",UHF42,406,Fresh Meadows,2005-2007,01/01/2005,22.2,"
"518937,657,Asthma emergency department visits due to PM2.5,Estimated annual rate (age 18+),""per 100,000 adults"",UHF42,102,Northeast Bronx,2012-2014,01/02/2012,57.7,"
"628486,657,Asthma emergency department visits due to PM2.5,Estimated annual rate (age 18+),""per 100,000 adults"",UHF42,102,Northeast Bronx,2015-2017,01/01/2015,48.4,"
"518969,657,Asthma emergency department visits due to PM2.5,Estimated annual rate (age 18+),""per 100,000 adults"",UHF42,406,Fresh Meadows,2012-2014,01/02/2012,16.72,"
"628518,657,Asthma emergency department visits due to PM2.5,Estimated annual rate (age 18+),""per 100,000 adults"",UHF42,406,Fresh Meadows,2015-2017,01/01/2015,12.7,"
550130,375,Nitrogen dioxide (NO2),Mean,ppb,CD,405,Ridgewood and Maspeth (CD5),Annual Average 2017,01/01/2017,18.8,
741264,375,Nitrogen dioxide (NO2),Mean,ppb,CD,405,Ridgewood and Maspeth (CD5),Annual Average 2021,01/01/2021,17.51,
212323,375,Nitrogen dioxide (NO2),Mean,ppb,UHF42,406,Fresh Meadows,Winter 2013-14,12/01/2013,27.13,
175272,375,Nitrogen dioxide (NO2),Mean,ppb,UHF42,306,Chelsea - Clinton,Winter 2008-09,12/01/2008,44.2,
176636,375,Nitrogen dioxide (NO2),Mean,ppb,UHF42,102,Northeast Bronx,Annual Average 2012,12/01/2011,20.02,
"131515,650,Respiratory hospitalizations due to PM2.5 (age 20+),Estimated annual rate,""per 100,000 adults"",UHF42,202,Downtown - Heights - Slope,2009-2011,01/01/2009,13.1,"
"131540,650,Respiratory hospitalizations due to PM2.5 (age 20+),Estimated annual rate,""per 100,000 adults"",UHF42,406,Fresh Meadows,2009-2011,01/01/2009,9.7,"
"130891,650,Respiratory hospitalizations due to PM2.5 (age 20+),Estimated annual rate,""per 100,000 adults"",UHF42,202,Downtown - Heights - Slope,2005-2007,01/01/2005,20.7,"
547738,365,Fine particles (PM 2.5),Mean,mcg/m3,CD,405,Ridgewood and Maspeth (CD5),Annual Average 2017,01/01/2017,7.67,
742533,365,Fine particles (PM 2.5),Mean,mcg/m3,CD,405,Ridgewood and Maspeth (CD5),Annual Average 2021,01/01/2021,6.96,
212939,365,Fine particles (PM 2.5),Mean,mcg/m3,UHF42,302,Central Harlem - Morningside Heights,Annual Average 2014,12/01/2013,9.73,
605721,365,Fine particles (PM 2.5),Mean,mcg/m3,UHF42,302,Central Harlem - Morningside Heights,Summer 2018,06/01/2018,8.9,
669856,365,Fine particles (PM 2.5),Mean,mcg/m3,CD,205,Fordham and University Heights (CD5),Annual Average 2020,01/01/2020,6.21,
334195,365,Fine particles (PM 2.5),Mean,mcg/m3,CD,105,Midtown (CD5),Annual Average 2015,01/01/2015,12.28,
669595,365,Fine particles (PM 2.5),Mean,mcg/m3,CD,105,Midtown (CD5),Annual Average 2020,01/01/2020,9.24,
177256,365,Fine particles (PM 2.5),Mean,mcg/m3,UHF42,406,Fresh Meadows,Winter 2010-11,12/01/2010,12.14,
177802,365,Fine particles (PM 2.5),Mean,mcg/m3,UHF42,406,Fresh Meadows,Summer 2009,06/01/2009,10.09,
547468,365,Fine particles (PM 2.5),Mean,mcg/m3,UHF42,406,Fresh Meadows,Annual Average 2017,01/01/2017,7.05,
742233,365,Fine particles (PM 2.5),Mean,mcg/m3,UHF42,306,Chelsea - Clinton,Annual Average 2021,01/01/2021,8.44,
334302,365,Fine particles (PM 2.5),Mean,mcg/m3,CD,316,Brownsville (CD16),Winter 2014-15,12/01/2014,9.21,
547717,365,Fine particles (PM 2.5),Mean,mcg/m3,CD,316,Brownsville (CD16),Annual Average 2017,01/01/2017,7.62,
742512,365,Fine particles (PM 2.5),Mean,mcg/m3,CD,316,Brownsville (CD16),Annual Average 2021,01/01/2021,6.52,
334323,365,Fine particles (PM 2.5),Mean,mcg/m3,CD,405,Ridgewood and Maspeth (CD5),Winter 2014-15,12/01/2014,9.45,
168558,365,Fine particles (PM 2.5),Mean,mcg/m3,CD,405,Ridgewood and Maspeth (CD5),Winter 2010-11,12/01/2010,12.61,
170203,365,Fine particles (PM 2.5),Mean,mcg/m3,CD,316,Brownsville (CD16),Annual Average 2009,12/01/2008,10.78,
214162,365,Fine particles (PM 2.5),Mean,mcg/m3,CD,413,Queens Village (CD13),Annual Average 2014,12/01/2013,8.03,
606057,365,Fine particles (PM 2.5),Mean,mcg/m3,CD,413,Queens Village (CD13),Summer 2018,06/01/2018,8.07,
547761,365,Fine particles (PM 2.5),Mean,mcg/m3,CD,413,Queens Village (CD13),Summer 2017,06/01/2017,8.36,
547763,365,Fine particles (PM 2.5),Mean,mcg/m3,CD,413,Queens Village (CD13),Winter 2016-17,12/01/2016,7.72,
669972,365,Fine particles (PM 2.5),Mean,mcg/m3,CD,413,Queens Village (CD13),Summer 2020,06/01/2020,6.58,
550099,375,Nitrogen dioxide (NO2),Mean,ppb,CD,313,Coney Island (CD13),Summer 2017,06/01/2017,9.7,
603042,375,Nitrogen dioxide (NO2),Mean,ppb,CD,313,Coney Island (CD13),Summer 2018,06/01/2018,8.38,
550101,375,Nitrogen dioxide (NO2),Mean,ppb,CD,313,Coney Island (CD13),Winter 2016-17,12/01/2016,22.23,
550107,375,Nitrogen dioxide (NO2),Mean,ppb,CD,315,Sheepshead Bay (CD15),Winter 2016-17,12/01/2016,23.61,
603048,375,Nitrogen dioxide (NO2),Mean,ppb,CD,315,Sheepshead Bay (CD15),Summer 2018,06/01/2018,9.27,
550105,375,Nitrogen dioxide (NO2),Mean,ppb,CD,315,Sheepshead Bay (CD15),Summer 2017,06/01/2017,10.99,
667749,375,Nitrogen dioxide (NO2),Mean,ppb,CD,315,Sheepshead Bay (CD15),Summer 2020,06/01/2020,9.08,
547709,365,Fine particles (PM 2.5),Mean,mcg/m3,CD,313,Coney Island (CD13),Winter 2016-17,12/01/2016,7.31,
669918,365,Fine particles (PM 2.5),Mean,mcg/m3,CD,313,Coney Island (CD13),Summer 2020,06/01/2020,6.54,
606003,365,Fine particles (PM 2.5),Mean,mcg/m3,CD,313,Coney Island (CD13),Summer 2018,06/01/2018,7.83,
603041,375,Nitrogen dioxide (NO2),Mean,ppb,CD,313,Coney Island (CD13),Annual Average 2018,01/01/2018,13.63,
166914,375,Nitrogen dioxide (NO2),Mean,ppb,CD,413,Queens Village (CD13),Summer 2013,06/01/2013,14.63,
412822,375,Nitrogen dioxide (NO2),Mean,ppb,CD,413,Queens Village (CD13),Annual Average 2016,12/31/2015,16.21,
741233,375,Nitrogen dioxide (NO2),Mean,ppb,CD,313,Coney Island (CD13),Summer 2021,06/01/2021,7.97,
213438,375,Nitrogen dioxide (NO2),Mean,ppb,CD,315,Sheepshead Bay (CD15),Summer 2014,06/01/2014,12.07,
213277,375,Nitrogen dioxide (NO2),Mean,ppb,CD,413,Queens Village (CD13),Winter 2013-14,12/01/2013,25.41,
166796,375,Nitrogen dioxide (NO2),Mean,ppb,CD,413,Queens Village (CD13),Summer 2011,06/01/2011,15.36,
412820,375,Nitrogen dioxide (NO2),Mean,ppb,CD,413,Queens Village (CD13),Winter 2015-16,12/01/2015,21.13,
741232,375,Nitrogen dioxide (NO2),Mean,ppb,CD,313,Coney Island (CD13),Winter 2020-21,12/01/2020,21.02,
"131457,648,Asthma emergency department visits due to PM2.5,Estimated annual rate (under age 18),""per 100,000 children"",Borough,4,Queens,2009-2011,01/01/2009,74.8,"
336830,375,Nitrogen dioxide (NO2),Mean,ppb,CD,313,Coney Island (CD13),Summer 2015,06/01/2015,10.01,
167622,375,Nitrogen dioxide (NO2),Mean,ppb,CD,413,Queens Village (CD13),Annual Average 2010,12/01/2009,19.14,
643712,375,Nitrogen dioxide (NO2),Mean,ppb,CD,413,Queens Village (CD13),Summer 2019,06/01/2019,13.03,
667748,375,Nitrogen dioxide (NO2),Mean,ppb,CD,315,Sheepshead Bay (CD15),Winter 2019-20,12/01/2019,22.52,
216602,386,Ozone (O3),Mean,ppb,CD,413,Queens Village (CD13),Summer 2009,06/01/2009,27.75,
325277,643,Annual vehicle miles traveled,million miles,per km2,CD,313,Coney Island (CD13),2016,01/01/2016,19.7,
325279,643,Annual vehicle miles traveled,million miles,per km2,CD,315,Sheepshead Bay (CD15),2016,01/01/2016,22.8,
166678,375,Nitrogen dioxide (NO2),Mean,ppb,CD,413,Queens Village (CD13),Summer 2009,06/01/2009,16.02,
165911,375,Nitrogen dioxide (NO2),Mean,ppb,CD,413,Queens Village (CD13),Winter 2010-11,12/01/2010,25.68,
410981,365,Fine particles (PM 2.5),Mean,mcg/m3,CD,106,Stuyvesant Town and Turtle Bay (CD6),Winter 2015-16,12/01/2015,10.55,
742408,365,Fine particles (PM 2.5),Mean,mcg/m3,CD,106,Stuyvesant Town and Turtle Bay (CD6),Winter 2020-21,12/01/2020,7.99,
169355,365,Fine particles (PM 2.5),Mean,mcg/m3,CD,206,Belmont and East Tremont (CD6),Summer 2010,06/01/2010,12.39,
605692,365,Fine particles (PM 2.5),Mean,mcg/m3,UHF42,203,Bedford Stuyvesant - Crown Heights,Winter 2017-18,12/01/2017,8.61,
212679,365,Fine particles (PM 2.5),Mean,mcg/m3,UHF42,205,Sunset Park,Winter 2013-14,12/01/2013,12.57,
605698,365,Fine particles (PM 2.5),Mean,mcg/m3,UHF42,205,Sunset Park,Winter 2017-18,12/01/2017,9.25,
649669,365,Fine particles (PM 2.5),Mean,mcg/m3,UHF42,103,Fordham - Bronx Pk,Annual Average 2019,01/01/2019,6.7,
605671,365,Fine particles (PM 2.5),Mean,mcg/m3,UHF42,103,Fordham - Bronx Pk,Winter 2017-18,12/01/2017,8.22,
411018,365,Fine particles (PM 2.5),Mean,mcg/m3,CD,206,Belmont and East Tremont (CD6),Summer 2016,06/01/2016,8.55,
169357,365,Fine particles (PM 2.5),Mean,mcg/m3,CD,208,Riverdale and Fieldston (CD8),Summer 2010,06/01/2010,11.83,
"628553,650,Respiratory hospitalizations due to PM2.5 (age 20+),Estimated annual rate,""per 100,000 adults"",UHF42,303,East Harlem,2015-2017,01/01/2015,20.3,"
176655,375,Nitrogen dioxide (NO2),Mean,ppb,UHF42,303,East Harlem,Annual Average 2012,12/01/2011,25.32,
216561,386,Ozone (O3),Mean,ppb,CD,406,Rego Park and Forest Hills (CD6),Summer 2010,06/01/2010,32.46,
216562,386,Ozone (O3),Mean,ppb,CD,406,Rego Park and Forest Hills (CD6),Summer 2011,06/01/2011,32.23,
412120,386,Ozone (O3),Mean,ppb,CD,408,Hillcrest and Fresh Meadows (CD8),Summer 2016,06/01/2016,32.98,
222467,386,Ozone (O3),Mean,ppb,UHF42,205,Sunset Park,Summer 2009,06/01/2009,24.63,
412076,386,Ozone (O3),Mean,ppb,CD,106,Stuyvesant Town and Turtle Bay (CD6),Summer 2016,06/01/2016,28.23,
411114,365,Fine particles (PM 2.5),Mean,mcg/m3,CD,408,Hillcrest and Fresh Meadows (CD8),Summer 2016,06/01/2016,7.56,
178536,365,Fine particles (PM 2.5),Mean,mcg/m3,UHF42,205,Sunset Park,Annual Average 2012,12/01/2011,9.59,
178587,365,Fine particles (PM 2.5),Mean,mcg/m3,UHF42,303,East Harlem,Annual Average 2013,12/01/2012,9.73,
334020,365,Fine particles (PM 2.5),Mean,mcg/m3,UHF42,305,Upper East Side,Winter 2014-15,12/01/2014,11.05,
178607,365,Fine particles (PM 2.5),Mean,mcg/m3,UHF42,503,Willowbrook,Annual Average 2013,12/01/2012,8.22,
177809,365,Fine particles (PM 2.5),Mean,mcg/m3,UHF42,503,Willowbrook,Summer 2009,06/01/2009,10.73,
177263,365,Fine particles (PM 2.5),Mean,mcg/m3,UHF42,503,Willowbrook,Winter 2010-11,12/01/2010,11.88,
547489,365,Fine particles (PM 2.5),Mean,mcg/m3,UHF42,503,Willowbrook,Annual Average 2017,01/01/2017,7.05,
334074,365,Fine particles (PM 2.5),Mean,mcg/m3,UHF42,503,Willowbrook,Winter 2014-15,12/01/2014,8.75,
178555,365,Fine particles (PM 2.5),Mean,mcg/m3,UHF42,403,Flushing - Clearview,Annual Average 2012,12/01/2011,8.9,
178565,365,Fine particles (PM 2.5),Mean,mcg/m3,UHF42,503,Willowbrook,Annual Average 2012,12/01/2011,8.52,
669826,365,Fine particles (PM 2.5),Mean,mcg/m3,UHF42,105,Crotona -Tremont,Annual Average 2020,01/01/2020,6.28,
412118,386,Ozone (O3),Mean,ppb,CD,406,Rego Park and Forest Hills (CD6),Summer 2016,06/01/2016,32.7,
222593,386,Ozone (O3),Mean,ppb,UHF42,405,Ridgewood - Forest Hills,Summer 2009,06/01/2009,25.58,
222521,386,Ozone (O3),Mean,ppb,UHF42,303,East Harlem,Summer 2009,06/01/2009,22.84,
176709,375,Nitrogen dioxide (NO2),Mean,ppb,UHF42,405,Ridgewood - Forest Hills,Annual Average 2013,12/01/2012,20.3,
334312,365,Fine particles (PM 2.5),Mean,mcg/m3,CD,402,Woodside and Sunnyside (CD2),Annual Average 2015,01/01/2015,10.31,
213932,365,Fine particles (PM 2.5),Mean,mcg/m3,CD,102,Greenwich Village and Soho (CD2),Summer 2014,06/01/2014,10.82,
669604,365,Fine particles (PM 2.5),Mean,mcg/m3,CD,102,Greenwich Village and Soho (CD2),Annual Average 2020,01/01/2020,8.54,
605772,365,Fine particles (PM 2.5),Mean,mcg/m3,UHF42,409,Southeast Queens,Summer 2018,06/01/2018,8.05,
333969,365,Fine particles (PM 2.5),Mean,mcg/m3,UHF42,106,High Bridge - Morrisania,Winter 2014-15,12/01/2014,10.55,
547405,365,Fine particles (PM 2.5),Mean,mcg/m3,UHF42,206,Borough Park,Annual Average 2017,01/01/2017,7.27,
742200,365,Fine particles (PM 2.5),Mean,mcg/m3,UHF42,206,Borough Park,Annual Average 2021,01/01/2021,6.43,
179665,365,Fine particles (PM 2.5),Mean,mcg/m3,Borough,3,Manhattan,Annual Average 2013,12/01/2012,10.73,
177795,365,Fine particles (PM 2.5),Mean,mcg/m3,UHF42,309,Union Square - Lower East Side,Summer 2009,06/01/2009,12.26,
178593,365,Fine particles (PM 2.5),Mean,mcg/m3,UHF42,309,Union Square - Lower East Side,Annual Average 2013,12/01/2012,10.15,
334002,365,Fine particles (PM 2.5),Mean,mcg/m3,UHF42,210,Coney Island - Sheepshead Bay,Winter 2014-15,12/01/2014,8.1,
177806,365,Fine particles (PM 2.5),Mean,mcg/m3,UHF42,410,Rockaways,Summer 2009,06/01/2009,9.6,
334065,365,Fine particles (PM 2.5),Mean,mcg/m3,UHF42,410,Rockaways,Winter 2014-15,12/01/2014,7.4,
178603,365,Fine particles (PM 2.5),Mean,mcg/m3,UHF42,409,Southeast Queens,Annual Average 2013,12/01/2012,7.85,
606025,365,Fine particles (PM 2.5),Mean,mcg/m3,CD,402,Woodside and Sunnyside (CD2),Winter 2017-18,12/01/2017,9.8,
168395,365,Fine particles (PM 2.5),Mean,mcg/m3,CD,102,Greenwich Village and Soho (CD2),Winter 2008-09,12/01/2008,15.21,
649931,365,Fine particles (PM 2.5),Mean,mcg/m3,CD,201,Mott Haven and Melrose (CD1),Summer 2019,06/01/2019,8.86,
334353,365,Fine particles (PM 2.5),Mean,mcg/m3,CD,501,St. George and Stapleton (CD1),Winter 2014-15,12/01/2014,8.72,
547768,365,Fine particles (PM 2.5),Mean,mcg/m3,CD,501,St. George and Stapleton (CD1),Annual Average 2017,01/01/2017,7.03,
742563,365,Fine particles (PM 2.5),Mean,mcg/m3,CD,501,St. George and Stapleton (CD1),Annual Average 2021,01/01/2021,6.34,
169322,365,Fine particles (PM 2.5),Mean,mcg/m3,CD,402,Woodside and Sunnyside (CD2),Summer 2009,06/01/2009,12.12,
168555,365,Fine particles (PM 2.5),Mean,mcg/m3,CD,402,Woodside and Sunnyside (CD2),Winter 2010-11,12/01/2010,13.98,
170443,365,Fine particles (PM 2.5),Mean,mcg/m3,CD,402,Woodside and Sunnyside (CD2),Annual Average 2013,12/01/2012,10.05,
547729,365,Fine particles (PM 2.5),Mean,mcg/m3,CD,402,Woodside and Sunnyside (CD2),Annual Average 2017,01/01/2017,8.93,
168569,365,Fine particles (PM 2.5),Mean,mcg/m3,CD,502,South Beach and Willowbrook (CD2),Winter 2010-11,12/01/2010,11.65,
169336,365,Fine particles (PM 2.5),Mean,mcg/m3,CD,502,South Beach and Willowbrook (CD2),Summer 2009,06/01/2009,10.56,
334356,365,Fine particles (PM 2.5),Mean,mcg/m3,CD,502,South Beach and Willowbrook (CD2),Winter 2014-15,12/01/2014,8.51,
170220,365,Fine particles (PM 2.5),Mean,mcg/m3,CD,501,St. George and Stapleton (CD1),Annual Average 2009,12/01/2008,9.99,
170338,365,Fine particles (PM 2.5),Mean,mcg/m3,CD,501,St. George and Stapleton (CD1),Annual Average 2011,12/01/2010,9.58,
170324,365,Fine particles (PM 2.5),Mean,mcg/m3,CD,401,Long Island City and Astoria (CD1),Annual Average 2011,12/01/2010,10.38,
650022,365,Fine particles (PM 2.5),Mean,mcg/m3,CD,401,Long Island City and Astoria (CD1),Winter 2018-19,12/01/2018,7.81,
334059,365,Fine particles (PM 2.5),Mean,mcg/m3,UHF42,408,Jamaica,Winter 2014-15,12/01/2014,8.63,
742269,365,Fine particles (PM 2.5),Mean,mcg/m3,UHF42,408,Jamaica,Annual Average 2021,01/01/2021,6.43,
213756,365,Fine particles (PM 2.5),Mean,mcg/m3,CD,103,Lower East Side and Chinatown (CD3),Winter 2013-14,12/01/2013,13.39,
168396,365,Fine particles (PM 2.5),Mean,mcg/m3,CD,103,Lower East Side and Chinatown (CD3),Winter 2008-09,12/01/2008,14.24,
649900,365,Fine particles (PM 2.5),Mean,mcg/m3,CD,103,Lower East Side and Chinatown (CD3),Annual Average 2019,01/01/2019,8.67,
334359,365,Fine particles (PM 2.5),Mean,mcg/m3,CD,503,Tottenville and Great Kills (CD3),Winter 2014-15,12/01/2014,8.06,
168552,365,Fine particles (PM 2.5),Mean,mcg/m3,CD,317,East Flatbush (CD17),Winter 2010-11,12/01/2010,12.68,
334305,365,Fine particles (PM 2.5),Mean,mcg/m3,CD,317,East Flatbush (CD17),Winter 2014-15,12/01/2014,8.98,
742515,365,Fine particles (PM 2.5),Mean,mcg/m3,CD,317,East Flatbush (CD17),Annual Average 2021,01/01/2021,6.47,
547774,365,Fine particles (PM 2.5),Mean,mcg/m3,CD,503,Tottenville and Great Kills (CD3),Annual Average 2017,01/01/2017,6.6,
742569,365,Fine particles (PM 2.5),Mean,mcg/m3,CD,503,Tottenville and Great Kills (CD3),Annual Average 2021,01/01/2021,6.03,
742527,365,Fine particles (PM 2.5),Mean,mcg/m3,CD,403,Jackson Heights (CD3),Annual Average 2021,01/01/2021,6.64,
742530,365,Fine particles (PM 2.5),Mean,mcg/m3,CD,404,Elmhurst and Corona (CD4),Annual Average 2021,01/01/2021,6.71,
169323,365,Fine particles (PM 2.5),Mean,mcg/m3,CD,403,Jackson Heights (CD3),Summer 2009,06/01/2009,10.37,
170444,365,Fine particles (PM 2.5),Mean,mcg/m3,CD,403,Jackson Heights (CD3),Annual Average 2013,12/01/2012,8.43,
170445,365,Fine particles (PM 2.5),Mean,mcg/m3,CD,404,Elmhurst and Corona (CD4),Annual Average 2013,12/01/2012,8.86,
334320,365,Fine particles (PM 2.5),Mean,mcg/m3,CD,404,Elmhurst and Corona (CD4),Winter 2014-15,12/01/2014,9.46,
547735,365,Fine particles (PM 2.5),Mean,mcg/m3,CD,404,Elmhurst and Corona (CD4),Annual Average 2017,01/01/2017,7.54,
547732,365,Fine particles (PM 2.5),Mean,mcg/m3,CD,403,Jackson Heights (CD3),Annual Average 2017,01/01/2017,7.18,
334315,365,Fine particles (PM 2.5),Mean,mcg/m3,CD,403,Jackson Heights (CD3),Annual Average 2015,01/01/2015,8.34,
170327,365,Fine particles (PM 2.5),Mean,mcg/m3,CD,404,Elmhurst and Corona (CD4),Annual Average 2011,12/01/2010,10.3,
170209,365,Fine particles (PM 2.5),Mean,mcg/m3,CD,404,Elmhurst and Corona (CD4),Annual Average 2009,12/01/2008,10.73,
669943,365,Fine particles (PM 2.5),Mean,mcg/m3,CD,404,Elmhurst and Corona (CD4),Annual Average 2020,01/01/2020,6.46,
650031,365,Fine particles (PM 2.5),Mean,mcg/m3,CD,404,Elmhurst and Corona (CD4),Winter 2018-19,12/01/2018,7.58,
170322,365,Fine particles (PM 2.5),Mean,mcg/m3,CD,317,East Flatbush (CD17),Annual Average 2011,12/01/2010,10.23,
170204,365,Fine particles (PM 2.5),Mean,mcg/m3,CD,317,East Flatbush (CD17),Annual Average 2009,12/01/2008,10.57,
669928,365,Fine particles (PM 2.5),Mean,mcg/m3,CD,317,East Flatbush (CD17),Annual Average 2020,01/01/2020,5.97,
650016,365,Fine particles (PM 2.5),Mean,mcg/m3,CD,317,East Flatbush (CD17),Winter 2018-19,12/01/2018,7.03,
170205,365,Fine particles (PM 2.5),Mean,mcg/m3,CD,318,Flatlands and Canarsie (CD18),Annual Average 2009,12/01/2008,9.81,
649974,365,Fine particles (PM 2.5),Mean,mcg/m3,CD,303,Bedford Stuyvesant (CD3),Winter 2018-19,12/01/2018,7.2,
213958,365,Fine particles (PM 2.5),Mean,mcg/m3,CD,304,Bushwick (CD4),Summer 2014,06/01/2014,9.03,
169411,365,Fine particles (PM 2.5),Mean,mcg/m3,CD,203,Morrisania and Crotona (CD3),Summer 2011,06/01/2011,11.82,
213959,365,Fine particles (PM 2.5),Mean,mcg/m3,CD,305,East New York and Starrett City (CD5),Summer 2014,06/01/2014,8.73,
170210,365,Fine particles (PM 2.5),Mean,mcg/m3,CD,405,Ridgewood and Maspeth (CD5),Annual Average 2009,12/01/2008,10.7,
170328,365,Fine particles (PM 2.5),Mean,mcg/m3,CD,405,Ridgewood and Maspeth (CD5),Annual Average 2011,12/01/2010,10.23,
742441,365,Fine particles (PM 2.5),Mean,mcg/m3,CD,205,Fordham and University Heights (CD5),Winter 2020-21,12/01/2020,6.71,
410978,365,Fine particles (PM 2.5),Mean,mcg/m3,CD,105,Midtown (CD5),Winter 2015-16,12/01/2015,11.48,
742405,365,Fine particles (PM 2.5),Mean,mcg/m3,CD,105,Midtown (CD5),Winter 2020-21,12/01/2020,9.07,
177172,365,Fine particles (PM 2.5),Mean,mcg/m3,UHF42,406,Fresh Meadows,Winter 2008-09,12/01/2008,12.76,
212701,365,Fine particles (PM 2.5),Mean,mcg/m3,UHF42,406,Fresh Meadows,Winter 2013-14,12/01/2013,11.1,
178449,365,Fine particles (PM 2.5),Mean,mcg/m3,UHF42,202,Downtown - Heights - Slope,Annual Average 2010,12/01/2009,10.49,
179789,640,Boiler Emissions- Total SO2 Emissions,Number per km2,number,UHF42,202,Downtown - Heights - Slope,2015,01/01/2015,1.2,
169377,365,Fine particles (PM 2.5),Mean,mcg/m3,CD,316,Brownsville (CD16),Summer 2010,06/01/2010,12.04,
169436,365,Fine particles (PM 2.5),Mean,mcg/m3,CD,316,Brownsville (CD16),Summer 2011,06/01/2011,11.65,
742477,365,Fine particles (PM 2.5),Mean,mcg/m3,CD,305,East New York and Starrett City (CD5),Winter 2020-21,12/01/2020,6.77,
"518815,650,Respiratory hospitalizations due to PM2.5 (age 20+),Estimated annual rate,""per 100,000 adults"",UHF42,306,Chelsea - Clinton,2012-2014,01/02/2012,9.39,"
"628556,650,Respiratory hospitalizations due to PM2.5 (age 20+),Estimated annual rate,""per 100,000 adults"",UHF42,306,Chelsea - Clinton,2015-2017,01/01/2015,6.9,"
"628566,650,Respiratory hospitalizations due to PM2.5 (age 20+),Estimated annual rate,""per 100,000 adults"",UHF42,406,Fresh Meadows,2015-2017,01/01/2015,8.5,"
169384,365,Fine particles (PM 2.5),Mean,mcg/m3,CD,405,Ridgewood and Maspeth (CD5),Summer 2010,06/01/2010,12.05,
742531,365,Fine particles (PM 2.5),Mean,mcg/m3,CD,405,Ridgewood and Maspeth (CD5),Winter 2020-21,12/01/2020,7.22,
177242,365,Fine particles (PM 2.5),Mean,mcg/m3,UHF42,302,Central Harlem - Morningside Heights,Winter 2010-11,12/01/2010,14.35,
742221,365,Fine particles (PM 2.5),Mean,mcg/m3,UHF42,302,Central Harlem - Morningside Heights,Annual Average 2021,01/01/2021,6.78,
334053,365,Fine particles (PM 2.5),Mean,mcg/m3,UHF42,406,Fresh Meadows,Winter 2014-15,12/01/2014,8.81,
742263,365,Fine particles (PM 2.5),Mean,mcg/m3,UHF42,406,Fresh Meadows,Annual Average 2021,01/01/2021,6.27,
178526,365,Fine particles (PM 2.5),Mean,mcg/m3,UHF42,102,Northeast Bronx,Annual Average 2012,12/01/2011,9.11,
178432,365,Fine particles (PM 2.5),Mean,mcg/m3,UHF42,406,Fresh Meadows,Annual Average 2009,12/01/2008,10,
216555,386,Ozone (O3),Mean,ppb,CD,405,Ridgewood and Maspeth (CD5),Summer 2010,06/01/2010,33.67,
216556,386,Ozone (O3),Mean,ppb,CD,405,Ridgewood and Maspeth (CD5),Summer 2011,06/01/2011,33.27,
412117,386,Ozone (O3),Mean,ppb,CD,405,Ridgewood and Maspeth (CD5),Summer 2016,06/01/2016,33.76,
549450,386,Ozone (O3),Mean,ppb,CD,405,Ridgewood and Maspeth (CD5),Summer 2017,06/01/2017,30.29,
336591,375,Nitrogen dioxide (NO2),Mean,ppb,UHF42,406,Fresh Meadows,Winter 2014-15,12/01/2014,23.98,
549860,375,Nitrogen dioxide (NO2),Mean,ppb,UHF42,406,Fresh Meadows,Annual Average 2017,01/01/2017,18.11,
740994,375,Nitrogen dioxide (NO2),Mean,ppb,UHF42,406,Fresh Meadows,Annual Average 2021,01/01/2021,14.9,
175996,375,Nitrogen dioxide (NO2),Mean,ppb,UHF42,406,Fresh Meadows,Summer 2011,06/01/2011,17.57,
649916,365,Fine particles (PM 2.5),Mean,mcg/m3,CD,108,Upper East Side (CD8),Summer 2019,06/01/2019,9.17,
669577,365,Fine particles (PM 2.5),Mean,mcg/m3,CD,110,Central Harlem (CD10),Winter 2019-20,12/01/2019,7.54,
649928,365,Fine particles (PM 2.5),Mean,mcg/m3,CD,112,Washington Heights and Inwood (CD12),Summer 2019,06/01/2019,8.21,
669583,365,Fine particles (PM 2.5),Mean,mcg/m3,CD,112,Washington Heights and Inwood (CD12),Winter 2019-20,12/01/2019,7.33,
169330,365,Fine particles (PM 2.5),Mean,mcg/m3,CD,410,South Ozone Park and Howard Beach (CD10),Summer 2009,06/01/2009,9.98,
170451,365,Fine particles (PM 2.5),Mean,mcg/m3,CD,410,South Ozone Park and Howard Beach (CD10),Annual Average 2013,12/01/2012,7.99,
168563,365,Fine particles (PM 2.5),Mean,mcg/m3,CD,410,South Ozone Park and Howard Beach (CD10),Winter 2010-11,12/01/2010,11.47,
334338,365,Fine particles (PM 2.5),Mean,mcg/m3,CD,410,South Ozone Park and Howard Beach (CD10),Winter 2014-15,12/01/2014,8.3,
547753,365,Fine particles (PM 2.5),Mean,mcg/m3,CD,410,South Ozone Park and Howard Beach (CD10),Annual Average 2017,01/01/2017,6.79,
742548,365,Fine particles (PM 2.5),Mean,mcg/m3,CD,410,South Ozone Park and Howard Beach (CD10),Annual Average 2021,01/01/2021,6.19,
169332,365,Fine particles (PM 2.5),Mean,mcg/m3,CD,412,Jamaica and Hollis (CD12),Summer 2009,06/01/2009,10.12,
168565,365,Fine particles (PM 2.5),Mean,mcg/m3,CD,412,Jamaica and Hollis (CD12),Winter 2010-11,12/01/2010,11.82,
334344,365,Fine particles (PM 2.5),Mean,mcg/m3,CD,412,Jamaica and Hollis (CD12),Winter 2014-15,12/01/2014,8.6,
669913,365,Fine particles (PM 2.5),Mean,mcg/m3,CD,312,Borough Park (CD12),Annual Average 2020,01/01/2020,5.99,
649959,365,Fine particles (PM 2.5),Mean,mcg/m3,CD,210,Throgs Neck and Co-op City (CD10),Winter 2018-19,12/01/2018,7.3,
669871,365,Fine particles (PM 2.5),Mean,mcg/m3,CD,210,Throgs Neck and Co-op City (CD10),Annual Average 2020,01/01/2020,6.07,
170305,365,Fine particles (PM 2.5),Mean,mcg/m3,CD,212,Williamsbridge and Baychester (CD12),Annual Average 2011,12/01/2010,10.41,
170187,365,Fine particles (PM 2.5),Mean,mcg/m3,CD,212,Williamsbridge and Baychester (CD12),Annual Average 2009,12/01/2008,10.64,
213954,365,Fine particles (PM 2.5),Mean,mcg/m3,CD,212,Williamsbridge and Baychester (CD12),Summer 2014,06/01/2014,8.64,
669877,365,Fine particles (PM 2.5),Mean,mcg/m3,CD,212,Williamsbridge and Baychester (CD12),Annual Average 2020,01/01/2020,5.92,
213982,365,Fine particles (PM 2.5),Mean,mcg/m3,CD,410,South Ozone Park and Howard Beach (CD10),Summer 2014,06/01/2014,7.91,
213984,365,Fine particles (PM 2.5),Mean,mcg/m3,CD,412,Jamaica and Hollis (CD12),Summer 2014,06/01/2014,8.11,
170217,365,Fine particles (PM 2.5),Mean,mcg/m3,CD,412,Jamaica and Hollis (CD12),Annual Average 2009,12/01/2008,9.92,
170335,365,Fine particles (PM 2.5),Mean,mcg/m3,CD,412,Jamaica and Hollis (CD12),Annual Average 2011,12/01/2010,9.54,
410993,365,Fine particles (PM 2.5),Mean,mcg/m3,CD,110,Central Harlem (CD10),Winter 2015-16,12/01/2015,8.35,
742420,365,Fine particles (PM 2.5),Mean,mcg/m3,CD,110,Central Harlem (CD10),Winter 2020-21,12/01/2020,6.72,
177146,365,Fine particles (PM 2.5),Mean,mcg/m3,UHF42,201,Greenpoint,Winter 2008-09,12/01/2008,14.25,
649684,365,Fine particles (PM 2.5),Mean,mcg/m3,UHF42,201,Greenpoint,Annual Average 2019,01/01/2019,8.56,
178448,365,Fine particles (PM 2.5),Mean,mcg/m3,UHF42,201,Greenpoint,Annual Average 2010,12/01/2009,10.57,
669816,365,Fine particles (PM 2.5),Mean,mcg/m3,UHF42,201,Greenpoint,Winter 2019-20,12/01/2019,8.59,
549857,375,Nitrogen dioxide (NO2),Mean,ppb,UHF42,405,Ridgewood - Forest Hills,Annual Average 2017,01/01/2017,18.65,
175373,375,Nitrogen dioxide (NO2),Mean,ppb,UHF42,503,Willowbrook,Winter 2010-11,12/01/2010,23.98,
336612,375,Nitrogen dioxide (NO2),Mean,ppb,UHF42,503,Willowbrook,Winter 2014-15,12/01/2014,19.93,
176717,375,Nitrogen dioxide (NO2),Mean,ppb,UHF42,503,Willowbrook,Annual Average 2013,12/01/2012,14.69,
175919,375,Nitrogen dioxide (NO2),Mean,ppb,UHF42,503,Willowbrook,Summer 2009,06/01/2009,14,
549881,375,Nitrogen dioxide (NO2),Mean,ppb,UHF42,503,Willowbrook,Annual Average 2017,01/01/2017,13.86,
740991,375,Nitrogen dioxide (NO2),Mean,ppb,UHF42,405,Ridgewood - Forest Hills,Annual Average 2021,01/01/2021,16.04,
175930,375,Nitrogen dioxide (NO2),Mean,ppb,UHF42,203,Bedford Stuyvesant - Crown Heights,Summer 2010,06/01/2010,20.85,
175974,375,Nitrogen dioxide (NO2),Mean,ppb,UHF42,205,Sunset Park,Summer 2011,06/01/2011,19.22,
412461,375,Nitrogen dioxide (NO2),Mean,ppb,UHF42,205,Sunset Park,Summer 2016,06/01/2016,15.07,
175925,375,Nitrogen dioxide (NO2),Mean,ppb,UHF42,105,Crotona -Tremont,Summer 2010,06/01/2010,22.54,
175951,375,Nitrogen dioxide (NO2),Mean,ppb,UHF42,403,Flushing - Clearview,Summer 2010,06/01/2010,17.83,
412518,375,Nitrogen dioxide (NO2),Mean,ppb,UHF42,403,Flushing - Clearview,Summer 2016,06/01/2016,14.08,
175941,375,Nitrogen dioxide (NO2),Mean,ppb,UHF42,303,East Harlem,Summer 2010,06/01/2010,24.41,
412487,375,Nitrogen dioxide (NO2),Mean,ppb,UHF42,303,East Harlem,Winter 2015-16,12/01/2015,25.95,
412488,375,Nitrogen dioxide (NO2),Mean,ppb,UHF42,303,East Harlem,Summer 2016,06/01/2016,17.82,
549336,386,Ozone (O3),Mean,ppb,UHF42,203,Bedford Stuyvesant - Crown Heights,Summer 2017,06/01/2017,29.39,
605239,386,Ozone (O3),Mean,ppb,UHF42,203,Bedford Stuyvesant - Crown Heights,Summer 2018,06/01/2018,30.2,
122000,386,Ozone (O3),Mean,ppb,UHF42,103,Fordham - Bronx Pk,2-Year Summer Average 2009-2010,06/01/2009,27.48,
549331,386,Ozone (O3),Mean,ppb,UHF42,105,Crotona -Tremont,Summer 2017,06/01/2017,27.8,
549359,386,Ozone (O3),Mean,ppb,UHF42,405,Ridgewood - Forest Hills,Summer 2017,06/01/2017,30.06,
605262,386,Ozone (O3),Mean,ppb,UHF42,405,Ridgewood - Forest Hills,Summer 2018,06/01/2018,30.96,
176014,375,Nitrogen dioxide (NO2),Mean,ppb,UHF42,203,Bedford Stuyvesant - Crown Heights,Summer 2012,06/01/2012,19,
602729,375,Nitrogen dioxide (NO2),Mean,ppb,UHF42,203,Bedford Stuyvesant - Crown Heights,Annual Average 2018,01/01/2018,19.42,
176016,375,Nitrogen dioxide (NO2),Mean,ppb,UHF42,205,Sunset Park,Summer 2012,06/01/2012,17.13,
176058,375,Nitrogen dioxide (NO2),Mean,ppb,UHF42,205,Sunset Park,Summer 2013,06/01/2013,16.77,
602735,375,Nitrogen dioxide (NO2),Mean,ppb,UHF42,205,Sunset Park,Annual Average 2018,01/01/2018,19.67,
740906,375,Nitrogen dioxide (NO2),Mean,ppb,UHF42,105,Crotona -Tremont,Summer 2021,06/01/2021,13.82,
176077,375,Nitrogen dioxide (NO2),Mean,ppb,UHF42,403,Flushing - Clearview,Summer 2013,06/01/2013,15.61,
602792,375,Nitrogen dioxide (NO2),Mean,ppb,UHF42,403,Flushing - Clearview,Annual Average 2018,01/01/2018,17.63,
176067,375,Nitrogen dioxide (NO2),Mean,ppb,UHF42,303,East Harlem,Summer 2013,06/01/2013,20.7,
176025,375,Nitrogen dioxide (NO2),Mean,ppb,UHF42,303,East Harlem,Summer 2012,06/01/2012,21.24,
740954,375,Nitrogen dioxide (NO2),Mean,ppb,UHF42,303,East Harlem,Summer 2021,06/01/2021,14.52,
222468,386,Ozone (O3),Mean,ppb,UHF42,205,Sunset Park,Summer 2010,06/01/2010,32.71,
222414,386,Ozone (O3),Mean,ppb,UHF42,103,Fordham - Bronx Pk,Summer 2010,06/01/2010,32.53,
336885,375,Nitrogen dioxide (NO2),Mean,ppb,CD,413,Queens Village (CD13),Winter 2014-15,12/01/2014,22.77,
550154,375,Nitrogen dioxide (NO2),Mean,ppb,CD,413,Queens Village (CD13),Annual Average 2017,01/01/2017,16.49,
741288,375,Nitrogen dioxide (NO2),Mean,ppb,CD,413,Queens Village (CD13),Annual Average 2021,01/01/2021,14.62,
168566,365,Fine particles (PM 2.5),Mean,mcg/m3,CD,413,Queens Village (CD13),Winter 2010-11,12/01/2010,11.43,
170454,365,Fine particles (PM 2.5),Mean,mcg/m3,CD,413,Queens Village (CD13),Annual Average 2013,12/01/2012,7.87,
334347,365,Fine particles (PM 2.5),Mean,mcg/m3,CD,413,Queens Village (CD13),Winter 2014-15,12/01/2014,8.23,
547762,365,Fine particles (PM 2.5),Mean,mcg/m3,CD,413,Queens Village (CD13),Annual Average 2017,01/01/2017,6.77,
742557,365,Fine particles (PM 2.5),Mean,mcg/m3,CD,413,Queens Village (CD13),Annual Average 2021,01/01/2021,6.34,
334291,365,Fine particles (PM 2.5),Mean,mcg/m3,CD,313,Coney Island (CD13),Annual Average 2015,01/01/2015,7.62,
650010,365,Fine particles (PM 2.5),Mean,mcg/m3,CD,315,Sheepshead Bay (CD15),Winter 2018-19,12/01/2018,6.73,
669922,365,Fine particles (PM 2.5),Mean,mcg/m3,CD,315,Sheepshead Bay (CD15),Annual Average 2020,01/01/2020,5.69,
170218,365,Fine particles (PM 2.5),Mean,mcg/m3,CD,413,Queens Village (CD13),Annual Average 2009,12/01/2008,9.37,
170336,365,Fine particles (PM 2.5),Mean,mcg/m3,CD,413,Queens Village (CD13),Annual Average 2011,12/01/2010,9.17,
213985,365,Fine particles (PM 2.5),Mean,mcg/m3,CD,413,Queens Village (CD13),Summer 2014,06/01/2014,7.74,
742501,365,Fine particles (PM 2.5),Mean,mcg/m3,CD,313,Coney Island (CD13),Winter 2020-21,12/01/2020,6.58,
216603,386,Ozone (O3),Mean,ppb,CD,413,Queens Village (CD13),Summer 2010,06/01/2010,34.42,
169451,365,Fine particles (PM 2.5),Mean,mcg/m3,CD,413,Queens Village (CD13),Summer 2011,06/01/2011,10.81,
169392,365,Fine particles (PM 2.5),Mean,mcg/m3,CD,413,Queens Village (CD13),Summer 2010,06/01/2010,10.99,
411129,365,Fine particles (PM 2.5),Mean,mcg/m3,CD,413,Queens Village (CD13),Summer 2016,06/01/2016,7.08,
411128,365,Fine particles (PM 2.5),Mean,mcg/m3,CD,413,Queens Village (CD13),Winter 2015-16,12/01/2015,6.9,
742555,365,Fine particles (PM 2.5),Mean,mcg/m3,CD,413,Queens Village (CD13),Winter 2020-21,12/01/2020,6.62,
216604,386,Ozone (O3),Mean,ppb,CD,413,Queens Village (CD13),Summer 2011,06/01/2011,33.72,
412125,386,Ozone (O3),Mean,ppb,CD,413,Queens Village (CD13),Summer 2016,06/01/2016,34.43,
412421,375,Nitrogen dioxide (NO2),Mean,ppb,Borough,4,Queens,Winter 2015-16,12/01/2015,22.45,
179646,365,Fine particles (PM 2.5),Mean,mcg/m3,Borough,4,Queens,Annual Average 2009,12/01/2008,10.05,
669844,365,Fine particles (PM 2.5),Mean,mcg/m3,Borough,4,Queens,Annual Average 2020,01/01/2020,6.06,
130443,640,Boiler Emissions- Total SO2 Emissions,Number per km2,number,Borough,4,Queens,2013,01/01/2013,2.2,
605862,365,Fine particles (PM 2.5),Mean,mcg/m3,UHF34,408,Jamaica,Summer 2018,06/01/2018,8.25,
173224,365,Fine particles (PM 2.5),Mean,mcg/m3,UHF34,105106107,South Bronx,Winter 2011-12,12/01/2011,10.95,
212095,365,Fine particles (PM 2.5),Mean,mcg/m3,UHF34,105106107,South Bronx,Annual Average 2014,12/01/2013,9.8,
173210,365,Fine particles (PM 2.5),Mean,mcg/m3,UHF34,401,Long Island City - Astoria,Winter 2011-12,12/01/2011,9.91,
212081,365,Fine particles (PM 2.5),Mean,mcg/m3,UHF34,401,Long Island City - Astoria,Annual Average 2014,12/01/2013,9.98,
547551,365,Fine particles (PM 2.5),Mean,mcg/m3,UHF34,401,Long Island City - Astoria,Summer 2017,06/01/2017,10.23,
173156,365,Fine particles (PM 2.5),Mean,mcg/m3,UHF34,105106107,South Bronx,Winter 2009-10,12/01/2009,11.75,
411008,365,Fine particles (PM 2.5),Mean,mcg/m3,CD,203,Morrisania and Crotona (CD3),Winter 2015-16,12/01/2015,8.42,
742438,365,Fine particles (PM 2.5),Mean,mcg/m3,CD,204,Highbridge and Concourse (CD4),Winter 2020-21,12/01/2020,6.62,
649681,365,Fine particles (PM 2.5),Mean,mcg/m3,UHF42,107,Hunts Point - Mott Haven,Annual Average 2019,01/01/2019,7.52,
605683,365,Fine particles (PM 2.5),Mean,mcg/m3,UHF42,107,Hunts Point - Mott Haven,Winter 2017-18,12/01/2017,8.78,
649682,365,Fine particles (PM 2.5),Mean,mcg/m3,UHF42,107,Hunts Point - Mott Haven,Summer 2019,06/01/2019,8.71,
179793,640,Boiler Emissions- Total SO2 Emissions,Number per km2,number,UHF42,107,Hunts Point - Mott Haven,2015,01/01/2015,1.7,
"628558,650,Respiratory hospitalizations due to PM2.5 (age 20+),Estimated annual rate,""per 100,000 adults"",UHF42,308,Greenwich Village - SoHo,2015-2017,01/01/2015,4.7,"
"628567,650,Respiratory hospitalizations due to PM2.5 (age 20+),Estimated annual rate,""per 100,000 adults"",UHF42,407,Southwest Queens,2015-2017,01/01/2015,9,"
"628568,650,Respiratory hospitalizations due to PM2.5 (age 20+),Estimated annual rate,""per 100,000 adults"",UHF42,408,Jamaica,2015-2017,01/01/2015,10.5,"
176533,375,Nitrogen dioxide (NO2),Mean,ppb,UHF42,307,Gramercy Park - Murray Hill,Annual Average 2009,12/01/2008,43.32,
336562,375,Nitrogen dioxide (NO2),Mean,ppb,UHF42,307,Gramercy Park - Murray Hill,Annual Average 2015,01/01/2015,31.23,
643392,375,Nitrogen dioxide (NO2),Mean,ppb,UHF42,307,Gramercy Park - Murray Hill,Winter 2018-19,12/01/2018,29.66,
336565,375,Nitrogen dioxide (NO2),Mean,ppb,UHF42,308,Greenwich Village - SoHo,Annual Average 2015,01/01/2015,26.27,
643395,375,Nitrogen dioxide (NO2),Mean,ppb,UHF42,308,Greenwich Village - SoHo,Winter 2018-19,12/01/2018,27.47,
667207,375,Nitrogen dioxide (NO2),Mean,ppb,UHF42,308,Greenwich Village - SoHo,Annual Average 2020,01/01/2020,21.32,
216364,386,Ozone (O3),Mean,ppb,CD,203,Morrisania and Crotona (CD3),Summer 2011,06/01/2011,31.87,
216369,386,Ozone (O3),Mean,ppb,CD,204,Highbridge and Concourse (CD4),Summer 2010,06/01/2010,31.01,
216370,386,Ozone (O3),Mean,ppb,CD,204,Highbridge and Concourse (CD4),Summer 2011,06/01/2011,30.83,
222605,386,Ozone (O3),Mean,ppb,UHF42,407,Southwest Queens,Summer 2009,06/01/2009,26.48,
216292,386,Ozone (O3),Mean,ppb,CD,103,Lower East Side and Chinatown (CD3),Summer 2011,06/01/2011,27.36,
169442,365,Fine particles (PM 2.5),Mean,mcg/m3,CD,404,Elmhurst and Corona (CD4),Summer 2011,06/01/2011,11.6,
411101,365,Fine particles (PM 2.5),Mean,mcg/m3,CD,404,Elmhurst and Corona (CD4),Winter 2015-16,12/01/2015,8.13,
169378,365,Fine particles (PM 2.5),Mean,mcg/m3,CD,317,East Flatbush (CD17),Summer 2010,06/01/2010,11.92,
169437,365,Fine particles (PM 2.5),Mean,mcg/m3,CD,317,East Flatbush (CD17),Summer 2011,06/01/2011,11.53,
411086,365,Fine particles (PM 2.5),Mean,mcg/m3,CD,317,East Flatbush (CD17),Winter 2015-16,12/01/2015,8.52,
169438,365,Fine particles (PM 2.5),Mean,mcg/m3,CD,318,Flatlands and Canarsie (CD18),Summer 2011,06/01/2011,11.1,
411090,365,Fine particles (PM 2.5),Mean,mcg/m3,CD,318,Flatlands and Canarsie (CD18),Summer 2016,06/01/2016,7.75,
169364,365,Fine particles (PM 2.5),Mean,mcg/m3,CD,303,Bedford Stuyvesant (CD3),Summer 2010,06/01/2010,12.04,
411045,365,Fine particles (PM 2.5),Mean,mcg/m3,CD,303,Bedford Stuyvesant (CD3),Summer 2016,06/01/2016,8.38,
169424,365,Fine particles (PM 2.5),Mean,mcg/m3,CD,304,Bushwick (CD4),Summer 2011,06/01/2011,11.64,
169365,365,Fine particles (PM 2.5),Mean,mcg/m3,CD,304,Bushwick (CD4),Summer 2010,06/01/2010,12.06,
179807,640,Boiler Emissions- Total SO2 Emissions,Number per km2,number,UHF42,307,Gramercy Park - Murray Hill,2015,01/01/2015,41.5,
669934,365,Fine particles (PM 2.5),Mean,mcg/m3,CD,401,Long Island City and Astoria (CD1),Annual Average 2020,01/01/2020,6.47,
334258,365,Fine particles (PM 2.5),Mean,mcg/m3,CD,302,Fort Greene and Brooklyn Heights (CD2),Annual Average 2015,01/01/2015,9.83,
411002,365,Fine particles (PM 2.5),Mean,mcg/m3,CD,201,Mott Haven and Melrose (CD1),Winter 2015-16,12/01/2015,9.03,
411006,365,Fine particles (PM 2.5),Mean,mcg/m3,CD,202,Hunts Point and Longwood (CD2),Summer 2016,06/01/2016,9.19,
742432,365,Fine particles (PM 2.5),Mean,mcg/m3,CD,202,Hunts Point and Longwood (CD2),Winter 2020-21,12/01/2020,7.41,
742522,365,Fine particles (PM 2.5),Mean,mcg/m3,CD,402,Woodside and Sunnyside (CD2),Winter 2020-21,12/01/2020,7.93,
179792,640,Boiler Emissions- Total SO2 Emissions,Number per km2,number,UHF42,206,Borough Park,2015,01/01/2015,1.1,
179772,640,Boiler Emissions- Total SO2 Emissions,Number per km2,number,UHF42,409,Southeast Queens,2015,01/01/2015,0.3,
179809,640,Boiler Emissions- Total SO2 Emissions,Number per km2,number,Borough,3,Manhattan,2015,01/01/2015,26.8,
410967,365,Fine particles (PM 2.5),Mean,mcg/m3,CD,101,Financial District (CD1),Summer 2016,06/01/2016,9.83,
742393,365,Fine particles (PM 2.5),Mean,mcg/m3,CD,101,Financial District (CD1),Winter 2020-21,12/01/2020,7.79,
410969,365,Fine particles (PM 2.5),Mean,mcg/m3,CD,102,Greenwich Village and Soho (CD2),Winter 2015-16,12/01/2015,10.17,
"628569,650,Respiratory hospitalizations due to PM2.5 (age 20+),Estimated annual rate,""per 100,000 adults"",UHF42,409,Southeast Queens,2015-2017,01/01/2015,8.2,"
176619,375,Nitrogen dioxide (NO2),Mean,ppb,UHF42,309,Union Square - Lower East Side,Annual Average 2011,12/01/2010,30.45,
216351,386,Ozone (O3),Mean,ppb,CD,201,Mott Haven and Melrose (CD1),Summer 2010,06/01/2010,32.14,
412083,386,Ozone (O3),Mean,ppb,CD,201,Mott Haven and Melrose (CD1),Summer 2016,06/01/2016,32.81,
216615,386,Ozone (O3),Mean,ppb,CD,501,St. George and Stapleton (CD1),Summer 2010,06/01/2010,33,
412127,386,Ozone (O3),Mean,ppb,CD,501,St. George and Stapleton (CD1),Summer 2016,06/01/2016,33.4,
216621,386,Ozone (O3),Mean,ppb,CD,502,South Beach and Willowbrook (CD2),Summer 2010,06/01/2010,35.18,
169394,365,Fine particles (PM 2.5),Mean,mcg/m3,CD,501,St. George and Stapleton (CD1),Summer 2010,06/01/2010,11.57,
169453,365,Fine particles (PM 2.5),Mean,mcg/m3,CD,501,St. George and Stapleton (CD1),Summer 2011,06/01/2011,11.16,
411134,365,Fine particles (PM 2.5),Mean,mcg/m3,CD,501,St. George and Stapleton (CD1),Winter 2015-16,12/01/2015,7.87,
411041,365,Fine particles (PM 2.5),Mean,mcg/m3,CD,302,Fort Greene and Brooklyn Heights (CD2),Winter 2015-16,12/01/2015,9.76,
742468,365,Fine particles (PM 2.5),Mean,mcg/m3,CD,302,Fort Greene and Brooklyn Heights (CD2),Winter 2020-21,12/01/2020,7.29,
179802,640,Boiler Emissions- Total SO2 Emissions,Number per km2,number,UHF42,309,Union Square - Lower East Side,2015,01/01/2015,14.1,
178530,365,Fine particles (PM 2.5),Mean,mcg/m3,UHF42,106,High Bridge - Morrisania,Annual Average 2012,12/01/2011,10.26,
177260,365,Fine particles (PM 2.5),Mean,mcg/m3,UHF42,410,Rockaways,Winter 2010-11,12/01/2010,10.28,
178604,365,Fine particles (PM 2.5),Mean,mcg/m3,UHF42,410,Rockaways,Annual Average 2013,12/01/2012,7.61,
742272,365,Fine particles (PM 2.5),Mean,mcg/m3,UHF42,409,Southeast Queens,Annual Average 2021,01/01/2021,6.23,
177238,365,Fine particles (PM 2.5),Mean,mcg/m3,UHF42,209,Bensonhurst - Bay Ridge,Winter 2010-11,12/01/2010,12.14,
177259,365,Fine particles (PM 2.5),Mean,mcg/m3,UHF42,409,Southeast Queens,Winter 2010-11,12/01/2010,11.44,
549414,386,Ozone (O3),Mean,ppb,CD,111,East Harlem (CD11),Summer 2017,06/01/2017,26.93,
670892,386,Ozone (O3),Mean,ppb,CD,111,East Harlem (CD11),Summer 2020,06/01/2020,30.13,
549454,386,Ozone (O3),Mean,ppb,CD,409,Kew Gardens and Woodhaven (CD9),Summer 2017,06/01/2017,30.39,
602957,375,Nitrogen dioxide (NO2),Mean,ppb,CD,109,Morningside Heights and Hamilton Heights (CD9),Annual Average 2018,01/01/2018,21.51,
741149,375,Nitrogen dioxide (NO2),Mean,ppb,CD,109,Morningside Heights and Hamilton Heights (CD9),Summer 2021,06/01/2021,14.19,
412762,375,Nitrogen dioxide (NO2),Mean,ppb,CD,311,Bensonhurst (CD11),Annual Average 2016,12/31/2015,18.05,
741227,375,Nitrogen dioxide (NO2),Mean,ppb,CD,311,Bensonhurst (CD11),Summer 2021,06/01/2021,10.92,
412720,375,Nitrogen dioxide (NO2),Mean,ppb,CD,209,Parkchester and Soundview (CD9),Annual Average 2016,12/31/2015,18.81,
643579,375,Nitrogen dioxide (NO2),Mean,ppb,CD,111,East Harlem (CD11),Annual Average 2019,01/01/2019,19.41,
165773,375,Nitrogen dioxide (NO2),Mean,ppb,CD,311,Bensonhurst (CD11),Winter 2008-09,12/01/2008,27.72,
603037,375,Nitrogen dioxide (NO2),Mean,ppb,CD,311,Bensonhurst (CD11),Winter 2017-18,12/01/2017,22.88,
602995,375,Nitrogen dioxide (NO2),Mean,ppb,CD,209,Parkchester and Soundview (CD9),Winter 2017-18,12/01/2017,24.24,
213245,375,Nitrogen dioxide (NO2),Mean,ppb,CD,211,Morris Park and Bronxdale (CD11),Winter 2013-14,12/01/2013,25.4,
213273,375,Nitrogen dioxide (NO2),Mean,ppb,CD,409,Kew Gardens and Woodhaven (CD9),Winter 2013-14,12/01/2013,28.18,
603091,375,Nitrogen dioxide (NO2),Mean,ppb,CD,411,Bayside and Little Neck (CD11),Winter 2017-18,12/01/2017,22.26,
165771,375,Nitrogen dioxide (NO2),Mean,ppb,CD,309,South Crown Heights and Lefferts Gardens (CD9),Winter 2008-09,12/01/2008,32.39,
603031,375,Nitrogen dioxide (NO2),Mean,ppb,CD,309,South Crown Heights and Lefferts Gardens (CD9),Winter 2017-18,12/01/2017,25.75,
412682,375,Nitrogen dioxide (NO2),Mean,ppb,CD,109,Morningside Heights and Hamilton Heights (CD9),Winter 2015-16,12/01/2015,25.49,
412760,375,Nitrogen dioxide (NO2),Mean,ppb,CD,311,Bensonhurst (CD11),Winter 2015-16,12/01/2015,23.16,
643580,375,Nitrogen dioxide (NO2),Mean,ppb,CD,111,East Harlem (CD11),Summer 2019,06/01/2019,16.7,
167618,375,Nitrogen dioxide (NO2),Mean,ppb,CD,409,Kew Gardens and Woodhaven (CD9),Annual Average 2010,12/01/2009,22.77,
"628466,648,Asthma emergency department visits due to PM2.5,Estimated annual rate (under age 18),""per 100,000 children"",UHF42,402,West Queens,2015-2017,01/01/2015,60.2,"
336824,375,Nitrogen dioxide (NO2),Mean,ppb,CD,311,Bensonhurst (CD11),Summer 2015,06/01/2015,13.62,
643652,375,Nitrogen dioxide (NO2),Mean,ppb,CD,311,Bensonhurst (CD11),Summer 2019,06/01/2019,12.81,
667832,375,Nitrogen dioxide (NO2),Mean,ppb,CD,411,Bayside and Little Neck (CD11),Winter 2019-20,12/01/2019,20.33,
216578,386,Ozone (O3),Mean,ppb,CD,409,Kew Gardens and Woodhaven (CD9),Summer 2009,06/01/2009,25.43,
216590,386,Ozone (O3),Mean,ppb,CD,411,Bayside and Little Neck (CD11),Summer 2009,06/01/2009,26.28,
216410,386,Ozone (O3),Mean,ppb,CD,211,Morris Park and Bronxdale (CD11),Summer 2009,06/01/2009,26.1,
151662,643,Annual vehicle miles traveled,million miles,per km2,UHF42,502,Stapleton - St. George,2005,01/01/2005,13.9,
325251,643,Annual vehicle miles traveled,million miles,per km2,CD,111,East Harlem (CD11),2016,01/01/2016,62.2,
154594,643,Annual vehicle miles traveled,million miles,per km2,CD,311,Bensonhurst (CD11),2005,01/01/2005,19.1,
325261,643,Annual vehicle miles traveled,million miles,per km2,CD,209,Parkchester and Soundview (CD9),2016,01/01/2016,25.4,
412526,375,Nitrogen dioxide (NO2),Mean,ppb,UHF42,406,Fresh Meadows,Winter 2015-16,12/01/2015,22.71,
740992,375,Nitrogen dioxide (NO2),Mean,ppb,UHF42,406,Fresh Meadows,Winter 2020-21,12/01/2020,20,
175982,375,Nitrogen dioxide (NO2),Mean,ppb,UHF42,302,Central Harlem - Morningside Heights,Summer 2011,06/01/2011,23.92,
740950,375,Nitrogen dioxide (NO2),Mean,ppb,UHF42,302,Central Harlem - Morningside Heights,Winter 2020-21,12/01/2020,21.82,
605263,386,Ozone (O3),Mean,ppb,UHF42,406,Fresh Meadows,Summer 2018,06/01/2018,31.03,
176013,375,Nitrogen dioxide (NO2),Mean,ppb,UHF42,202,Downtown - Heights - Slope,Summer 2012,06/01/2012,20.18,
602726,375,Nitrogen dioxide (NO2),Mean,ppb,UHF42,202,Downtown - Heights - Slope,Annual Average 2018,01/01/2018,21.14,
740918,375,Nitrogen dioxide (NO2),Mean,ppb,UHF42,202,Downtown - Heights - Slope,Summer 2021,06/01/2021,14.56,
412432,375,Nitrogen dioxide (NO2),Mean,ppb,UHF42,102,Northeast Bronx,Annual Average 2016,12/31/2015,17.52,
602705,375,Nitrogen dioxide (NO2),Mean,ppb,UHF42,102,Northeast Bronx,Annual Average 2018,01/01/2018,16.16,
602801,375,Nitrogen dioxide (NO2),Mean,ppb,UHF42,406,Fresh Meadows,Annual Average 2018,01/01/2018,17.34,
412486,375,Nitrogen dioxide (NO2),Mean,ppb,UHF42,302,Central Harlem - Morningside Heights,Annual Average 2016,12/31/2015,22.19,
222451,386,Ozone (O3),Mean,ppb,UHF42,202,Downtown - Heights - Slope,Summer 2011,06/01/2011,29.54,
412002,386,Ozone (O3),Mean,ppb,UHF42,202,Downtown - Heights - Slope,Summer 2016,06/01/2016,31.98,
222601,386,Ozone (O3),Mean,ppb,UHF42,406,Fresh Meadows,Summer 2011,06/01/2011,32.93,
412027,386,Ozone (O3),Mean,ppb,UHF42,406,Fresh Meadows,Summer 2016,06/01/2016,33.16,
671101,386,Ozone (O3),Mean,ppb,CD,405,Ridgewood and Maspeth (CD5),Summer 2020,06/01/2020,30.21,
605353,386,Ozone (O3),Mean,ppb,CD,405,Ridgewood and Maspeth (CD5),Summer 2018,06/01/2018,30.92,
178400,365,Fine particles (PM 2.5),Mean,mcg/m3,UHF42,102,Northeast Bronx,Annual Average 2009,12/01/2008,10.68,
649668,365,Fine particles (PM 2.5),Mean,mcg/m3,UHF42,102,Northeast Bronx,Winter 2018-19,12/01/2018,7.19,
334021,365,Fine particles (PM 2.5),Mean,mcg/m3,UHF42,306,Chelsea - Clinton,Annual Average 2015,01/01/2015,11.39,
669769,365,Fine particles (PM 2.5),Mean,mcg/m3,UHF42,306,Chelsea - Clinton,Annual Average 2020,01/01/2020,8.5,
411105,365,Fine particles (PM 2.5),Mean,mcg/m3,CD,405,Ridgewood and Maspeth (CD5),Summer 2016,06/01/2016,8.43,
411104,365,Fine particles (PM 2.5),Mean,mcg/m3,CD,405,Ridgewood and Maspeth (CD5),Winter 2015-16,12/01/2015,8.57,
649764,365,Fine particles (PM 2.5),Mean,mcg/m3,UHF42,406,Fresh Meadows,Winter 2018-19,12/01/2018,6.83,
178600,365,Fine particles (PM 2.5),Mean,mcg/m3,UHF42,406,Fresh Meadows,Annual Average 2013,12/01/2012,8.21,
178558,365,Fine particles (PM 2.5),Mean,mcg/m3,UHF42,406,Fresh Meadows,Annual Average 2012,12/01/2011,8.63,
411084,365,Fine particles (PM 2.5),Mean,mcg/m3,CD,316,Brownsville (CD16),Summer 2016,06/01/2016,8.38,
411083,365,Fine particles (PM 2.5),Mean,mcg/m3,CD,316,Brownsville (CD16),Winter 2015-16,12/01/2015,8.69,
742510,365,Fine particles (PM 2.5),Mean,mcg/m3,CD,316,Brownsville (CD16),Winter 2020-21,12/01/2020,6.73,
169443,365,Fine particles (PM 2.5),Mean,mcg/m3,CD,405,Ridgewood and Maspeth (CD5),Summer 2011,06/01/2011,11.65,
168617,365,Fine particles (PM 2.5),Mean,mcg/m3,CD,405,Ridgewood and Maspeth (CD5),Winter 2011-12,12/01/2011,9.17,
168499,365,Fine particles (PM 2.5),Mean,mcg/m3,CD,405,Ridgewood and Maspeth (CD5),Winter 2009-10,12/01/2009,9.75,
177819,365,Fine particles (PM 2.5),Mean,mcg/m3,UHF42,202,Downtown - Heights - Slope,Summer 2010,06/01/2010,12.73,
222583,386,Ozone (O3),Mean,ppb,UHF42,403,Flushing - Clearview,Summer 2011,06/01/2011,33.92,
121691,386,Ozone (O3),Mean,ppb,CD,406,Rego Park and Forest Hills (CD6),2-Year Summer Average 2009-2010,06/01/2009,26.94,
649731,365,Fine particles (PM 2.5),Mean,mcg/m3,UHF42,305,Upper East Side,Winter 2018-19,12/01/2018,8.96,
742534,365,Fine particles (PM 2.5),Mean,mcg/m3,CD,406,Rego Park and Forest Hills (CD6),Winter 2020-21,12/01/2020,6.57,
169446,365,Fine particles (PM 2.5),Mean,mcg/m3,CD,408,Hillcrest and Fresh Meadows (CD8),Summer 2011,06/01/2011,11.09,
169387,365,Fine particles (PM 2.5),Mean,mcg/m3,CD,408,Hillcrest and Fresh Meadows (CD8),Summer 2010,06/01/2010,11.38,
411113,365,Fine particles (PM 2.5),Mean,mcg/m3,CD,408,Hillcrest and Fresh Meadows (CD8),Winter 2015-16,12/01/2015,7.48,
742540,365,Fine particles (PM 2.5),Mean,mcg/m3,CD,408,Hillcrest and Fresh Meadows (CD8),Winter 2020-21,12/01/2020,6.46,
169444,365,Fine particles (PM 2.5),Mean,mcg/m3,CD,406,Rego Park and Forest Hills (CD6),Summer 2011,06/01/2011,11.46,
169385,365,Fine particles (PM 2.5),Mean,mcg/m3,CD,406,Rego Park and Forest Hills (CD6),Summer 2010,06/01/2010,11.82,
411107,365,Fine particles (PM 2.5),Mean,mcg/m3,CD,406,Rego Park and Forest Hills (CD6),Winter 2015-16,12/01/2015,7.96,
411108,365,Fine particles (PM 2.5),Mean,mcg/m3,CD,406,Rego Park and Forest Hills (CD6),Summer 2016,06/01/2016,8.05,
178513,365,Fine particles (PM 2.5),Mean,mcg/m3,UHF42,403,Flushing - Clearview,Annual Average 2011,12/01/2010,10.05,
212824,365,Fine particles (PM 2.5),Mean,mcg/m3,UHF42,403,Flushing - Clearview,Summer 2014,06/01/2014,8.19,
742254,365,Fine particles (PM 2.5),Mean,mcg/m3,UHF42,403,Flushing - Clearview,Annual Average 2021,01/01/2021,6.45,
177253,365,Fine particles (PM 2.5),Mean,mcg/m3,UHF42,403,Flushing - Clearview,Winter 2010-11,12/01/2010,12.56,
177255,365,Fine particles (PM 2.5),Mean,mcg/m3,UHF42,405,Ridgewood - Forest Hills,Winter 2010-11,12/01/2010,12.3,
178599,365,Fine particles (PM 2.5),Mean,mcg/m3,UHF42,405,Ridgewood - Forest Hills,Annual Average 2013,12/01/2012,8.51,
334050,365,Fine particles (PM 2.5),Mean,mcg/m3,UHF42,405,Ridgewood - Forest Hills,Winter 2014-15,12/01/2014,9.09,
547465,365,Fine particles (PM 2.5),Mean,mcg/m3,UHF42,405,Ridgewood - Forest Hills,Annual Average 2017,01/01/2017,7.32,
334044,365,Fine particles (PM 2.5),Mean,mcg/m3,UHF42,403,Flushing - Clearview,Winter 2014-15,12/01/2014,9.23,
547459,365,Fine particles (PM 2.5),Mean,mcg/m3,UHF42,403,Flushing - Clearview,Annual Average 2017,01/01/2017,7.27,
178557,365,Fine particles (PM 2.5),Mean,mcg/m3,UHF42,405,Ridgewood - Forest Hills,Annual Average 2012,12/01/2011,8.83,
130408,640,Boiler Emissions- Total SO2 Emissions,Number per km2,number,UHF42,205,Sunset Park,2013,01/01/2013,0.1,
130399,640,Boiler Emissions- Total SO2 Emissions,Number per km2,number,UHF42,103,Fordham - Bronx Pk,2013,01/01/2013,24.5,
130427,640,Boiler Emissions- Total SO2 Emissions,Number per km2,number,UHF42,403,Flushing - Clearview,2013,01/01/2013,5.1,
130419,640,Boiler Emissions- Total SO2 Emissions,Number per km2,number,UHF42,305,Upper East Side,2013,01/01/2013,95,
177813,365,Fine particles (PM 2.5),Mean,mcg/m3,UHF42,103,Fordham - Bronx Pk,Summer 2010,06/01/2010,11.97,
178429,365,Fine particles (PM 2.5),Mean,mcg/m3,UHF42,403,Flushing - Clearview,Annual Average 2009,12/01/2008,10.16,
649755,365,Fine particles (PM 2.5),Mean,mcg/m3,UHF42,403,Flushing - Clearview,Winter 2018-19,12/01/2018,7.24,
669748,365,Fine particles (PM 2.5),Mean,mcg/m3,UHF42,403,Flushing - Clearview,Annual Average 2020,01/01/2020,6.24,
547593,365,Fine particles (PM 2.5),Mean,mcg/m3,UHF34,105106107,South Bronx,Summer 2017,06/01/2017,10.15,
605889,365,Fine particles (PM 2.5),Mean,mcg/m3,UHF34,105106107,South Bronx,Summer 2018,06/01/2018,9.08,
547595,365,Fine particles (PM 2.5),Mean,mcg/m3,UHF34,105106107,South Bronx,Winter 2016-17,12/01/2016,8.68,
669611,365,Fine particles (PM 2.5),Mean,mcg/m3,UHF34,105106107,South Bronx,Summer 2020,06/01/2020,7.39,
121698,386,Ozone (O3),Mean,ppb,CD,413,Queens Village (CD13),2-Year Summer Average 2009-2010,06/01/2009,28.7,
549458,386,Ozone (O3),Mean,ppb,CD,413,Queens Village (CD13),Summer 2017,06/01/2017,31.85,
605361,386,Ozone (O3),Mean,ppb,CD,413,Queens Village (CD13),Summer 2018,06/01/2018,31.94,
671093,386,Ozone (O3),Mean,ppb,CD,413,Queens Village (CD13),Summer 2020,06/01/2020,30.02,
605343,386,Ozone (O3),Mean,ppb,CD,313,Coney Island (CD13),Summer 2018,06/01/2018,32.96,
605345,386,Ozone (O3),Mean,ppb,CD,315,Sheepshead Bay (CD15),Summer 2018,06/01/2018,32.35,
549442,386,Ozone (O3),Mean,ppb,CD,315,Sheepshead Bay (CD15),Summer 2017,06/01/2017,31.68,
671109,386,Ozone (O3),Mean,ppb,CD,315,Sheepshead Bay (CD15),Summer 2020,06/01/2020,30.57,
221933,386,Ozone (O3),Mean,ppb,UHF34,408,Jamaica,Summer 2009,06/01/2009,26.14,
221987,386,Ozone (O3),Mean,ppb,UHF34,105106107,South Bronx,Summer 2009,06/01/2009,23.86,
172102,375,Nitrogen dioxide (NO2),Mean,ppb,UHF34,105106107,South Bronx,Summer 2009,06/01/2009,24.57,
171660,375,Nitrogen dioxide (NO2),Mean,ppb,UHF34,105106107,South Bronx,Winter 2010-11,12/01/2010,31.18,
122148,386,Ozone (O3),Mean,ppb,UHF34,408,Jamaica,2-Year Summer Average 2009-2010,06/01/2009,27.77,
549393,386,Ozone (O3),Mean,ppb,UHF34,408,Jamaica,Summer 2017,06/01/2017,30.93,
122157,386,Ozone (O3),Mean,ppb,UHF34,105106107,South Bronx,2-Year Summer Average 2009-2010,06/01/2009,27.01,
412586,375,Nitrogen dioxide (NO2),Mean,ppb,UHF34,208,Canarsie - Flatlands,Winter 2015-16,12/01/2015,20.86,
741091,375,Nitrogen dioxide (NO2),Mean,ppb,UHF34,408,Jamaica,Winter 2020-21,12/01/2020,20.88,
172156,375,Nitrogen dioxide (NO2),Mean,ppb,UHF34,401,Long Island City - Astoria,Summer 2011,06/01/2011,20.69,
172122,375,Nitrogen dioxide (NO2),Mean,ppb,UHF34,401,Long Island City - Astoria,Summer 2010,06/01/2010,20.91,
412610,375,Nitrogen dioxide (NO2),Mean,ppb,UHF34,401,Long Island City - Astoria,Winter 2015-16,12/01/2015,25.17,
412652,375,Nitrogen dioxide (NO2),Mean,ppb,UHF34,105106107,South Bronx,Winter 2015-16,12/01/2015,24.29,
741118,375,Nitrogen dioxide (NO2),Mean,ppb,UHF34,105106107,South Bronx,Winter 2020-21,12/01/2020,21.48,
172182,375,Nitrogen dioxide (NO2),Mean,ppb,UHF34,208,Canarsie - Flatlands,Summer 2012,06/01/2012,12.43,
741092,375,Nitrogen dioxide (NO2),Mean,ppb,UHF34,408,Jamaica,Summer 2021,06/01/2021,10.79,
172190,375,Nitrogen dioxide (NO2),Mean,ppb,UHF34,401,Long Island City - Astoria,Summer 2012,06/01/2012,18.77,
172238,375,Nitrogen dioxide (NO2),Mean,ppb,UHF34,105106107,South Bronx,Summer 2013,06/01/2013,18.56,
602927,375,Nitrogen dioxide (NO2),Mean,ppb,UHF34,105106107,South Bronx,Annual Average 2018,01/01/2018,20.25,
741119,375,Nitrogen dioxide (NO2),Mean,ppb,UHF34,105106107,South Bronx,Summer 2021,06/01/2021,14.46,
"130929,650,Respiratory hospitalizations due to PM2.5 (age 20+),Estimated annual rate,""per 100,000 adults"",Borough,4,Queens,2005-2007,01/01/2005,15.7,"
174254,365,Fine particles (PM 2.5),Mean,mcg/m3,UHF34,206,Borough Park,Annual Average 2013,12/01/2012,8.49,
173168,365,Fine particles (PM 2.5),Mean,mcg/m3,UHF34,208,Canarsie - Flatlands,Winter 2010-11,12/01/2010,11.81,
325263,643,Annual vehicle miles traveled,million miles,per km2,CD,211,Morris Park and Bronxdale (CD11),2016,01/01/2016,13.6,
325293,643,Annual vehicle miles traveled,million miles,per km2,CD,411,Bayside and Little Neck (CD11),2016,01/01/2016,32.1,
154592,643,Annual vehicle miles traveled,million miles,per km2,CD,309,South Crown Heights and Lefferts Gardens (CD9),2005,01/01/2005,27.8,
"131402,657,Asthma emergency department visits due to PM2.5,Estimated annual rate (age 18+),""per 100,000 adults"",UHF42,502,Stapleton - St. George,2009-2011,01/01/2009,42.9,"
643405,375,Nitrogen dioxide (NO2),Mean,ppb,UHF42,402,West Queens,Annual Average 2019,01/01/2019,18.67,
643435,375,Nitrogen dioxide (NO2),Mean,ppb,UHF42,502,Stapleton - St. George,Annual Average 2019,01/01/2019,13.33,
175288,375,Nitrogen dioxide (NO2),Mean,ppb,UHF42,502,Stapleton - St. George,Winter 2008-09,12/01/2008,23.27,
"628562,650,Respiratory hospitalizations due to PM2.5 (age 20+),Estimated annual rate,""per 100,000 adults"",UHF42,402,West Queens,2015-2017,01/01/2015,8.6,"
742545,365,Fine particles (PM 2.5),Mean,mcg/m3,CD,409,Kew Gardens and Woodhaven (CD9),Annual Average 2021,01/01/2021,6.46,
168562,365,Fine particles (PM 2.5),Mean,mcg/m3,CD,409,Kew Gardens and Woodhaven (CD9),Winter 2010-11,12/01/2010,12.01,
334335,365,Fine particles (PM 2.5),Mean,mcg/m3,CD,409,Kew Gardens and Woodhaven (CD9),Winter 2014-15,12/01/2014,8.82,
177304,365,Fine particles (PM 2.5),Mean,mcg/m3,UHF42,502,Stapleton - St. George,Winter 2011-12,12/01/2011,8.04,
177220,365,Fine particles (PM 2.5),Mean,mcg/m3,UHF42,502,Stapleton - St. George,Winter 2009-10,12/01/2009,8.83,
212959,365,Fine particles (PM 2.5),Mean,mcg/m3,UHF42,502,Stapleton - St. George,Annual Average 2014,12/01/2013,8.34,
547487,365,Fine particles (PM 2.5),Mean,mcg/m3,UHF42,502,Stapleton - St. George,Winter 2016-17,12/01/2016,7.08,
547485,365,Fine particles (PM 2.5),Mean,mcg/m3,UHF42,502,Stapleton - St. George,Summer 2017,06/01/2017,8.15,
605781,365,Fine particles (PM 2.5),Mean,mcg/m3,UHF42,502,Stapleton - St. George,Summer 2018,06/01/2018,7.46,
669719,365,Fine particles (PM 2.5),Mean,mcg/m3,UHF42,502,Stapleton - St. George,Summer 2020,06/01/2020,6.56,
334207,365,Fine particles (PM 2.5),Mean,mcg/m3,CD,109,Morningside Heights and Hamilton Heights (CD9),Annual Average 2015,01/01/2015,9.44,
742251,365,Fine particles (PM 2.5),Mean,mcg/m3,UHF42,402,West Queens,Annual Average 2021,01/01/2021,7.14,
742417,365,Fine particles (PM 2.5),Mean,mcg/m3,CD,109,Morningside Heights and Hamilton Heights (CD9),Winter 2020-21,12/01/2020,6.76,
334208,365,Fine particles (PM 2.5),Mean,mcg/m3,CD,109,Morningside Heights and Hamilton Heights (CD9),Summer 2015,06/01/2015,10.04,
168564,365,Fine particles (PM 2.5),Mean,mcg/m3,CD,411,Bayside and Little Neck (CD11),Winter 2010-11,12/01/2010,12.11,
169331,365,Fine particles (PM 2.5),Mean,mcg/m3,CD,411,Bayside and Little Neck (CD11),Summer 2009,06/01/2009,9.86,
170452,365,Fine particles (PM 2.5),Mean,mcg/m3,CD,411,Bayside and Little Neck (CD11),Annual Average 2013,12/01/2012,8.06,
334341,365,Fine particles (PM 2.5),Mean,mcg/m3,CD,411,Bayside and Little Neck (CD11),Winter 2014-15,12/01/2014,8.8,
742551,365,Fine particles (PM 2.5),Mean,mcg/m3,CD,411,Bayside and Little Neck (CD11),Annual Average 2021,01/01/2021,6.28,
649956,365,Fine particles (PM 2.5),Mean,mcg/m3,CD,209,Parkchester and Soundview (CD9),Winter 2018-19,12/01/2018,7.39,
213953,365,Fine particles (PM 2.5),Mean,mcg/m3,CD,211,Morris Park and Bronxdale (CD11),Summer 2014,06/01/2014,8.53,
334249,365,Fine particles (PM 2.5),Mean,mcg/m3,CD,211,Morris Park and Bronxdale (CD11),Annual Average 2015,01/01/2015,8.91,
179803,640,Boiler Emissions- Total SO2 Emissions,Number per km2,number,UHF42,308,Greenwich Village - SoHo,2015,01/01/2015,17.8,
742266,365,Fine particles (PM 2.5),Mean,mcg/m3,UHF42,407,Southwest Queens,Annual Average 2021,01/01/2021,6.3,
177804,365,Fine particles (PM 2.5),Mean,mcg/m3,UHF42,408,Jamaica,Summer 2009,06/01/2009,10.13,
178602,365,Fine particles (PM 2.5),Mean,mcg/m3,UHF42,408,Jamaica,Annual Average 2013,12/01/2012,8.27,
547474,365,Fine particles (PM 2.5),Mean,mcg/m3,UHF42,408,Jamaica,Annual Average 2017,01/01/2017,7.08,
177803,365,Fine particles (PM 2.5),Mean,mcg/m3,UHF42,407,Southwest Queens,Summer 2009,06/01/2009,10.13,
177257,365,Fine particles (PM 2.5),Mean,mcg/m3,UHF42,407,Southwest Queens,Winter 2010-11,12/01/2010,11.69,
178601,365,Fine particles (PM 2.5),Mean,mcg/m3,UHF42,407,Southwest Queens,Annual Average 2013,12/01/2012,8.14,
334056,365,Fine particles (PM 2.5),Mean,mcg/m3,UHF42,407,Southwest Queens,Winter 2014-15,12/01/2014,8.51,
177258,365,Fine particles (PM 2.5),Mean,mcg/m3,UHF42,408,Jamaica,Winter 2010-11,12/01/2010,11.87,
178538,365,Fine particles (PM 2.5),Mean,mcg/m3,UHF42,207,East Flatbush - Flatbush,Annual Average 2012,12/01/2011,8.98,
178539,365,Fine particles (PM 2.5),Mean,mcg/m3,UHF42,208,Canarsie - Flatlands,Annual Average 2012,12/01/2011,8.37,
178550,365,Fine particles (PM 2.5),Mean,mcg/m3,UHF42,308,Greenwich Village - SoHo,Annual Average 2012,12/01/2011,10.99,
178405,365,Fine particles (PM 2.5),Mean,mcg/m3,UHF42,107,Hunts Point - Mott Haven,Annual Average 2009,12/01/2008,11.45,
649683,365,Fine particles (PM 2.5),Mean,mcg/m3,UHF42,107,Hunts Point - Mott Haven,Winter 2018-19,12/01/2018,8.03,
669850,365,Fine particles (PM 2.5),Mean,mcg/m3,Borough,2,Brooklyn,Annual Average 2020,01/01/2020,6.12,
178413,365,Fine particles (PM 2.5),Mean,mcg/m3,UHF42,208,Canarsie - Flatlands,Annual Average 2009,12/01/2008,9.85,
412115,386,Ozone (O3),Mean,ppb,CD,403,Jackson Heights (CD3),Summer 2016,06/01/2016,32.97,
549863,375,Nitrogen dioxide (NO2),Mean,ppb,UHF42,407,Southwest Queens,Annual Average 2017,01/01/2017,17.95,
740997,375,Nitrogen dioxide (NO2),Mean,ppb,UHF42,407,Southwest Queens,Annual Average 2021,01/01/2021,15.1,
175368,375,Nitrogen dioxide (NO2),Mean,ppb,UHF42,408,Jamaica,Winter 2010-11,12/01/2010,28.44,
175367,375,Nitrogen dioxide (NO2),Mean,ppb,UHF42,407,Southwest Queens,Winter 2010-11,12/01/2010,29.53,
336594,375,Nitrogen dioxide (NO2),Mean,ppb,UHF42,407,Southwest Queens,Winter 2014-15,12/01/2014,24.5,
175927,375,Nitrogen dioxide (NO2),Mean,ppb,UHF42,107,Hunts Point - Mott Haven,Summer 2010,06/01/2010,20.82,
412445,375,Nitrogen dioxide (NO2),Mean,ppb,UHF42,107,Hunts Point - Mott Haven,Winter 2015-16,12/01/2015,24.04,
179348,375,Nitrogen dioxide (NO2),Mean,ppb,Borough,1,Bronx,Summer 2010,06/01/2010,19.42,
412469,375,Nitrogen dioxide (NO2),Mean,ppb,UHF42,208,Canarsie - Flatlands,Winter 2015-16,12/01/2015,20.86,
740935,375,Nitrogen dioxide (NO2),Mean,ppb,UHF42,208,Canarsie - Flatlands,Winter 2020-21,12/01/2020,21.17,
175997,375,Nitrogen dioxide (NO2),Mean,ppb,UHF42,407,Southwest Queens,Summer 2011,06/01/2011,17.53,
412533,375,Nitrogen dioxide (NO2),Mean,ppb,UHF42,408,Jamaica,Summer 2016,06/01/2016,13.11,
549361,386,Ozone (O3),Mean,ppb,UHF42,407,Southwest Queens,Summer 2017,06/01/2017,31.16,
605264,386,Ozone (O3),Mean,ppb,UHF42,407,Southwest Queens,Summer 2018,06/01/2018,31.93,
670945,386,Ozone (O3),Mean,ppb,UHF42,407,Southwest Queens,Summer 2020,06/01/2020,29.73,
176011,375,Nitrogen dioxide (NO2),Mean,ppb,UHF42,107,Hunts Point - Mott Haven,Summer 2012,06/01/2012,17.94,
176053,375,Nitrogen dioxide (NO2),Mean,ppb,UHF42,107,Hunts Point - Mott Haven,Summer 2013,06/01/2013,17.46,
177805,365,Fine particles (PM 2.5),Mean,mcg/m3,UHF42,409,Southeast Queens,Summer 2009,06/01/2009,9.65,
334062,365,Fine particles (PM 2.5),Mean,mcg/m3,UHF42,409,Southeast Queens,Winter 2014-15,12/01/2014,8.23,
547477,365,Fine particles (PM 2.5),Mean,mcg/m3,UHF42,409,Southeast Queens,Annual Average 2017,01/01/2017,6.75,
547480,365,Fine particles (PM 2.5),Mean,mcg/m3,UHF42,410,Rockaways,Annual Average 2017,01/01/2017,6.32,
178551,365,Fine particles (PM 2.5),Mean,mcg/m3,UHF42,309,Union Square - Lower East Side,Annual Average 2012,12/01/2011,10.35,
178488,365,Fine particles (PM 2.5),Mean,mcg/m3,UHF42,106,High Bridge - Morrisania,Annual Average 2011,12/01/2010,11.44,
333967,365,Fine particles (PM 2.5),Mean,mcg/m3,UHF42,106,High Bridge - Morrisania,Annual Average 2015,01/01/2015,9.6,
649701,365,Fine particles (PM 2.5),Mean,mcg/m3,UHF42,206,Borough Park,Winter 2018-19,12/01/2018,6.93,
222473,386,Ozone (O3),Mean,ppb,UHF42,206,Borough Park,Summer 2009,06/01/2009,25.54,
175916,375,Nitrogen dioxide (NO2),Mean,ppb,UHF42,410,Rockaways,Summer 2009,06/01/2009,8.57,
175370,375,Nitrogen dioxide (NO2),Mean,ppb,UHF42,410,Rockaways,Winter 2010-11,12/01/2010,20.38,
176714,375,Nitrogen dioxide (NO2),Mean,ppb,UHF42,410,Rockaways,Annual Average 2013,12/01/2012,12.67,
336603,375,Nitrogen dioxide (NO2),Mean,ppb,UHF42,410,Rockaways,Winter 2014-15,12/01/2014,20.67,
740940,375,Nitrogen dioxide (NO2),Mean,ppb,UHF42,209,Bensonhurst - Bay Ridge,Annual Average 2021,01/01/2021,16.03,
412509,375,Nitrogen dioxide (NO2),Mean,ppb,UHF42,310,Lower Manhattan,Summer 2016,06/01/2016,22.76,
740974,375,Nitrogen dioxide (NO2),Mean,ppb,UHF42,310,Lower Manhattan,Winter 2020-21,12/01/2020,25.67,
412443,375,Nitrogen dioxide (NO2),Mean,ppb,UHF42,106,High Bridge - Morrisania,Summer 2016,06/01/2016,17.13,
412442,375,Nitrogen dioxide (NO2),Mean,ppb,UHF42,106,High Bridge - Morrisania,Winter 2015-16,12/01/2015,24.83,
740908,375,Nitrogen dioxide (NO2),Mean,ppb,UHF42,106,High Bridge - Morrisania,Winter 2020-21,12/01/2020,21.5,
175999,375,Nitrogen dioxide (NO2),Mean,ppb,UHF42,409,Southeast Queens,Summer 2011,06/01/2011,15.32,
549363,386,Ozone (O3),Mean,ppb,UHF42,409,Southeast Queens,Summer 2017,06/01/2017,31.72,
176017,375,Nitrogen dioxide (NO2),Mean,ppb,UHF42,206,Borough Park,Summer 2012,06/01/2012,16.65,
176059,375,Nitrogen dioxide (NO2),Mean,ppb,UHF42,206,Borough Park,Summer 2013,06/01/2013,15.94,
176010,375,Nitrogen dioxide (NO2),Mean,ppb,UHF42,106,High Bridge - Morrisania,Summer 2012,06/01/2012,20.12,
602717,375,Nitrogen dioxide (NO2),Mean,ppb,UHF42,106,High Bridge - Morrisania,Annual Average 2018,01/01/2018,20.83,
602747,375,Nitrogen dioxide (NO2),Mean,ppb,UHF42,209,Bensonhurst - Bay Ridge,Annual Average 2018,01/01/2018,16.86,
740942,375,Nitrogen dioxide (NO2),Mean,ppb,UHF42,210,Coney Island - Sheepshead Bay,Summer 2021,06/01/2021,8.54,
602813,375,Nitrogen dioxide (NO2),Mean,ppb,UHF42,410,Rockaways,Annual Average 2018,01/01/2018,10.52,
741005,375,Nitrogen dioxide (NO2),Mean,ppb,UHF42,410,Rockaways,Summer 2021,06/01/2021,4.94,
222619,386,Ozone (O3),Mean,ppb,UHF42,409,Southeast Queens,Summer 2011,06/01/2011,33.59,
222618,386,Ozone (O3),Mean,ppb,UHF42,409,Southeast Queens,Summer 2010,06/01/2010,34.29,
178426,365,Fine particles (PM 2.5),Mean,mcg/m3,UHF42,310,Lower Manhattan,Annual Average 2009,12/01/2008,13.06,
179645,365,Fine particles (PM 2.5),Mean,mcg/m3,Borough,3,Manhattan,Annual Average 2009,12/01/2008,12.63,
211422,365,Fine particles (PM 2.5),Mean,mcg/m3,Borough,3,Manhattan,Summer 2014,06/01/2014,10.27,
333943,365,Fine particles (PM 2.5),Mean,mcg/m3,Borough,3,Manhattan,Annual Average 2015,01/01/2015,10.19,
742186,365,Fine particles (PM 2.5),Mean,mcg/m3,UHF42,202,Downtown - Heights - Slope,Winter 2020-21,12/01/2020,7.31,
177886,365,Fine particles (PM 2.5),Mean,mcg/m3,UHF42,406,Fresh Meadows,Summer 2011,06/01/2011,11.08,
212813,365,Fine particles (PM 2.5),Mean,mcg/m3,UHF42,302,Central Harlem - Morningside Heights,Summer 2014,06/01/2014,9.12,
669781,365,Fine particles (PM 2.5),Mean,mcg/m3,UHF42,302,Central Harlem - Morningside Heights,Annual Average 2020,01/01/2020,6.35,
212827,365,Fine particles (PM 2.5),Mean,mcg/m3,UHF42,406,Fresh Meadows,Summer 2014,06/01/2014,8.01,
334051,365,Fine particles (PM 2.5),Mean,mcg/m3,UHF42,406,Fresh Meadows,Annual Average 2015,01/01/2015,8.19,
669739,365,Fine particles (PM 2.5),Mean,mcg/m3,UHF42,406,Fresh Meadows,Annual Average 2020,01/01/2020,5.95,
212953,365,Fine particles (PM 2.5),Mean,mcg/m3,UHF42,406,Fresh Meadows,Annual Average 2014,12/01/2013,8.43,
547467,365,Fine particles (PM 2.5),Mean,mcg/m3,UHF42,406,Fresh Meadows,Summer 2017,06/01/2017,8.61,
605763,365,Fine particles (PM 2.5),Mean,mcg/m3,UHF42,406,Fresh Meadows,Summer 2018,06/01/2018,8.02,
669737,365,Fine particles (PM 2.5),Mean,mcg/m3,UHF42,406,Fresh Meadows,Summer 2020,06/01/2020,6.68,
177298,365,Fine particles (PM 2.5),Mean,mcg/m3,UHF42,406,Fresh Meadows,Winter 2011-12,12/01/2011,9.02,
177945,365,Fine particles (PM 2.5),Mean,mcg/m3,UHF42,202,Downtown - Heights - Slope,Summer 2013,06/01/2013,10.95,
605687,365,Fine particles (PM 2.5),Mean,mcg/m3,UHF42,202,Downtown - Heights - Slope,Annual Average 2018,01/01/2018,7.85,
742187,365,Fine particles (PM 2.5),Mean,mcg/m3,UHF42,202,Downtown - Heights - Slope,Summer 2021,06/01/2021,9.08,
177928,365,Fine particles (PM 2.5),Mean,mcg/m3,UHF42,406,Fresh Meadows,Summer 2012,06/01/2012,9.92,
410805,365,Fine particles (PM 2.5),Mean,mcg/m3,UHF42,306,Chelsea - Clinton,Summer 2016,06/01/2016,10.75,
742231,365,Fine particles (PM 2.5),Mean,mcg/m3,UHF42,306,Chelsea - Clinton,Winter 2020-21,12/01/2020,8.57,
410793,365,Fine particles (PM 2.5),Mean,mcg/m3,UHF42,302,Central Harlem - Morningside Heights,Summer 2016,06/01/2016,8.67,
742219,365,Fine particles (PM 2.5),Mean,mcg/m3,UHF42,302,Central Harlem - Morningside Heights,Winter 2020-21,12/01/2020,6.74,
410835,365,Fine particles (PM 2.5),Mean,mcg/m3,UHF42,406,Fresh Meadows,Summer 2016,06/01/2016,7.59,
410834,365,Fine particles (PM 2.5),Mean,mcg/m3,UHF42,406,Fresh Meadows,Winter 2015-16,12/01/2015,7.5,
742261,365,Fine particles (PM 2.5),Mean,mcg/m3,UHF42,406,Fresh Meadows,Winter 2020-21,12/01/2020,6.4,
177844,365,Fine particles (PM 2.5),Mean,mcg/m3,UHF42,406,Fresh Meadows,Summer 2010,06/01/2010,11.39,
222409,386,Ozone (O3),Mean,ppb,UHF42,102,Northeast Bronx,Summer 2011,06/01/2011,33.44,
221927,386,Ozone (O3),Mean,ppb,UHF34,407,Southwest Queens,Summer 2009,06/01/2009,26.48,
221849,386,Ozone (O3),Mean,ppb,UHF34,207,East Flatbush - Flatbush,Summer 2009,06/01/2009,25.47,
549392,386,Ozone (O3),Mean,ppb,UHF34,407,Southwest Queens,Summer 2017,06/01/2017,31.16,
605295,386,Ozone (O3),Mean,ppb,UHF34,407,Southwest Queens,Summer 2018,06/01/2018,31.93,
172113,375,Nitrogen dioxide (NO2),Mean,ppb,UHF34,207,East Flatbush - Flatbush,Summer 2010,06/01/2010,18.96,
412623,375,Nitrogen dioxide (NO2),Mean,ppb,UHF34,407,Southwest Queens,Summer 2016,06/01/2016,12.77,
743693,386,Ozone (O3),Mean,ppb,UHF42,406,Fresh Meadows,Summer 2021,06/01/2021,30.55,
222602,386,Ozone (O3),Mean,ppb,UHF42,406,Fresh Meadows,Summer 2012,06/01/2012,33.38,
222411,386,Ozone (O3),Mean,ppb,UHF42,102,Northeast Bronx,Summer 2013,06/01/2013,31.68,
172181,375,Nitrogen dioxide (NO2),Mean,ppb,UHF34,207,East Flatbush - Flatbush,Summer 2012,06/01/2012,16.92,
411066,365,Fine particles (PM 2.5),Mean,mcg/m3,CD,310,Bay Ridge and Dyker Heights (CD10),Summer 2016,06/01/2016,8.15,
411071,365,Fine particles (PM 2.5),Mean,mcg/m3,CD,312,Borough Park (CD12),Winter 2015-16,12/01/2015,8.22,
169418,365,Fine particles (PM 2.5),Mean,mcg/m3,CD,210,Throgs Neck and Co-op City (CD10),Summer 2011,06/01/2011,11.45,
169359,365,Fine particles (PM 2.5),Mean,mcg/m3,CD,210,Throgs Neck and Co-op City (CD10),Summer 2010,06/01/2010,11.84,
411029,365,Fine particles (PM 2.5),Mean,mcg/m3,CD,210,Throgs Neck and Co-op City (CD10),Winter 2015-16,12/01/2015,8.1,
169420,365,Fine particles (PM 2.5),Mean,mcg/m3,CD,212,Williamsbridge and Baychester (CD12),Summer 2011,06/01/2011,11.28,
"518810,650,Respiratory hospitalizations due to PM2.5 (age 20+),Estimated annual rate,""per 100,000 adults"",UHF42,301,Washington Heights,2012-2014,01/02/2012,10.48,"
216345,386,Ozone (O3),Mean,ppb,CD,112,Washington Heights and Inwood (CD12),Summer 2010,06/01/2010,30.7,
216346,386,Ozone (O3),Mean,ppb,CD,112,Washington Heights and Inwood (CD12),Summer 2011,06/01/2011,30.28,
216598,386,Ozone (O3),Mean,ppb,CD,412,Jamaica and Hollis (CD12),Summer 2011,06/01/2011,33.04,
216597,386,Ozone (O3),Mean,ppb,CD,412,Jamaica and Hollis (CD12),Summer 2010,06/01/2010,33.65,
222443,386,Ozone (O3),Mean,ppb,UHF42,201,Greenpoint,Summer 2009,06/01/2009,25.56,
169361,365,Fine particles (PM 2.5),Mean,mcg/m3,CD,212,Williamsbridge and Baychester (CD12),Summer 2010,06/01/2010,11.75,
742546,365,Fine particles (PM 2.5),Mean,mcg/m3,CD,410,South Ozone Park and Howard Beach (CD10),Winter 2020-21,12/01/2020,6.43,
169450,365,Fine particles (PM 2.5),Mean,mcg/m3,CD,412,Jamaica and Hollis (CD12),Summer 2011,06/01/2011,11.15,
742248,365,Fine particles (PM 2.5),Mean,mcg/m3,UHF42,401,Long Island City - Astoria,Annual Average 2021,01/01/2021,7.2,
412092,386,Ozone (O3),Mean,ppb,CD,210,Throgs Neck and Co-op City (CD10),Summer 2016,06/01/2016,34,
216417,386,Ozone (O3),Mean,ppb,CD,212,Williamsbridge and Baychester (CD12),Summer 2010,06/01/2010,33.81,
412094,386,Ozone (O3),Mean,ppb,CD,212,Williamsbridge and Baychester (CD12),Summer 2016,06/01/2016,33.19,
222629,386,Ozone (O3),Mean,ppb,UHF42,501,Port Richmond,Summer 2009,06/01/2009,24.42,
175970,375,Nitrogen dioxide (NO2),Mean,ppb,UHF42,201,Greenpoint,Summer 2011,06/01/2011,21.34,
175991,375,Nitrogen dioxide (NO2),Mean,ppb,UHF42,401,Long Island City - Astoria,Summer 2011,06/01/2011,20.69,
412511,375,Nitrogen dioxide (NO2),Mean,ppb,UHF42,401,Long Island City - Astoria,Winter 2015-16,12/01/2015,25.17,
549334,386,Ozone (O3),Mean,ppb,UHF42,201,Greenpoint,Summer 2017,06/01/2017,28.98,
670972,386,Ozone (O3),Mean,ppb,UHF42,201,Greenpoint,Summer 2020,06/01/2020,29.71,
122036,386,Ozone (O3),Mean,ppb,UHF42,501,Port Richmond,2-Year Summer Average 2009-2010,06/01/2009,29.2,
176047,375,Nitrogen dioxide (NO2),Mean,ppb,UHF42,101,Kingsbridge - Riverdale,Summer 2013,06/01/2013,14.2,
412429,375,Nitrogen dioxide (NO2),Mean,ppb,UHF42,101,Kingsbridge - Riverdale,Annual Average 2016,12/31/2015,16.04,
602816,375,Nitrogen dioxide (NO2),Mean,ppb,UHF42,501,Port Richmond,Annual Average 2018,01/01/2018,16.77,
412001,386,Ozone (O3),Mean,ppb,UHF42,201,Greenpoint,Summer 2016,06/01/2016,32.96,
333952,365,Fine particles (PM 2.5),Mean,mcg/m3,UHF42,101,Kingsbridge - Riverdale,Annual Average 2015,01/01/2015,9.17,
649665,365,Fine particles (PM 2.5),Mean,mcg/m3,UHF42,101,Kingsbridge - Riverdale,Winter 2018-19,12/01/2018,7.18,
669838,365,Fine particles (PM 2.5),Mean,mcg/m3,UHF42,101,Kingsbridge - Riverdale,Annual Average 2020,01/01/2020,5.89,
178515,365,Fine particles (PM 2.5),Mean,mcg/m3,UHF42,405,Ridgewood - Forest Hills,Annual Average 2011,12/01/2010,9.95,
212826,365,Fine particles (PM 2.5),Mean,mcg/m3,UHF42,405,Ridgewood - Forest Hills,Summer 2014,06/01/2014,8.49,
178419,365,Fine particles (PM 2.5),Mean,mcg/m3,UHF42,303,East Harlem,Annual Average 2009,12/01/2008,11.55,
178503,365,Fine particles (PM 2.5),Mean,mcg/m3,UHF42,303,East Harlem,Annual Average 2011,12/01/2010,11.12,
212814,365,Fine particles (PM 2.5),Mean,mcg/m3,UHF42,303,East Harlem,Summer 2014,06/01/2014,8.88,
669778,365,Fine particles (PM 2.5),Mean,mcg/m3,UHF42,303,East Harlem,Annual Average 2020,01/01/2020,6.37,
334018,365,Fine particles (PM 2.5),Mean,mcg/m3,UHF42,305,Upper East Side,Annual Average 2015,01/01/2015,10.2,
178523,365,Fine particles (PM 2.5),Mean,mcg/m3,UHF42,503,Willowbrook,Annual Average 2011,12/01/2010,9.63,
669718,365,Fine particles (PM 2.5),Mean,mcg/m3,UHF42,503,Willowbrook,Annual Average 2020,01/01/2020,5.62,
178439,365,Fine particles (PM 2.5),Mean,mcg/m3,UHF42,503,Willowbrook,Annual Average 2009,12/01/2008,10.1,
212834,365,Fine particles (PM 2.5),Mean,mcg/m3,UHF42,503,Willowbrook,Summer 2014,06/01/2014,8.12,
334072,365,Fine particles (PM 2.5),Mean,mcg/m3,UHF42,503,Willowbrook,Annual Average 2015,01/01/2015,8.01,
669742,365,Fine particles (PM 2.5),Mean,mcg/m3,UHF42,405,Ridgewood - Forest Hills,Annual Average 2020,01/01/2020,6.11,
649761,365,Fine particles (PM 2.5),Mean,mcg/m3,UHF42,405,Ridgewood - Forest Hills,Winter 2018-19,12/01/2018,7.17,
669740,365,Fine particles (PM 2.5),Mean,mcg/m3,UHF42,405,Ridgewood - Forest Hills,Summer 2020,06/01/2020,6.91,
605754,365,Fine particles (PM 2.5),Mean,mcg/m3,UHF42,403,Flushing - Clearview,Summer 2018,06/01/2018,8.35,
547466,365,Fine particles (PM 2.5),Mean,mcg/m3,UHF42,405,Ridgewood - Forest Hills,Winter 2016-17,12/01/2016,7.93,
177297,365,Fine particles (PM 2.5),Mean,mcg/m3,UHF42,405,Ridgewood - Forest Hills,Winter 2011-12,12/01/2011,8.97,
177213,365,Fine particles (PM 2.5),Mean,mcg/m3,UHF42,405,Ridgewood - Forest Hills,Winter 2009-10,12/01/2009,9.73,
605690,365,Fine particles (PM 2.5),Mean,mcg/m3,UHF42,203,Bedford Stuyvesant - Crown Heights,Annual Average 2018,01/01/2018,7.27,
177906,365,Fine particles (PM 2.5),Mean,mcg/m3,UHF42,205,Sunset Park,Summer 2012,06/01/2012,10.87,
605696,365,Fine particles (PM 2.5),Mean,mcg/m3,UHF42,205,Sunset Park,Annual Average 2018,01/01/2018,7.72,
177939,365,Fine particles (PM 2.5),Mean,mcg/m3,UHF42,103,Fordham - Bronx Pk,Summer 2013,06/01/2013,10.29,
742174,365,Fine particles (PM 2.5),Mean,mcg/m3,UHF42,105,Crotona -Tremont,Winter 2020-21,12/01/2020,6.76,
177841,365,Fine particles (PM 2.5),Mean,mcg/m3,UHF42,403,Flushing - Clearview,Summer 2010,06/01/2010,11.58,
177883,365,Fine particles (PM 2.5),Mean,mcg/m3,UHF42,403,Flushing - Clearview,Summer 2011,06/01/2011,11.24,
410825,365,Fine particles (PM 2.5),Mean,mcg/m3,UHF42,403,Flushing - Clearview,Winter 2015-16,12/01/2015,7.68,
410795,365,Fine particles (PM 2.5),Mean,mcg/m3,UHF42,303,East Harlem,Winter 2015-16,12/01/2015,8.59,
177875,365,Fine particles (PM 2.5),Mean,mcg/m3,UHF42,305,Upper East Side,Summer 2011,06/01/2011,13.11,
177893,365,Fine particles (PM 2.5),Mean,mcg/m3,UHF42,503,Willowbrook,Summer 2011,06/01/2011,11.3,
410856,365,Fine particles (PM 2.5),Mean,mcg/m3,UHF42,503,Willowbrook,Summer 2016,06/01/2016,8.09,
177851,365,Fine particles (PM 2.5),Mean,mcg/m3,UHF42,503,Willowbrook,Summer 2010,06/01/2010,11.68,
410855,365,Fine particles (PM 2.5),Mean,mcg/m3,UHF42,503,Willowbrook,Winter 2015-16,12/01/2015,7.78,
742252,365,Fine particles (PM 2.5),Mean,mcg/m3,UHF42,403,Flushing - Clearview,Winter 2020-21,12/01/2020,6.5,
174256,365,Fine particles (PM 2.5),Mean,mcg/m3,UHF34,208,Canarsie - Flatlands,Annual Average 2013,12/01/2012,8.18,
173610,365,Fine particles (PM 2.5),Mean,mcg/m3,UHF34,208,Canarsie - Flatlands,Summer 2009,06/01/2009,10.35,
334113,365,Fine particles (PM 2.5),Mean,mcg/m3,UHF34,208,Canarsie - Flatlands,Winter 2014-15,12/01/2014,8.39,
547528,365,Fine particles (PM 2.5),Mean,mcg/m3,UHF34,208,Canarsie - Flatlands,Annual Average 2017,01/01/2017,7.02,
173632,365,Fine particles (PM 2.5),Mean,mcg/m3,UHF34,105106107,South Bronx,Summer 2009,06/01/2009,11.35,
334137,365,Fine particles (PM 2.5),Mean,mcg/m3,UHF34,401,Long Island City - Astoria,Winter 2014-15,12/01/2014,10.44,
173190,365,Fine particles (PM 2.5),Mean,mcg/m3,UHF34,105106107,South Bronx,Winter 2010-11,12/01/2010,14.54,
174278,365,Fine particles (PM 2.5),Mean,mcg/m3,UHF34,105106107,South Bronx,Annual Average 2013,12/01/2012,9.7,
547594,365,Fine particles (PM 2.5),Mean,mcg/m3,UHF34,105106107,South Bronx,Annual Average 2017,01/01/2017,8.2,
742389,365,Fine particles (PM 2.5),Mean,mcg/m3,UHF34,105106107,South Bronx,Annual Average 2021,01/01/2021,6.83,
336485,375,Nitrogen dioxide (NO2),Mean,ppb,Borough,4,Queens,Summer 2015,06/01/2015,13.47,
221989,386,Ozone (O3),Mean,ppb,UHF34,105106107,South Bronx,Summer 2011,06/01/2011,32.18,
221988,386,Ozone (O3),Mean,ppb,UHF34,105106107,South Bronx,Summer 2010,06/01/2010,32.24,
412069,386,Ozone (O3),Mean,ppb,UHF34,105106107,South Bronx,Summer 2016,06/01/2016,32.84,
221844,386,Ozone (O3),Mean,ppb,UHF34,206,Borough Park,Summer 2010,06/01/2010,33.38,
221856,386,Ozone (O3),Mean,ppb,UHF34,208,Canarsie - Flatlands,Summer 2010,06/01/2010,36.12,
221934,386,Ozone (O3),Mean,ppb,UHF34,408,Jamaica,Summer 2010,06/01/2010,33.52,
221935,386,Ozone (O3),Mean,ppb,UHF34,408,Jamaica,Summer 2011,06/01/2011,32.95,
605305,386,Ozone (O3),Mean,ppb,UHF34,105106107,South Bronx,Summer 2018,06/01/2018,30.16,
549402,386,Ozone (O3),Mean,ppb,UHF34,105106107,South Bronx,Summer 2017,06/01/2017,28.45,
670904,386,Ozone (O3),Mean,ppb,UHF34,105106107,South Bronx,Summer 2020,06/01/2020,30.7,
171694,375,Nitrogen dioxide (NO2),Mean,ppb,UHF34,105106107,South Bronx,Winter 2011-12,12/01/2011,25.88,
171626,375,Nitrogen dioxide (NO2),Mean,ppb,UHF34,105106107,South Bronx,Winter 2009-10,12/01/2009,27.07,
211789,375,Nitrogen dioxide (NO2),Mean,ppb,UHF34,105106107,South Bronx,Annual Average 2014,12/01/2013,21.76,
173623,365,Fine particles (PM 2.5),Mean,mcg/m3,UHF34,408,Jamaica,Summer 2009,06/01/2009,10.13,
173181,365,Fine particles (PM 2.5),Mean,mcg/m3,UHF34,408,Jamaica,Winter 2010-11,12/01/2010,11.87,
174269,365,Fine particles (PM 2.5),Mean,mcg/m3,UHF34,408,Jamaica,Annual Average 2013,12/01/2012,8.27,
174118,365,Fine particles (PM 2.5),Mean,mcg/m3,UHF34,206,Borough Park,Annual Average 2009,12/01/2008,10.27,
174188,365,Fine particles (PM 2.5),Mean,mcg/m3,UHF34,208,Canarsie - Flatlands,Annual Average 2011,12/01/2010,9.55,
174120,365,Fine particles (PM 2.5),Mean,mcg/m3,UHF34,208,Canarsie - Flatlands,Annual Average 2009,12/01/2008,9.85,
211993,365,Fine particles (PM 2.5),Mean,mcg/m3,UHF34,105106107,South Bronx,Summer 2014,06/01/2014,9.26,
174196,365,Fine particles (PM 2.5),Mean,mcg/m3,UHF34,401,Long Island City - Astoria,Annual Average 2011,12/01/2010,11.02,
649848,365,Fine particles (PM 2.5),Mean,mcg/m3,UHF34,401,Long Island City - Astoria,Winter 2018-19,12/01/2018,8.62,
174142,365,Fine particles (PM 2.5),Mean,mcg/m3,UHF34,105106107,South Bronx,Annual Average 2009,12/01/2008,11.64,
174210,365,Fine particles (PM 2.5),Mean,mcg/m3,UHF34,105106107,South Bronx,Annual Average 2011,12/01/2010,11.36,
412447,375,Nitrogen dioxide (NO2),Mean,ppb,UHF42,107,Hunts Point - Mott Haven,Annual Average 2016,12/31/2015,19.91,
176018,375,Nitrogen dioxide (NO2),Mean,ppb,UHF42,207,East Flatbush - Flatbush,Summer 2012,06/01/2012,16.92,
176081,375,Nitrogen dioxide (NO2),Mean,ppb,UHF42,407,Southwest Queens,Summer 2013,06/01/2013,16.55,
412531,375,Nitrogen dioxide (NO2),Mean,ppb,UHF42,407,Southwest Queens,Annual Average 2016,12/31/2015,17.8,
740996,375,Nitrogen dioxide (NO2),Mean,ppb,UHF42,407,Southwest Queens,Summer 2021,06/01/2021,9.82,
222612,386,Ozone (O3),Mean,ppb,UHF42,408,Jamaica,Summer 2010,06/01/2010,33.52,
412000,386,Ozone (O3),Mean,ppb,UHF42,107,Hunts Point - Mott Haven,Summer 2016,06/01/2016,33.57,
222607,386,Ozone (O3),Mean,ppb,UHF42,407,Southwest Queens,Summer 2011,06/01/2011,33.63,
222606,386,Ozone (O3),Mean,ppb,UHF42,407,Southwest Queens,Summer 2010,06/01/2010,34.04,
412028,386,Ozone (O3),Mean,ppb,UHF42,407,Southwest Queens,Summer 2016,06/01/2016,34.34,
649707,365,Fine particles (PM 2.5),Mean,mcg/m3,UHF42,208,Canarsie - Flatlands,Winter 2018-19,12/01/2018,6.74,
334024,365,Fine particles (PM 2.5),Mean,mcg/m3,UHF42,307,Gramercy Park - Murray Hill,Annual Average 2015,01/01/2015,11.72,
669766,365,Fine particles (PM 2.5),Mean,mcg/m3,UHF42,307,Gramercy Park - Murray Hill,Annual Average 2020,01/01/2020,8.18,
178424,365,Fine particles (PM 2.5),Mean,mcg/m3,UHF42,308,Greenwich Village - SoHo,Annual Average 2009,12/01/2008,12.75,
334027,365,Fine particles (PM 2.5),Mean,mcg/m3,UHF42,308,Greenwich Village - SoHo,Annual Average 2015,01/01/2015,10.6,
669763,365,Fine particles (PM 2.5),Mean,mcg/m3,UHF42,308,Greenwich Village - SoHo,Annual Average 2020,01/01/2020,8.22,
212828,365,Fine particles (PM 2.5),Mean,mcg/m3,UHF42,407,Southwest Queens,Summer 2014,06/01/2014,8.06,
669736,365,Fine particles (PM 2.5),Mean,mcg/m3,UHF42,407,Southwest Queens,Annual Average 2020,01/01/2020,5.91,
178518,365,Fine particles (PM 2.5),Mean,mcg/m3,UHF42,408,Jamaica,Annual Average 2011,12/01/2010,9.57,
178434,365,Fine particles (PM 2.5),Mean,mcg/m3,UHF42,408,Jamaica,Annual Average 2009,12/01/2008,9.95,
178559,365,Fine particles (PM 2.5),Mean,mcg/m3,UHF42,407,Southwest Queens,Annual Average 2012,12/01/2011,8.32,
178560,365,Fine particles (PM 2.5),Mean,mcg/m3,UHF42,408,Jamaica,Annual Average 2012,12/01/2011,8.48,
411087,365,Fine particles (PM 2.5),Mean,mcg/m3,CD,317,East Flatbush (CD17),Summer 2016,06/01/2016,8.26,
742513,365,Fine particles (PM 2.5),Mean,mcg/m3,CD,317,East Flatbush (CD17),Winter 2020-21,12/01/2020,6.7,
411140,365,Fine particles (PM 2.5),Mean,mcg/m3,CD,503,Tottenville and Great Kills (CD3),Winter 2015-16,12/01/2015,7.17,
411141,365,Fine particles (PM 2.5),Mean,mcg/m3,CD,503,Tottenville and Great Kills (CD3),Summer 2016,06/01/2016,7.54,
742567,365,Fine particles (PM 2.5),Mean,mcg/m3,CD,503,Tottenville and Great Kills (CD3),Winter 2020-21,12/01/2020,6.5,
742525,365,Fine particles (PM 2.5),Mean,mcg/m3,CD,403,Jackson Heights (CD3),Winter 2020-21,12/01/2020,6.71,
742528,365,Fine particles (PM 2.5),Mean,mcg/m3,CD,404,Elmhurst and Corona (CD4),Winter 2020-21,12/01/2020,6.83,
169441,365,Fine particles (PM 2.5),Mean,mcg/m3,CD,403,Jackson Heights (CD3),Summer 2011,06/01/2011,11.19,
169383,365,Fine particles (PM 2.5),Mean,mcg/m3,CD,404,Elmhurst and Corona (CD4),Summer 2010,06/01/2010,12,
411102,365,Fine particles (PM 2.5),Mean,mcg/m3,CD,404,Elmhurst and Corona (CD4),Summer 2016,06/01/2016,8.28,
411098,365,Fine particles (PM 2.5),Mean,mcg/m3,CD,403,Jackson Heights (CD3),Winter 2015-16,12/01/2015,7.67,
172215,375,Nitrogen dioxide (NO2),Mean,ppb,UHF34,207,East Flatbush - Flatbush,Summer 2013,06/01/2013,16.52,
412624,375,Nitrogen dioxide (NO2),Mean,ppb,UHF34,407,Southwest Queens,Annual Average 2016,12/31/2015,17.8,
222519,386,Ozone (O3),Mean,ppb,UHF42,302,Central Harlem - Morningside Heights,Summer 2013,06/01/2013,28.4,
176028,375,Nitrogen dioxide (NO2),Mean,ppb,UHF42,306,Chelsea - Clinton,Summer 2012,06/01/2012,32.85,
740963,375,Nitrogen dioxide (NO2),Mean,ppb,UHF42,306,Chelsea - Clinton,Summer 2021,06/01/2021,20.2,
"518825,650,Respiratory hospitalizations due to PM2.5 (age 20+),Estimated annual rate,""per 100,000 adults"",UHF42,406,Fresh Meadows,2012-2014,01/02/2012,8.06,"
"130916,650,Respiratory hospitalizations due to PM2.5 (age 20+),Estimated annual rate,""per 100,000 adults"",UHF42,406,Fresh Meadows,2005-2007,01/01/2005,15.2,"
412528,375,Nitrogen dioxide (NO2),Mean,ppb,UHF42,406,Fresh Meadows,Annual Average 2016,12/31/2015,18.09,
740993,375,Nitrogen dioxide (NO2),Mean,ppb,UHF42,406,Fresh Meadows,Summer 2021,06/01/2021,10.52,
334232,365,Fine particles (PM 2.5),Mean,mcg/m3,CD,205,Fordham and University Heights (CD5),Summer 2015,06/01/2015,10.47,
333977,365,Fine particles (PM 2.5),Mean,mcg/m3,UHF42,202,Downtown - Heights - Slope,Summer 2015,06/01/2015,10.29,
177308,365,Fine particles (PM 2.5),Mean,mcg/m3,UHF42,102,Northeast Bronx,Winter 2012-13,12/01/2012,10.59,
178442,365,Fine particles (PM 2.5),Mean,mcg/m3,UHF42,102,Northeast Bronx,Annual Average 2010,12/01/2009,9.65,
178464,365,Fine particles (PM 2.5),Mean,mcg/m3,UHF42,306,Chelsea - Clinton,Annual Average 2010,12/01/2009,13.21,
334022,365,Fine particles (PM 2.5),Mean,mcg/m3,UHF42,306,Chelsea - Clinton,Summer 2015,06/01/2015,12.01,
669768,365,Fine particles (PM 2.5),Mean,mcg/m3,UHF42,306,Chelsea - Clinton,Winter 2019-20,12/01/2019,11.38,
547525,365,Fine particles (PM 2.5),Mean,mcg/m3,UHF34,207,East Flatbush - Flatbush,Annual Average 2017,01/01/2017,7.36,
742359,365,Fine particles (PM 2.5),Mean,mcg/m3,UHF34,407,Southwest Queens,Annual Average 2021,01/01/2021,6.3,
338205,386,Ozone (O3),Mean,ppb,UHF42,406,Fresh Meadows,Summer 2015,06/01/2015,31.53,
650955,386,Ozone (O3),Mean,ppb,UHF42,406,Fresh Meadows,Summer 2019,06/01/2019,31.81,
650923,386,Ozone (O3),Mean,ppb,UHF42,102,Northeast Bronx,Summer 2019,06/01/2019,30.34,
667172,375,Nitrogen dioxide (NO2),Mean,ppb,UHF42,302,Central Harlem - Morningside Heights,Winter 2019-20,12/01/2019,26.6,
336589,375,Nitrogen dioxide (NO2),Mean,ppb,UHF42,406,Fresh Meadows,Annual Average 2015,01/01/2015,18.78,
667255,375,Nitrogen dioxide (NO2),Mean,ppb,UHF42,406,Fresh Meadows,Annual Average 2020,01/01/2020,14.4,
221850,386,Ozone (O3),Mean,ppb,UHF34,207,East Flatbush - Flatbush,Summer 2010,06/01/2010,33.33,
221851,386,Ozone (O3),Mean,ppb,UHF34,207,East Flatbush - Flatbush,Summer 2011,06/01/2011,32.67,
221928,386,Ozone (O3),Mean,ppb,UHF34,407,Southwest Queens,Summer 2010,06/01/2010,34.04,
221929,386,Ozone (O3),Mean,ppb,UHF34,407,Southwest Queens,Summer 2011,06/01/2011,33.63,
412059,386,Ozone (O3),Mean,ppb,UHF34,407,Southwest Queens,Summer 2016,06/01/2016,34.34,
670927,386,Ozone (O3),Mean,ppb,UHF34,207,East Flatbush - Flatbush,Summer 2020,06/01/2020,29.46,
122147,386,Ozone (O3),Mean,ppb,UHF34,407,Southwest Queens,2-Year Summer Average 2009-2010,06/01/2009,28.36,
670914,386,Ozone (O3),Mean,ppb,UHF34,407,Southwest Queens,Summer 2020,06/01/2020,29.73,
173622,365,Fine particles (PM 2.5),Mean,mcg/m3,UHF34,407,Southwest Queens,Summer 2009,06/01/2009,10.13,
174268,365,Fine particles (PM 2.5),Mean,mcg/m3,UHF34,407,Southwest Queens,Annual Average 2013,12/01/2012,8.14,
334006,365,Fine particles (PM 2.5),Mean,mcg/m3,UHF42,301,Washington Heights,Annual Average 2015,01/01/2015,9.36,
169389,365,Fine particles (PM 2.5),Mean,mcg/m3,CD,410,South Ozone Park and Howard Beach (CD10),Summer 2010,06/01/2010,11.18,
169448,365,Fine particles (PM 2.5),Mean,mcg/m3,CD,410,South Ozone Park and Howard Beach (CD10),Summer 2011,06/01/2011,10.9,
411119,365,Fine particles (PM 2.5),Mean,mcg/m3,CD,410,South Ozone Park and Howard Beach (CD10),Winter 2015-16,12/01/2015,7.32,
411120,365,Fine particles (PM 2.5),Mean,mcg/m3,CD,410,South Ozone Park and Howard Beach (CD10),Summer 2016,06/01/2016,7.43,
169391,365,Fine particles (PM 2.5),Mean,mcg/m3,CD,412,Jamaica and Hollis (CD12),Summer 2010,06/01/2010,11.38,
411126,365,Fine particles (PM 2.5),Mean,mcg/m3,CD,412,Jamaica and Hollis (CD12),Summer 2016,06/01/2016,7.55,
669784,365,Fine particles (PM 2.5),Mean,mcg/m3,UHF42,301,Washington Heights,Annual Average 2020,01/01/2020,6.29,
178521,365,Fine particles (PM 2.5),Mean,mcg/m3,UHF42,501,Port Richmond,Annual Average 2011,12/01/2010,9.73,
547483,365,Fine particles (PM 2.5),Mean,mcg/m3,UHF42,501,Port Richmond,Annual Average 2017,01/01/2017,7.19,
742278,365,Fine particles (PM 2.5),Mean,mcg/m3,UHF42,501,Port Richmond,Annual Average 2021,01/01/2021,6.37,
178605,365,Fine particles (PM 2.5),Mean,mcg/m3,UHF42,501,Port Richmond,Annual Average 2013,12/01/2012,8.27,
177261,365,Fine particles (PM 2.5),Mean,mcg/m3,UHF42,501,Port Richmond,Winter 2010-11,12/01/2010,12.16,
334068,365,Fine particles (PM 2.5),Mean,mcg/m3,UHF42,501,Port Richmond,Winter 2014-15,12/01/2014,8.97,
177251,365,Fine particles (PM 2.5),Mean,mcg/m3,UHF42,401,Long Island City - Astoria,Winter 2010-11,12/01/2010,13.64,
177797,365,Fine particles (PM 2.5),Mean,mcg/m3,UHF42,401,Long Island City - Astoria,Summer 2009,06/01/2009,11.6,
178563,365,Fine particles (PM 2.5),Mean,mcg/m3,UHF42,501,Port Richmond,Annual Average 2012,12/01/2011,8.55,
742552,365,Fine particles (PM 2.5),Mean,mcg/m3,CD,412,Jamaica and Hollis (CD12),Winter 2020-21,12/01/2020,6.58,
178553,365,Fine particles (PM 2.5),Mean,mcg/m3,UHF42,401,Long Island City - Astoria,Annual Average 2012,12/01/2011,9.84,
130425,640,Boiler Emissions- Total SO2 Emissions,Number per km2,number,UHF42,401,Long Island City - Astoria,2013,01/01/2013,6.7,
177818,365,Fine particles (PM 2.5),Mean,mcg/m3,UHF42,201,Greenpoint,Summer 2010,06/01/2010,13.32,
177860,365,Fine particles (PM 2.5),Mean,mcg/m3,UHF42,201,Greenpoint,Summer 2011,06/01/2011,12.84,
410756,365,Fine particles (PM 2.5),Mean,mcg/m3,UHF42,201,Greenpoint,Winter 2015-16,12/01/2015,10.19,
742183,365,Fine particles (PM 2.5),Mean,mcg/m3,UHF42,201,Greenpoint,Winter 2020-21,12/01/2020,7.99,
178511,365,Fine particles (PM 2.5),Mean,mcg/m3,UHF42,401,Long Island City - Astoria,Annual Average 2011,12/01/2010,11.02,
334036,365,Fine particles (PM 2.5),Mean,mcg/m3,UHF42,401,Long Island City - Astoria,Annual Average 2015,01/01/2015,9.78,
649779,365,Fine particles (PM 2.5),Mean,mcg/m3,UHF42,501,Port Richmond,Winter 2018-19,12/01/2018,6.86,
669722,365,Fine particles (PM 2.5),Mean,mcg/m3,UHF42,501,Port Richmond,Summer 2020,06/01/2020,6.88,
177303,365,Fine particles (PM 2.5),Mean,mcg/m3,UHF42,501,Port Richmond,Winter 2011-12,12/01/2011,8.6,
177209,365,Fine particles (PM 2.5),Mean,mcg/m3,UHF42,401,Long Island City - Astoria,Winter 2009-10,12/01/2009,9.75,
212948,365,Fine particles (PM 2.5),Mean,mcg/m3,UHF42,401,Long Island City - Astoria,Annual Average 2014,12/01/2013,9.98,
177293,365,Fine particles (PM 2.5),Mean,mcg/m3,UHF42,401,Long Island City - Astoria,Winter 2011-12,12/01/2011,9.91,
177885,365,Fine particles (PM 2.5),Mean,mcg/m3,UHF42,405,Ridgewood - Forest Hills,Summer 2011,06/01/2011,11.35,
177843,365,Fine particles (PM 2.5),Mean,mcg/m3,UHF42,405,Ridgewood - Forest Hills,Summer 2010,06/01/2010,11.73,
410831,365,Fine particles (PM 2.5),Mean,mcg/m3,UHF42,405,Ridgewood - Forest Hills,Winter 2015-16,12/01/2015,8.12,
410832,365,Fine particles (PM 2.5),Mean,mcg/m3,UHF42,405,Ridgewood - Forest Hills,Summer 2016,06/01/2016,8.05,
173223,365,Fine particles (PM 2.5),Mean,mcg/m3,UHF34,503504,Southern SI,Winter 2011-12,12/01/2011,8.49,
173155,365,Fine particles (PM 2.5),Mean,mcg/m3,UHF34,503504,Southern SI,Winter 2009-10,12/01/2009,9.1,
547592,365,Fine particles (PM 2.5),Mean,mcg/m3,UHF34,503504,Southern SI,Winter 2016-17,12/01/2016,7.02,
547590,365,Fine particles (PM 2.5),Mean,mcg/m3,UHF34,503504,Southern SI,Summer 2017,06/01/2017,8.06,
669614,365,Fine particles (PM 2.5),Mean,mcg/m3,UHF34,503504,Southern SI,Summer 2020,06/01/2020,6.55,
212094,365,Fine particles (PM 2.5),Mean,mcg/m3,UHF34,503504,Southern SI,Annual Average 2014,12/01/2013,8.38,
550080,375,Nitrogen dioxide (NO2),Mean,ppb,CD,306,Park Slope and Carroll Gardens (CD6),Winter 2016-17,12/01/2016,25.83,
550078,375,Nitrogen dioxide (NO2),Mean,ppb,CD,306,Park Slope and Carroll Gardens (CD6),Summer 2017,06/01/2017,15.99,
172747,375,Nitrogen dioxide (NO2),Mean,ppb,UHF34,503504,Southern SI,Annual Average 2013,12/01/2012,12.68,
221981,386,Ozone (O3),Mean,ppb,UHF34,503504,Southern SI,Summer 2009,06/01/2009,27.13,
336714,375,Nitrogen dioxide (NO2),Mean,ppb,UHF34,503504,Southern SI,Winter 2014-15,12/01/2014,18.89,
549983,375,Nitrogen dioxide (NO2),Mean,ppb,UHF34,503504,Southern SI,Annual Average 2017,01/01/2017,12.5,
336582,375,Nitrogen dioxide (NO2),Mean,ppb,UHF42,403,Flushing - Clearview,Winter 2014-15,12/01/2014,24.01,
549401,386,Ozone (O3),Mean,ppb,UHF34,503504,Southern SI,Summer 2017,06/01/2017,28.58,
670905,386,Ozone (O3),Mean,ppb,UHF34,503504,Southern SI,Summer 2020,06/01/2020,28.92,
172135,375,Nitrogen dioxide (NO2),Mean,ppb,UHF34,503504,Southern SI,Summer 2010,06/01/2010,10.82,
222458,386,Ozone (O3),Mean,ppb,UHF42,203,Bedford Stuyvesant - Crown Heights,Summer 2012,06/01/2012,32.12,
743717,386,Ozone (O3),Mean,ppb,UHF42,203,Bedford Stuyvesant - Crown Heights,Summer 2021,06/01/2021,30.3,
222417,386,Ozone (O3),Mean,ppb,UHF42,103,Fordham - Bronx Pk,Summer 2013,06/01/2013,30.79,
743722,386,Ozone (O3),Mean,ppb,UHF42,105,Crotona -Tremont,Summer 2021,06/01/2021,28.98,
222585,386,Ozone (O3),Mean,ppb,UHF42,403,Flushing - Clearview,Summer 2013,06/01/2013,31.43,
743696,386,Ozone (O3),Mean,ppb,UHF42,403,Flushing - Clearview,Summer 2021,06/01/2021,30.79,
172203,375,Nitrogen dioxide (NO2),Mean,ppb,UHF34,503504,Southern SI,Summer 2012,06/01/2012,9.49,
172237,375,Nitrogen dioxide (NO2),Mean,ppb,UHF34,503504,Southern SI,Summer 2013,06/01/2013,8.92,
222644,386,Ozone (O3),Mean,ppb,UHF42,503,Willowbrook,Summer 2012,06/01/2012,32.76,
222597,386,Ozone (O3),Mean,ppb,UHF42,405,Ridgewood - Forest Hills,Summer 2013,06/01/2013,30.77,
222596,386,Ozone (O3),Mean,ppb,UHF42,405,Ridgewood - Forest Hills,Summer 2012,06/01/2012,33.3,
222525,386,Ozone (O3),Mean,ppb,UHF42,303,East Harlem,Summer 2013,06/01/2013,28.87,
222537,386,Ozone (O3),Mean,ppb,UHF42,305,Upper East Side,Summer 2013,06/01/2013,26.32,
740960,375,Nitrogen dioxide (NO2),Mean,ppb,UHF42,305,Upper East Side,Summer 2021,06/01/2021,16.72,
"518832,650,Respiratory hospitalizations due to PM2.5 (age 20+),Estimated annual rate,""per 100,000 adults"",UHF42,503,Willowbrook,2012-2014,01/02/2012,13.54,"
212820,365,Fine particles (PM 2.5),Mean,mcg/m3,UHF42,309,Union Square - Lower East Side,Summer 2014,06/01/2014,10.2,
178415,365,Fine particles (PM 2.5),Mean,mcg/m3,UHF42,210,Coney Island - Sheepshead Bay,Annual Average 2009,12/01/2008,9.55,
669790,365,Fine particles (PM 2.5),Mean,mcg/m3,UHF42,210,Coney Island - Sheepshead Bay,Annual Average 2020,01/01/2020,5.7,
212830,365,Fine particles (PM 2.5),Mean,mcg/m3,UHF42,409,Southeast Queens,Summer 2014,06/01/2014,7.72,
742275,365,Fine particles (PM 2.5),Mean,mcg/m3,UHF42,410,Rockaways,Annual Average 2021,01/01/2021,5.92,
178562,365,Fine particles (PM 2.5),Mean,mcg/m3,UHF42,410,Rockaways,Annual Average 2012,12/01/2011,7.36,
178561,365,Fine particles (PM 2.5),Mean,mcg/m3,UHF42,409,Southeast Queens,Annual Average 2012,12/01/2011,8.04,
411135,365,Fine particles (PM 2.5),Mean,mcg/m3,CD,501,St. George and Stapleton (CD1),Summer 2016,06/01/2016,8.04,
742561,365,Fine particles (PM 2.5),Mean,mcg/m3,CD,501,St. George and Stapleton (CD1),Winter 2020-21,12/01/2020,6.58,
169440,365,Fine particles (PM 2.5),Mean,mcg/m3,CD,402,Woodside and Sunnyside (CD2),Summer 2011,06/01/2011,12.85,
169381,365,Fine particles (PM 2.5),Mean,mcg/m3,CD,402,Woodside and Sunnyside (CD2),Summer 2010,06/01/2010,13.32,
411095,365,Fine particles (PM 2.5),Mean,mcg/m3,CD,402,Woodside and Sunnyside (CD2),Winter 2015-16,12/01/2015,9.78,
411096,365,Fine particles (PM 2.5),Mean,mcg/m3,CD,402,Woodside and Sunnyside (CD2),Summer 2016,06/01/2016,9.77,
169395,365,Fine particles (PM 2.5),Mean,mcg/m3,CD,502,South Beach and Willowbrook (CD2),Summer 2010,06/01/2010,11.51,
169454,365,Fine particles (PM 2.5),Mean,mcg/m3,CD,502,South Beach and Willowbrook (CD2),Summer 2011,06/01/2011,11.15,
411137,365,Fine particles (PM 2.5),Mean,mcg/m3,CD,502,South Beach and Willowbrook (CD2),Winter 2015-16,12/01/2015,7.49,
411138,365,Fine particles (PM 2.5),Mean,mcg/m3,CD,502,South Beach and Willowbrook (CD2),Summer 2016,06/01/2016,7.92,
742564,365,Fine particles (PM 2.5),Mean,mcg/m3,CD,502,South Beach and Willowbrook (CD2),Winter 2020-21,12/01/2020,6.48,
130412,640,Boiler Emissions- Total SO2 Emissions,Number per km2,number,UHF42,209,Bensonhurst - Bay Ridge,2013,01/01/2013,1.7,
130434,640,Boiler Emissions- Total SO2 Emissions,Number per km2,number,UHF42,410,Rockaways,2013,01/01/2013,0,
177823,365,Fine particles (PM 2.5),Mean,mcg/m3,UHF42,206,Borough Park,Summer 2010,06/01/2010,11.73,
178520,365,Fine particles (PM 2.5),Mean,mcg/m3,UHF42,410,Rockaways,Annual Average 2011,12/01/2010,8.44,
178436,365,Fine particles (PM 2.5),Mean,mcg/m3,UHF42,410,Rockaways,Annual Average 2009,12/01/2008,8.75,
212831,365,Fine particles (PM 2.5),Mean,mcg/m3,UHF42,410,Rockaways,Summer 2014,06/01/2014,7.37,
334063,365,Fine particles (PM 2.5),Mean,mcg/m3,UHF42,410,Rockaways,Annual Average 2015,01/01/2015,7.16,
212809,365,Fine particles (PM 2.5),Mean,mcg/m3,UHF42,209,Bensonhurst - Bay Ridge,Summer 2014,06/01/2014,8.27,
334060,365,Fine particles (PM 2.5),Mean,mcg/m3,UHF42,409,Southeast Queens,Annual Average 2015,01/01/2015,7.9,
669730,365,Fine particles (PM 2.5),Mean,mcg/m3,UHF42,409,Southeast Queens,Annual Average 2020,01/01/2020,5.78,
649773,365,Fine particles (PM 2.5),Mean,mcg/m3,UHF42,409,Southeast Queens,Winter 2018-19,12/01/2018,6.73,
669727,365,Fine particles (PM 2.5),Mean,mcg/m3,UHF42,410,Rockaways,Annual Average 2020,01/01/2020,5.33,
649776,365,Fine particles (PM 2.5),Mean,mcg/m3,UHF42,410,Rockaways,Winter 2018-19,12/01/2018,6.28,
547476,365,Fine particles (PM 2.5),Mean,mcg/m3,UHF42,409,Southeast Queens,Summer 2017,06/01/2017,8.35,
669728,365,Fine particles (PM 2.5),Mean,mcg/m3,UHF42,409,Southeast Queens,Summer 2020,06/01/2020,6.57,
173180,365,Fine particles (PM 2.5),Mean,mcg/m3,UHF34,407,Southwest Queens,Winter 2010-11,12/01/2010,11.69,
334149,365,Fine particles (PM 2.5),Mean,mcg/m3,UHF34,407,Southwest Queens,Winter 2014-15,12/01/2014,8.51,
334147,365,Fine particles (PM 2.5),Mean,mcg/m3,UHF34,407,Southwest Queens,Annual Average 2015,01/01/2015,8.05,
547564,365,Fine particles (PM 2.5),Mean,mcg/m3,UHF34,407,Southwest Queens,Annual Average 2017,01/01/2017,6.94,
173146,365,Fine particles (PM 2.5),Mean,mcg/m3,UHF34,407,Southwest Queens,Winter 2009-10,12/01/2009,9.67,
212085,365,Fine particles (PM 2.5),Mean,mcg/m3,UHF34,407,Southwest Queens,Annual Average 2014,12/01/2013,8.39,
547563,365,Fine particles (PM 2.5),Mean,mcg/m3,UHF34,407,Southwest Queens,Summer 2017,06/01/2017,8.43,
669641,365,Fine particles (PM 2.5),Mean,mcg/m3,UHF34,407,Southwest Queens,Summer 2020,06/01/2020,6.69,
177896,365,Fine particles (PM 2.5),Mean,mcg/m3,UHF42,102,Northeast Bronx,Summer 2012,06/01/2012,10.23,
605666,365,Fine particles (PM 2.5),Mean,mcg/m3,UHF42,102,Northeast Bronx,Annual Average 2018,01/01/2018,6.99,
547565,365,Fine particles (PM 2.5),Mean,mcg/m3,UHF34,407,Southwest Queens,Winter 2016-17,12/01/2016,7.69,
605859,365,Fine particles (PM 2.5),Mean,mcg/m3,UHF34,407,Southwest Queens,Summer 2018,06/01/2018,8.02,
177914,365,Fine particles (PM 2.5),Mean,mcg/m3,UHF42,302,Central Harlem - Morningside Heights,Summer 2012,06/01/2012,10.85,
410794,365,Fine particles (PM 2.5),Mean,mcg/m3,UHF42,302,Central Harlem - Morningside Heights,Annual Average 2016,12/31/2015,7.95,
742220,365,Fine particles (PM 2.5),Mean,mcg/m3,UHF42,302,Central Harlem - Morningside Heights,Summer 2021,06/01/2021,8.77,
171569,375,Nitrogen dioxide (NO2),Mean,ppb,UHF34,207,East Flatbush - Flatbush,Winter 2008-09,12/01/2008,30.46,
602899,375,Nitrogen dioxide (NO2),Mean,ppb,UHF34,407,Southwest Queens,Winter 2017-18,12/01/2017,23.99,
171705,375,Nitrogen dioxide (NO2),Mean,ppb,UHF34,207,East Flatbush - Flatbush,Winter 2012-13,12/01/2012,25.91,
643475,375,Nitrogen dioxide (NO2),Mean,ppb,UHF34,207,East Flatbush - Flatbush,Summer 2019,06/01/2019,12.75,
667370,375,Nitrogen dioxide (NO2),Mean,ppb,UHF34,207,East Flatbush - Flatbush,Winter 2019-20,12/01/2019,26.13,
336686,375,Nitrogen dioxide (NO2),Mean,ppb,UHF34,407,Southwest Queens,Summer 2015,06/01/2015,13.43,
743661,386,Ozone (O3),Mean,ppb,UHF34,407,Southwest Queens,Summer 2021,06/01/2021,31.86,
221931,386,Ozone (O3),Mean,ppb,UHF34,407,Southwest Queens,Summer 2013,06/01/2013,31.68,
221930,386,Ozone (O3),Mean,ppb,UHF34,407,Southwest Queens,Summer 2012,06/01/2012,34.15,
173690,365,Fine particles (PM 2.5),Mean,mcg/m3,UHF34,407,Southwest Queens,Summer 2011,06/01/2011,11.03,
742357,365,Fine particles (PM 2.5),Mean,mcg/m3,UHF34,407,Southwest Queens,Winter 2020-21,12/01/2020,6.52,
173656,365,Fine particles (PM 2.5),Mean,mcg/m3,UHF34,407,Southwest Queens,Summer 2010,06/01/2010,11.33,
410930,365,Fine particles (PM 2.5),Mean,mcg/m3,UHF34,407,Southwest Queens,Winter 2015-16,12/01/2015,7.51,
410931,365,Fine particles (PM 2.5),Mean,mcg/m3,UHF34,407,Southwest Queens,Summer 2016,06/01/2016,7.59,
410836,365,Fine particles (PM 2.5),Mean,mcg/m3,UHF42,406,Fresh Meadows,Annual Average 2016,12/31/2015,7.03,
605762,365,Fine particles (PM 2.5),Mean,mcg/m3,UHF42,406,Fresh Meadows,Annual Average 2018,01/01/2018,6.55,
742262,365,Fine particles (PM 2.5),Mean,mcg/m3,UHF42,406,Fresh Meadows,Summer 2021,06/01/2021,7.92,
177970,365,Fine particles (PM 2.5),Mean,mcg/m3,UHF42,406,Fresh Meadows,Summer 2013,06/01/2013,9.96,
173711,365,Fine particles (PM 2.5),Mean,mcg/m3,UHF34,207,East Flatbush - Flatbush,Summer 2012,06/01/2012,10.28,
649962,365,Fine particles (PM 2.5),Mean,mcg/m3,CD,211,Morris Park and Bronxdale (CD11),Winter 2018-19,12/01/2018,7.15,
170332,365,Fine particles (PM 2.5),Mean,mcg/m3,CD,409,Kew Gardens and Woodhaven (CD9),Annual Average 2011,12/01/2010,9.72,
669958,365,Fine particles (PM 2.5),Mean,mcg/m3,CD,409,Kew Gardens and Woodhaven (CD9),Annual Average 2020,01/01/2020,6.09,
650046,365,Fine particles (PM 2.5),Mean,mcg/m3,CD,409,Kew Gardens and Woodhaven (CD9),Winter 2018-19,12/01/2018,7.07,
213983,365,Fine particles (PM 2.5),Mean,mcg/m3,CD,411,Bayside and Little Neck (CD11),Summer 2014,06/01/2014,7.94,
169388,365,Fine particles (PM 2.5),Mean,mcg/m3,CD,409,Kew Gardens and Woodhaven (CD9),Summer 2010,06/01/2010,11.56,
169447,365,Fine particles (PM 2.5),Mean,mcg/m3,CD,409,Kew Gardens and Woodhaven (CD9),Summer 2011,06/01/2011,11.24,
179769,640,Boiler Emissions- Total SO2 Emissions,Number per km2,number,UHF42,502,Stapleton - St. George,2015,01/01/2015,0.2,
742495,365,Fine particles (PM 2.5),Mean,mcg/m3,CD,311,Bensonhurst (CD11),Winter 2020-21,12/01/2020,6.63,
169360,365,Fine particles (PM 2.5),Mean,mcg/m3,CD,211,Morris Park and Bronxdale (CD11),Summer 2010,06/01/2010,11.77,
169419,365,Fine particles (PM 2.5),Mean,mcg/m3,CD,211,Morris Park and Bronxdale (CD11),Summer 2011,06/01/2011,11.32,
742459,365,Fine particles (PM 2.5),Mean,mcg/m3,CD,211,Morris Park and Bronxdale (CD11),Winter 2020-21,12/01/2020,6.42,
176674,375,Nitrogen dioxide (NO2),Mean,ppb,UHF42,502,Stapleton - St. George,Annual Average 2012,12/01/2011,16.01,
216339,386,Ozone (O3),Mean,ppb,CD,111,East Harlem (CD11),Summer 2010,06/01/2010,30.56,
216580,386,Ozone (O3),Mean,ppb,CD,409,Kew Gardens and Woodhaven (CD9),Summer 2011,06/01/2011,32.83,
216591,386,Ozone (O3),Mean,ppb,CD,411,Bayside and Little Neck (CD11),Summer 2010,06/01/2010,33.57,
216592,386,Ozone (O3),Mean,ppb,CD,411,Bayside and Little Neck (CD11),Summer 2011,06/01/2011,33.12,
222635,386,Ozone (O3),Mean,ppb,UHF42,502,Stapleton - St. George,Summer 2009,06/01/2009,26.48,
742549,365,Fine particles (PM 2.5),Mean,mcg/m3,CD,411,Bayside and Little Neck (CD11),Winter 2020-21,12/01/2020,6.39,
177808,365,Fine particles (PM 2.5),Mean,mcg/m3,UHF42,502,Stapleton - St. George,Summer 2009,06/01/2009,10.36,
334071,365,Fine particles (PM 2.5),Mean,mcg/m3,UHF42,502,Stapleton - St. George,Winter 2014-15,12/01/2014,8.36,
177262,365,Fine particles (PM 2.5),Mean,mcg/m3,UHF42,502,Stapleton - St. George,Winter 2010-11,12/01/2010,11.62,
178606,365,Fine particles (PM 2.5),Mean,mcg/m3,UHF42,502,Stapleton - St. George,Annual Average 2013,12/01/2012,7.9,
547486,365,Fine particles (PM 2.5),Mean,mcg/m3,UHF42,502,Stapleton - St. George,Annual Average 2017,01/01/2017,6.8,
742281,365,Fine particles (PM 2.5),Mean,mcg/m3,UHF42,502,Stapleton - St. George,Annual Average 2021,01/01/2021,6.25,
178564,365,Fine particles (PM 2.5),Mean,mcg/m3,UHF42,502,Stapleton - St. George,Annual Average 2012,12/01/2011,8.18,
216412,386,Ozone (O3),Mean,ppb,CD,211,Morris Park and Bronxdale (CD11),Summer 2011,06/01/2011,33.45,
216411,386,Ozone (O3),Mean,ppb,CD,211,Morris Park and Bronxdale (CD11),Summer 2010,06/01/2010,33.7,
175918,375,Nitrogen dioxide (NO2),Mean,ppb,UHF42,502,Stapleton - St. George,Summer 2009,06/01/2009,14.92,
175372,375,Nitrogen dioxide (NO2),Mean,ppb,UHF42,502,Stapleton - St. George,Winter 2010-11,12/01/2010,25.16,
412544,375,Nitrogen dioxide (NO2),Mean,ppb,UHF42,502,Stapleton - St. George,Winter 2015-16,12/01/2015,19.35,
175992,375,Nitrogen dioxide (NO2),Mean,ppb,UHF42,402,West Queens,Summer 2011,06/01/2011,20.29,
"628573,650,Respiratory hospitalizations due to PM2.5 (age 20+),Estimated annual rate,""per 100,000 adults"",UHF42,503,Willowbrook,2015-2017,01/01/2015,14.1,"
"131547,650,Respiratory hospitalizations due to PM2.5 (age 20+),Estimated annual rate,""per 100,000 adults"",UHF42,503,Willowbrook,2009-2011,01/01/2009,13.5,"
"131537,650,Respiratory hospitalizations due to PM2.5 (age 20+),Estimated annual rate,""per 100,000 adults"",UHF42,403,Flushing - Clearview,2009-2011,01/01/2009,11.3,"
"628565,650,Respiratory hospitalizations due to PM2.5 (age 20+),Estimated annual rate,""per 100,000 adults"",UHF42,405,Ridgewood - Forest Hills,2015-2017,01/01/2015,10,"
"518824,650,Respiratory hospitalizations due to PM2.5 (age 20+),Estimated annual rate,""per 100,000 adults"",UHF42,405,Ridgewood - Forest Hills,2012-2014,01/02/2012,10.68,"
"518822,650,Respiratory hospitalizations due to PM2.5 (age 20+),Estimated annual rate,""per 100,000 adults"",UHF42,403,Flushing - Clearview,2012-2014,01/02/2012,8.85,"
"628563,650,Respiratory hospitalizations due to PM2.5 (age 20+),Estimated annual rate,""per 100,000 adults"",UHF42,403,Flushing - Clearview,2015-2017,01/01/2015,10.2,"
"130913,650,Respiratory hospitalizations due to PM2.5 (age 20+),Estimated annual rate,""per 100,000 adults"",UHF42,403,Flushing - Clearview,2005-2007,01/01/2005,15,"
176079,375,Nitrogen dioxide (NO2),Mean,ppb,UHF42,405,Ridgewood - Forest Hills,Summer 2013,06/01/2013,16.92,
412525,375,Nitrogen dioxide (NO2),Mean,ppb,UHF42,405,Ridgewood - Forest Hills,Annual Average 2016,12/31/2015,18.65,
176087,375,Nitrogen dioxide (NO2),Mean,ppb,UHF42,503,Willowbrook,Summer 2013,06/01/2013,11.13,
412549,375,Nitrogen dioxide (NO2),Mean,ppb,UHF42,503,Willowbrook,Annual Average 2016,12/31/2015,14.11,
602822,375,Nitrogen dioxide (NO2),Mean,ppb,UHF42,503,Willowbrook,Annual Average 2018,01/01/2018,13.57,
176045,375,Nitrogen dioxide (NO2),Mean,ppb,UHF42,503,Willowbrook,Summer 2012,06/01/2012,11.78,
741014,375,Nitrogen dioxide (NO2),Mean,ppb,UHF42,503,Willowbrook,Summer 2021,06/01/2021,8.64,
602798,375,Nitrogen dioxide (NO2),Mean,ppb,UHF42,405,Ridgewood - Forest Hills,Annual Average 2018,01/01/2018,17.94,
740990,375,Nitrogen dioxide (NO2),Mean,ppb,UHF42,405,Ridgewood - Forest Hills,Summer 2021,06/01/2021,11.26,
334193,365,Fine particles (PM 2.5),Mean,mcg/m3,CD,104,Clinton and Chelsea (CD4),Summer 2015,06/01/2015,11.44,
410826,365,Fine particles (PM 2.5),Mean,mcg/m3,UHF42,403,Flushing - Clearview,Summer 2016,06/01/2016,7.8,
742282,365,Fine particles (PM 2.5),Mean,mcg/m3,UHF42,503,Willowbrook,Winter 2020-21,12/01/2020,6.5,
669810,365,Fine particles (PM 2.5),Mean,mcg/m3,UHF42,203,Bedford Stuyvesant - Crown Heights,Winter 2019-20,12/01/2019,7.81,
178452,365,Fine particles (PM 2.5),Mean,mcg/m3,UHF42,205,Sunset Park,Annual Average 2010,12/01/2009,10.21,
669804,365,Fine particles (PM 2.5),Mean,mcg/m3,UHF42,205,Sunset Park,Winter 2019-20,12/01/2019,8.17,
178443,365,Fine particles (PM 2.5),Mean,mcg/m3,UHF42,103,Fordham - Bronx Pk,Annual Average 2010,12/01/2009,10.26,
177309,365,Fine particles (PM 2.5),Mean,mcg/m3,UHF42,103,Fordham - Bronx Pk,Winter 2012-13,12/01/2012,11.27,
669831,365,Fine particles (PM 2.5),Mean,mcg/m3,UHF42,103,Fordham - Bronx Pk,Winter 2019-20,12/01/2019,6.68,
177337,365,Fine particles (PM 2.5),Mean,mcg/m3,UHF42,403,Flushing - Clearview,Winter 2012-13,12/01/2012,9.89,
334019,365,Fine particles (PM 2.5),Mean,mcg/m3,UHF42,305,Upper East Side,Summer 2015,06/01/2015,10.94,
669771,365,Fine particles (PM 2.5),Mean,mcg/m3,UHF42,305,Upper East Side,Winter 2019-20,12/01/2019,8.57,
605886,365,Fine particles (PM 2.5),Mean,mcg/m3,UHF34,503504,Southern SI,Summer 2018,06/01/2018,7.5,
173631,365,Fine particles (PM 2.5),Mean,mcg/m3,UHF34,503504,Southern SI,Summer 2009,06/01/2009,10.5,
173189,365,Fine particles (PM 2.5),Mean,mcg/m3,UHF34,503504,Southern SI,Winter 2010-11,12/01/2010,11.62,
177902,365,Fine particles (PM 2.5),Mean,mcg/m3,UHF42,201,Greenpoint,Summer 2012,06/01/2012,11.69,
742184,365,Fine particles (PM 2.5),Mean,mcg/m3,UHF42,201,Greenpoint,Summer 2021,06/01/2021,9.63,
177839,365,Fine particles (PM 2.5),Mean,mcg/m3,UHF42,401,Long Island City - Astoria,Summer 2010,06/01/2010,12.81,
410850,365,Fine particles (PM 2.5),Mean,mcg/m3,UHF42,501,Port Richmond,Summer 2016,06/01/2016,8.22,
410849,365,Fine particles (PM 2.5),Mean,mcg/m3,UHF42,501,Port Richmond,Winter 2015-16,12/01/2015,8.12,
742276,365,Fine particles (PM 2.5),Mean,mcg/m3,UHF42,501,Port Richmond,Winter 2020-21,12/01/2020,6.61,
177849,365,Fine particles (PM 2.5),Mean,mcg/m3,UHF42,501,Port Richmond,Summer 2010,06/01/2010,11.74,
177891,365,Fine particles (PM 2.5),Mean,mcg/m3,UHF42,501,Port Richmond,Summer 2011,06/01/2011,11.31,
177881,365,Fine particles (PM 2.5),Mean,mcg/m3,UHF42,401,Long Island City - Astoria,Summer 2011,06/01/2011,12.33,
605883,365,Fine particles (PM 2.5),Mean,mcg/m3,UHF34,501502,Northern SI,Summer 2018,06/01/2018,7.6,
547589,365,Fine particles (PM 2.5),Mean,mcg/m3,UHF34,501502,Northern SI,Winter 2016-17,12/01/2016,7.18,
669617,365,Fine particles (PM 2.5),Mean,mcg/m3,UHF34,501502,Northern SI,Summer 2020,06/01/2020,6.67,
547581,365,Fine particles (PM 2.5),Mean,mcg/m3,UHF34,309310,Union Square-Lower Manhattan,Summer 2017,06/01/2017,10.28,
605877,365,Fine particles (PM 2.5),Mean,mcg/m3,UHF34,309310,Union Square-Lower Manhattan,Summer 2018,06/01/2018,9.53,
547583,365,Fine particles (PM 2.5),Mean,mcg/m3,UHF34,309310,Union Square-Lower Manhattan,Winter 2016-17,12/01/2016,8.81,
605328,386,Ozone (O3),Mean,ppb,CD,210,Throgs Neck and Co-op City (CD10),Summer 2018,06/01/2018,32.04,
121695,386,Ozone (O3),Mean,ppb,CD,410,South Ozone Park and Howard Beach (CD10),2-Year Summer Average 2009-2010,06/01/2009,28.7,
605358,386,Ozone (O3),Mean,ppb,CD,410,South Ozone Park and Howard Beach (CD10),Summer 2018,06/01/2018,32.41,
671096,386,Ozone (O3),Mean,ppb,CD,410,South Ozone Park and Howard Beach (CD10),Summer 2020,06/01/2020,29.84,
121677,386,Ozone (O3),Mean,ppb,CD,310,Bay Ridge and Dyker Heights (CD10),2-Year Summer Average 2009-2010,06/01/2009,27.84,
549437,386,Ozone (O3),Mean,ppb,CD,310,Bay Ridge and Dyker Heights (CD10),Summer 2017,06/01/2017,29.2,
605342,386,Ozone (O3),Mean,ppb,CD,312,Borough Park (CD12),Summer 2018,06/01/2018,30.3,
605360,386,Ozone (O3),Mean,ppb,CD,412,Jamaica and Hollis (CD12),Summer 2018,06/01/2018,31.46,
549457,386,Ozone (O3),Mean,ppb,CD,412,Jamaica and Hollis (CD12),Summer 2017,06/01/2017,31.12,
603093,375,Nitrogen dioxide (NO2),Mean,ppb,CD,412,Jamaica and Hollis (CD12),Summer 2018,06/01/2018,12.97,
412012,386,Ozone (O3),Mean,ppb,UHF42,301,Washington Heights,Summer 2016,06/01/2016,31.92,
222402,386,Ozone (O3),Mean,ppb,UHF42,101,Kingsbridge - Riverdale,Summer 2010,06/01/2010,31.91,
412022,386,Ozone (O3),Mean,ppb,UHF42,401,Long Island City - Astoria,Summer 2016,06/01/2016,33.15,
549974,375,Nitrogen dioxide (NO2),Mean,ppb,UHF34,309310,Union Square-Lower Manhattan,Annual Average 2017,01/01/2017,24.71,
741108,375,Nitrogen dioxide (NO2),Mean,ppb,UHF34,309310,Union Square-Lower Manhattan,Annual Average 2021,01/01/2021,20.16,
221963,386,Ozone (O3),Mean,ppb,UHF34,309310,Union Square-Lower Manhattan,Summer 2009,06/01/2009,20.44,
221975,386,Ozone (O3),Mean,ppb,UHF34,501502,Northern SI,Summer 2009,06/01/2009,25.76,
171658,375,Nitrogen dioxide (NO2),Mean,ppb,UHF34,501502,Northern SI,Winter 2010-11,12/01/2010,26.05,
411099,365,Fine particles (PM 2.5),Mean,mcg/m3,CD,403,Jackson Heights (CD3),Summer 2016,06/01/2016,7.9,
169396,365,Fine particles (PM 2.5),Mean,mcg/m3,CD,503,Tottenville and Great Kills (CD3),Summer 2010,06/01/2010,11.27,
169455,365,Fine particles (PM 2.5),Mean,mcg/m3,CD,503,Tottenville and Great Kills (CD3),Summer 2011,06/01/2011,10.99,
168615,365,Fine particles (PM 2.5),Mean,mcg/m3,CD,403,Jackson Heights (CD3),Winter 2011-12,12/01/2011,8.99,
168616,365,Fine particles (PM 2.5),Mean,mcg/m3,CD,404,Elmhurst and Corona (CD4),Winter 2011-12,12/01/2011,9.35,
214153,365,Fine particles (PM 2.5),Mean,mcg/m3,CD,404,Elmhurst and Corona (CD4),Annual Average 2014,12/01/2013,9.15,
547734,365,Fine particles (PM 2.5),Mean,mcg/m3,CD,404,Elmhurst and Corona (CD4),Summer 2017,06/01/2017,9.07,
547736,365,Fine particles (PM 2.5),Mean,mcg/m3,CD,404,Elmhurst and Corona (CD4),Winter 2016-17,12/01/2016,8.15,
606027,365,Fine particles (PM 2.5),Mean,mcg/m3,CD,403,Jackson Heights (CD3),Summer 2018,06/01/2018,8.25,
547733,365,Fine particles (PM 2.5),Mean,mcg/m3,CD,403,Jackson Heights (CD3),Winter 2016-17,12/01/2016,7.79,
410754,365,Fine particles (PM 2.5),Mean,mcg/m3,UHF42,107,Hunts Point - Mott Haven,Summer 2016,06/01/2016,8.97,
649767,365,Fine particles (PM 2.5),Mean,mcg/m3,UHF42,407,Southwest Queens,Winter 2018-19,12/01/2018,6.86,
212829,365,Fine particles (PM 2.5),Mean,mcg/m3,UHF42,408,Jamaica,Summer 2014,06/01/2014,8.1,
334057,365,Fine particles (PM 2.5),Mean,mcg/m3,UHF42,408,Jamaica,Annual Average 2015,01/01/2015,8.2,
669733,365,Fine particles (PM 2.5),Mean,mcg/m3,UHF42,408,Jamaica,Annual Average 2020,01/01/2020,5.97,
649770,365,Fine particles (PM 2.5),Mean,mcg/m3,UHF42,408,Jamaica,Winter 2018-19,12/01/2018,6.93,
178517,365,Fine particles (PM 2.5),Mean,mcg/m3,UHF42,407,Southwest Queens,Annual Average 2011,12/01/2010,9.43,
334054,365,Fine particles (PM 2.5),Mean,mcg/m3,UHF42,407,Southwest Queens,Annual Average 2015,01/01/2015,8.05,
212955,365,Fine particles (PM 2.5),Mean,mcg/m3,UHF42,408,Jamaica,Annual Average 2014,12/01/2013,8.46,
547473,365,Fine particles (PM 2.5),Mean,mcg/m3,UHF42,408,Jamaica,Summer 2017,06/01/2017,8.62,
605769,365,Fine particles (PM 2.5),Mean,mcg/m3,UHF42,408,Jamaica,Summer 2018,06/01/2018,8.25,
547475,365,Fine particles (PM 2.5),Mean,mcg/m3,UHF42,408,Jamaica,Winter 2016-17,12/01/2016,7.93,
669731,365,Fine particles (PM 2.5),Mean,mcg/m3,UHF42,408,Jamaica,Summer 2020,06/01/2020,6.73,
212954,365,Fine particles (PM 2.5),Mean,mcg/m3,UHF42,407,Southwest Queens,Annual Average 2014,12/01/2013,8.39,
547440,365,Fine particles (PM 2.5),Mean,mcg/m3,UHF42,307,Gramercy Park - Murray Hill,Summer 2017,06/01/2017,11.53,
410721,365,Fine particles (PM 2.5),Mean,mcg/m3,Borough,1,Bronx,Summer 2016,06/01/2016,8.29,
410720,365,Fine particles (PM 2.5),Mean,mcg/m3,Borough,1,Bronx,Winter 2015-16,12/01/2015,8.4,
742147,365,Fine particles (PM 2.5),Mean,mcg/m3,Borough,1,Bronx,Winter 2020-21,12/01/2020,6.57,
179579,365,Fine particles (PM 2.5),Mean,mcg/m3,Borough,2,Brooklyn,Summer 2011,06/01/2011,11.57,
410778,365,Fine particles (PM 2.5),Mean,mcg/m3,UHF42,208,Canarsie - Flatlands,Summer 2016,06/01/2016,7.77,
742204,365,Fine particles (PM 2.5),Mean,mcg/m3,UHF42,208,Canarsie - Flatlands,Winter 2020-21,12/01/2020,6.55,
410807,365,Fine particles (PM 2.5),Mean,mcg/m3,UHF42,307,Gramercy Park - Murray Hill,Winter 2015-16,12/01/2015,10.99,
742234,365,Fine particles (PM 2.5),Mean,mcg/m3,UHF42,307,Gramercy Park - Murray Hill,Winter 2020-21,12/01/2020,8.29,
410810,365,Fine particles (PM 2.5),Mean,mcg/m3,UHF42,308,Greenwich Village - SoHo,Winter 2015-16,12/01/2015,10.21,
547479,365,Fine particles (PM 2.5),Mean,mcg/m3,UHF42,410,Rockaways,Summer 2017,06/01/2017,7.74,
547481,365,Fine particles (PM 2.5),Mean,mcg/m3,UHF42,410,Rockaways,Winter 2016-17,12/01/2016,7.3,
669725,365,Fine particles (PM 2.5),Mean,mcg/m3,UHF42,410,Rockaways,Summer 2020,06/01/2020,6.27,
177301,365,Fine particles (PM 2.5),Mean,mcg/m3,UHF42,409,Southeast Queens,Winter 2011-12,12/01/2011,8.31,
177907,365,Fine particles (PM 2.5),Mean,mcg/m3,UHF42,206,Borough Park,Summer 2012,06/01/2012,10.2,
742178,365,Fine particles (PM 2.5),Mean,mcg/m3,UHF42,106,High Bridge - Morrisania,Summer 2021,06/01/2021,8.6,
410771,365,Fine particles (PM 2.5),Mean,mcg/m3,UHF42,206,Borough Park,Winter 2015-16,12/01/2015,8.15,
179575,365,Fine particles (PM 2.5),Mean,mcg/m3,Borough,3,Manhattan,Summer 2010,06/01/2010,13.41,
410814,365,Fine particles (PM 2.5),Mean,mcg/m3,UHF42,309,Union Square - Lower East Side,Summer 2016,06/01/2016,9.32,
177869,365,Fine particles (PM 2.5),Mean,mcg/m3,UHF42,210,Coney Island - Sheepshead Bay,Summer 2011,06/01/2011,11.05,
177848,365,Fine particles (PM 2.5),Mean,mcg/m3,UHF42,410,Rockaways,Summer 2010,06/01/2010,10.74,
410847,365,Fine particles (PM 2.5),Mean,mcg/m3,UHF42,410,Rockaways,Summer 2016,06/01/2016,6.87,
410844,365,Fine particles (PM 2.5),Mean,mcg/m3,UHF42,409,Southeast Queens,Summer 2016,06/01/2016,7.06,
742270,365,Fine particles (PM 2.5),Mean,mcg/m3,UHF42,409,Southeast Queens,Winter 2020-21,12/01/2020,6.48,
177890,365,Fine particles (PM 2.5),Mean,mcg/m3,UHF42,410,Rockaways,Summer 2011,06/01/2011,10.59,
410846,365,Fine particles (PM 2.5),Mean,mcg/m3,UHF42,410,Rockaways,Winter 2015-16,12/01/2015,5.92,
177826,365,Fine particles (PM 2.5),Mean,mcg/m3,UHF42,209,Bensonhurst - Bay Ridge,Summer 2010,06/01/2010,11.56,
177868,365,Fine particles (PM 2.5),Mean,mcg/m3,UHF42,209,Bensonhurst - Bay Ridge,Summer 2011,06/01/2011,11.19,
410843,365,Fine particles (PM 2.5),Mean,mcg/m3,UHF42,409,Southeast Queens,Winter 2015-16,12/01/2015,6.89,
742273,365,Fine particles (PM 2.5),Mean,mcg/m3,UHF42,410,Rockaways,Winter 2020-21,12/01/2020,6.33,
177889,365,Fine particles (PM 2.5),Mean,mcg/m3,UHF42,409,Southeast Queens,Summer 2011,06/01/2011,10.79,
212083,365,Fine particles (PM 2.5),Mean,mcg/m3,UHF34,403,Flushing - Clearview,Annual Average 2014,12/01/2013,8.64,
547557,365,Fine particles (PM 2.5),Mean,mcg/m3,UHF34,403,Flushing - Clearview,Summer 2017,06/01/2017,8.88,
669647,365,Fine particles (PM 2.5),Mean,mcg/m3,UHF34,403,Flushing - Clearview,Summer 2020,06/01/2020,7.05,
669659,365,Fine particles (PM 2.5),Mean,mcg/m3,UHF34,303,East Harlem,Summer 2020,06/01/2020,7.27,
173209,365,Fine particles (PM 2.5),Mean,mcg/m3,UHF34,304,Upper West Side,Winter 2011-12,12/01/2011,10.84,
173219,365,Fine particles (PM 2.5),Mean,mcg/m3,UHF34,306308,Chelsea-Village,Winter 2011-12,12/01/2011,12,
549428,386,Ozone (O3),Mean,ppb,CD,301,Greenpoint and Williamsburg (CD1),Summer 2017,06/01/2017,29.07,
605307,386,Ozone (O3),Mean,ppb,CD,101,Financial District (CD1),Summer 2018,06/01/2018,26.03,
121700,386,Ozone (O3),Mean,ppb,CD,501,St. George and Stapleton (CD1),2-Year Summer Average 2009-2010,06/01/2009,28.99,
549460,386,Ozone (O3),Mean,ppb,CD,501,St. George and Stapleton (CD1),Summer 2017,06/01/2017,27.5,
605363,386,Ozone (O3),Mean,ppb,CD,501,St. George and Stapleton (CD1),Summer 2018,06/01/2018,28.83,
336672,375,Nitrogen dioxide (NO2),Mean,ppb,UHF34,304,Upper West Side,Winter 2014-15,12/01/2014,27.42,
549941,375,Nitrogen dioxide (NO2),Mean,ppb,UHF34,304,Upper West Side,Annual Average 2017,01/01/2017,23.39,
549968,375,Nitrogen dioxide (NO2),Mean,ppb,UHF34,305307,Upper East Side-Gramercy,Annual Average 2017,01/01/2017,27.51,
669738,365,Fine particles (PM 2.5),Mean,mcg/m3,UHF42,406,Fresh Meadows,Winter 2019-20,12/01/2019,7.63,
649763,365,Fine particles (PM 2.5),Mean,mcg/m3,UHF42,406,Fresh Meadows,Summer 2019,06/01/2019,7.35,
334010,365,Fine particles (PM 2.5),Mean,mcg/m3,UHF42,302,Central Harlem - Morningside Heights,Summer 2015,06/01/2015,9.99,
649721,365,Fine particles (PM 2.5),Mean,mcg/m3,UHF42,302,Central Harlem - Morningside Heights,Summer 2019,06/01/2019,8.19,
334052,365,Fine particles (PM 2.5),Mean,mcg/m3,UHF42,406,Fresh Meadows,Summer 2015,06/01/2015,9.07,
172194,375,Nitrogen dioxide (NO2),Mean,ppb,UHF34,407,Southwest Queens,Summer 2012,06/01/2012,16.3,
172228,375,Nitrogen dioxide (NO2),Mean,ppb,UHF34,407,Southwest Queens,Summer 2013,06/01/2013,16.56,
602897,375,Nitrogen dioxide (NO2),Mean,ppb,UHF34,407,Southwest Queens,Annual Average 2018,01/01/2018,17.19,
178516,365,Fine particles (PM 2.5),Mean,mcg/m3,UHF42,406,Fresh Meadows,Annual Average 2011,12/01/2010,9.74,
649819,365,Fine particles (PM 2.5),Mean,mcg/m3,UHF34,207,East Flatbush - Flatbush,Annual Average 2019,01/01/2019,6.31,
173112,365,Fine particles (PM 2.5),Mean,mcg/m3,UHF34,407,Southwest Queens,Winter 2008-09,12/01/2008,12.85,
605860,365,Fine particles (PM 2.5),Mean,mcg/m3,UHF34,407,Southwest Queens,Winter 2017-18,12/01/2017,7.62,
649858,365,Fine particles (PM 2.5),Mean,mcg/m3,UHF34,407,Southwest Queens,Annual Average 2019,01/01/2019,6.19,
410932,365,Fine particles (PM 2.5),Mean,mcg/m3,UHF34,407,Southwest Queens,Annual Average 2016,12/31/2015,7.02,
605858,365,Fine particles (PM 2.5),Mean,mcg/m3,UHF34,407,Southwest Queens,Annual Average 2018,01/01/2018,6.56,
173724,365,Fine particles (PM 2.5),Mean,mcg/m3,UHF34,407,Southwest Queens,Summer 2012,06/01/2012,9.86,
173758,365,Fine particles (PM 2.5),Mean,mcg/m3,UHF34,407,Southwest Queens,Summer 2013,06/01/2013,9.88,
742358,365,Fine particles (PM 2.5),Mean,mcg/m3,UHF34,407,Southwest Queens,Summer 2021,06/01/2021,7.92,
549360,386,Ozone (O3),Mean,ppb,UHF42,406,Fresh Meadows,Summer 2017,06/01/2017,30.07,
670946,386,Ozone (O3),Mean,ppb,UHF42,406,Fresh Meadows,Summer 2020,06/01/2020,30.5,
549328,386,Ozone (O3),Mean,ppb,UHF42,102,Northeast Bronx,Summer 2017,06/01/2017,29.01,
175314,375,Nitrogen dioxide (NO2),Mean,ppb,UHF42,306,Chelsea - Clinton,Winter 2009-10,12/01/2009,37.4,
549829,375,Nitrogen dioxide (NO2),Mean,ppb,UHF42,306,Chelsea - Clinton,Summer 2017,06/01/2017,26.19,
174132,365,Fine particles (PM 2.5),Mean,mcg/m3,UHF34,407,Southwest Queens,Annual Average 2009,12/01/2008,9.96,
174200,365,Fine particles (PM 2.5),Mean,mcg/m3,UHF34,407,Southwest Queens,Annual Average 2011,12/01/2010,9.43,
211983,365,Fine particles (PM 2.5),Mean,mcg/m3,UHF34,407,Southwest Queens,Summer 2014,06/01/2014,8.06,
649860,365,Fine particles (PM 2.5),Mean,mcg/m3,UHF34,407,Southwest Queens,Winter 2018-19,12/01/2018,6.86,
669643,365,Fine particles (PM 2.5),Mean,mcg/m3,UHF34,407,Southwest Queens,Annual Average 2020,01/01/2020,5.91,
336840,375,Nitrogen dioxide (NO2),Mean,ppb,CD,316,Brownsville (CD16),Winter 2014-15,12/01/2014,25.85,
550109,375,Nitrogen dioxide (NO2),Mean,ppb,CD,316,Brownsville (CD16),Annual Average 2017,01/01/2017,19.3,
173248,365,Fine particles (PM 2.5),Mean,mcg/m3,UHF34,407,Southwest Queens,Winter 2012-13,12/01/2012,9.74,
174166,365,Fine particles (PM 2.5),Mean,mcg/m3,UHF34,407,Southwest Queens,Annual Average 2010,12/01/2009,9.19,
334148,365,Fine particles (PM 2.5),Mean,mcg/m3,UHF34,407,Southwest Queens,Summer 2015,06/01/2015,8.94,
669642,365,Fine particles (PM 2.5),Mean,mcg/m3,UHF34,407,Southwest Queens,Winter 2019-20,12/01/2019,7.4,
174277,365,Fine particles (PM 2.5),Mean,mcg/m3,UHF34,503504,Southern SI,Annual Average 2013,12/01/2012,7.97,
334176,365,Fine particles (PM 2.5),Mean,mcg/m3,UHF34,503504,Southern SI,Winter 2014-15,12/01/2014,8.31,
547591,365,Fine particles (PM 2.5),Mean,mcg/m3,UHF34,503504,Southern SI,Annual Average 2017,01/01/2017,6.76,
742386,365,Fine particles (PM 2.5),Mean,mcg/m3,UHF34,503504,Southern SI,Annual Average 2021,01/01/2021,6.09,
412519,375,Nitrogen dioxide (NO2),Mean,ppb,UHF42,403,Flushing - Clearview,Annual Average 2016,12/31/2015,18.24,
338181,386,Ozone (O3),Mean,ppb,UHF42,203,Bedford Stuyvesant - Crown Heights,Summer 2015,06/01/2015,31.18,
650926,386,Ozone (O3),Mean,ppb,UHF42,105,Crotona -Tremont,Summer 2019,06/01/2019,29.06,
175437,375,Nitrogen dioxide (NO2),Mean,ppb,UHF42,303,East Harlem,Winter 2012-13,12/01/2012,29.27,
667178,375,Nitrogen dioxide (NO2),Mean,ppb,UHF42,303,East Harlem,Winter 2019-20,12/01/2019,26.76,
336557,375,Nitrogen dioxide (NO2),Mean,ppb,UHF42,305,Upper East Side,Summer 2015,06/01/2015,21.57,
176541,375,Nitrogen dioxide (NO2),Mean,ppb,UHF42,405,Ridgewood - Forest Hills,Annual Average 2009,12/01/2008,24.06,
176625,375,Nitrogen dioxide (NO2),Mean,ppb,UHF42,405,Ridgewood - Forest Hills,Annual Average 2011,12/01/2010,23.26,
212448,375,Nitrogen dioxide (NO2),Mean,ppb,UHF42,405,Ridgewood - Forest Hills,Summer 2014,06/01/2014,14.62,
176549,375,Nitrogen dioxide (NO2),Mean,ppb,UHF42,503,Willowbrook,Annual Average 2009,12/01/2008,17.49,
176633,375,Nitrogen dioxide (NO2),Mean,ppb,UHF42,503,Willowbrook,Annual Average 2011,12/01/2010,17.17,
212456,375,Nitrogen dioxide (NO2),Mean,ppb,UHF42,503,Willowbrook,Summer 2014,06/01/2014,9.91,
643440,375,Nitrogen dioxide (NO2),Mean,ppb,UHF42,503,Willowbrook,Winter 2018-19,12/01/2018,16.55,
667297,375,Nitrogen dioxide (NO2),Mean,ppb,UHF42,503,Willowbrook,Annual Average 2020,01/01/2020,11.78,
336610,375,Nitrogen dioxide (NO2),Mean,ppb,UHF42,503,Willowbrook,Annual Average 2015,01/01/2015,14.21,
643416,375,Nitrogen dioxide (NO2),Mean,ppb,UHF42,405,Ridgewood - Forest Hills,Winter 2018-19,12/01/2018,22.03,
667249,375,Nitrogen dioxide (NO2),Mean,ppb,UHF42,405,Ridgewood - Forest Hills,Annual Average 2020,01/01/2020,15.74,
221982,386,Ozone (O3),Mean,ppb,UHF34,503504,Southern SI,Summer 2010,06/01/2010,35.76,
221983,386,Ozone (O3),Mean,ppb,UHF34,503504,Southern SI,Summer 2011,06/01/2011,34.9,
412068,386,Ozone (O3),Mean,ppb,UHF34,503504,Southern SI,Summer 2016,06/01/2016,35.62,
172169,375,Nitrogen dioxide (NO2),Mean,ppb,UHF34,503504,Southern SI,Summer 2011,06/01/2011,10.13,
122156,386,Ozone (O3),Mean,ppb,UHF34,503504,Southern SI,2-Year Summer Average 2009-2010,06/01/2009,30.28,
605304,386,Ozone (O3),Mean,ppb,UHF34,503504,Southern SI,Summer 2018,06/01/2018,29.98,
171693,375,Nitrogen dioxide (NO2),Mean,ppb,UHF34,503504,Southern SI,Winter 2011-12,12/01/2011,17,
211788,375,Nitrogen dioxide (NO2),Mean,ppb,UHF34,503504,Southern SI,Annual Average 2014,12/01/2013,13.32,
549982,375,Nitrogen dioxide (NO2),Mean,ppb,UHF34,503504,Southern SI,Summer 2017,06/01/2017,8.65,
549984,375,Nitrogen dioxide (NO2),Mean,ppb,UHF34,503504,Southern SI,Winter 2016-17,12/01/2016,17.98,
602925,375,Nitrogen dioxide (NO2),Mean,ppb,UHF34,503504,Southern SI,Summer 2018,06/01/2018,7.33,
667503,375,Nitrogen dioxide (NO2),Mean,ppb,UHF34,503504,Southern SI,Summer 2020,06/01/2020,7.49,
174141,365,Fine particles (PM 2.5),Mean,mcg/m3,UHF34,503504,Southern SI,Annual Average 2009,12/01/2008,9.8,
174209,365,Fine particles (PM 2.5),Mean,mcg/m3,UHF34,503504,Southern SI,Annual Average 2011,12/01/2010,9.42,
172100,375,Nitrogen dioxide (NO2),Mean,ppb,UHF34,501502,Northern SI,Summer 2009,06/01/2009,16.06,
172746,375,Nitrogen dioxide (NO2),Mean,ppb,UHF34,501502,Northern SI,Annual Average 2013,12/01/2012,16.44,
172098,375,Nitrogen dioxide (NO2),Mean,ppb,UHF34,309310,Union Square-Lower Manhattan,Summer 2009,06/01/2009,30.89,
172744,375,Nitrogen dioxide (NO2),Mean,ppb,UHF34,309310,Union Square-Lower Manhattan,Annual Average 2013,12/01/2012,28.29,
336705,375,Nitrogen dioxide (NO2),Mean,ppb,UHF34,309310,Union Square-Lower Manhattan,Winter 2014-15,12/01/2014,29.44,
741009,375,Nitrogen dioxide (NO2),Mean,ppb,UHF42,501,Port Richmond,Annual Average 2021,01/01/2021,15.66,
176715,375,Nitrogen dioxide (NO2),Mean,ppb,UHF42,501,Port Richmond,Annual Average 2013,12/01/2012,18.38,
175917,375,Nitrogen dioxide (NO2),Mean,ppb,UHF42,501,Port Richmond,Summer 2009,06/01/2009,18.19,
605303,386,Ozone (O3),Mean,ppb,UHF34,501502,Northern SI,Summer 2018,06/01/2018,29.39,
670906,386,Ozone (O3),Mean,ppb,UHF34,501502,Northern SI,Summer 2020,06/01/2020,27.85,
605301,386,Ozone (O3),Mean,ppb,UHF34,309310,Union Square-Lower Manhattan,Summer 2018,06/01/2018,26.54,
549398,386,Ozone (O3),Mean,ppb,UHF34,309310,Union Square-Lower Manhattan,Summer 2017,06/01/2017,25.29,
122153,386,Ozone (O3),Mean,ppb,UHF34,309310,Union Square-Lower Manhattan,2-Year Summer Average 2009-2010,06/01/2009,23.57,
741055,375,Nitrogen dioxide (NO2),Mean,ppb,UHF34,209,Bensonhurst - Bay Ridge,Winter 2020-21,12/01/2020,22.26,
172151,375,Nitrogen dioxide (NO2),Mean,ppb,UHF34,211,Williamsburg - Bushwick,Summer 2011,06/01/2011,21.19,
412595,375,Nitrogen dioxide (NO2),Mean,ppb,UHF34,211,Williamsburg - Bushwick,Winter 2015-16,12/01/2015,25.28,
221977,386,Ozone (O3),Mean,ppb,UHF34,501502,Northern SI,Summer 2011,06/01/2011,32.42,
743719,386,Ozone (O3),Mean,ppb,UHF42,201,Greenpoint,Summer 2021,06/01/2021,27.79,
743708,386,Ozone (O3),Mean,ppb,UHF42,301,Washington Heights,Summer 2021,06/01/2021,27.89,
743698,386,Ozone (O3),Mean,ppb,UHF42,401,Long Island City - Astoria,Summer 2021,06/01/2021,29.15,
743688,386,Ozone (O3),Mean,ppb,UHF42,501,Port Richmond,Summer 2021,06/01/2021,28.64,
172219,375,Nitrogen dioxide (NO2),Mean,ppb,UHF34,211,Williamsburg - Bushwick,Summer 2013,06/01/2013,19.13,
412597,375,Nitrogen dioxide (NO2),Mean,ppb,UHF34,211,Williamsburg - Bushwick,Annual Average 2016,12/31/2015,20.82,
602921,375,Nitrogen dioxide (NO2),Mean,ppb,UHF34,501502,Northern SI,Annual Average 2018,01/01/2018,15.13,
741113,375,Nitrogen dioxide (NO2),Mean,ppb,UHF34,501502,Northern SI,Summer 2021,06/01/2021,10.39,
221964,386,Ozone (O3),Mean,ppb,UHF34,309310,Union Square-Lower Manhattan,Summer 2010,06/01/2010,27.92,
412065,386,Ozone (O3),Mean,ppb,UHF34,309310,Union Square-Lower Manhattan,Summer 2016,06/01/2016,30.01,
222633,386,Ozone (O3),Mean,ppb,UHF42,501,Port Richmond,Summer 2013,06/01/2013,28.84,
222632,386,Ozone (O3),Mean,ppb,UHF42,501,Port Richmond,Summer 2012,06/01/2012,31.06,
"518830,650,Respiratory hospitalizations due to PM2.5 (age 20+),Estimated annual rate,""per 100,000 adults"",UHF42,501,Port Richmond,2012-2014,01/02/2012,13.97,"
"628571,650,Respiratory hospitalizations due to PM2.5 (age 20+),Estimated annual rate,""per 100,000 adults"",UHF42,501,Port Richmond,2015-2017,01/01/2015,17.4,"
"518820,650,Respiratory hospitalizations due to PM2.5 (age 20+),Estimated annual rate,""per 100,000 adults"",UHF42,401,Long Island City - Astoria,2012-2014,01/02/2012,9.75,"
"628561,650,Respiratory hospitalizations due to PM2.5 (age 20+),Estimated annual rate,""per 100,000 adults"",UHF42,401,Long Island City - Astoria,2015-2017,01/01/2015,9.3,"
742237,365,Fine particles (PM 2.5),Mean,mcg/m3,UHF42,308,Greenwich Village - SoHo,Winter 2020-21,12/01/2020,8.37,
177845,365,Fine particles (PM 2.5),Mean,mcg/m3,UHF42,407,Southwest Queens,Summer 2010,06/01/2010,11.33,
742264,365,Fine particles (PM 2.5),Mean,mcg/m3,UHF42,407,Southwest Queens,Winter 2020-21,12/01/2020,6.52,
410838,365,Fine particles (PM 2.5),Mean,mcg/m3,UHF42,407,Southwest Queens,Summer 2016,06/01/2016,7.59,
177846,365,Fine particles (PM 2.5),Mean,mcg/m3,UHF42,408,Jamaica,Summer 2010,06/01/2010,11.39,
177888,365,Fine particles (PM 2.5),Mean,mcg/m3,UHF42,408,Jamaica,Summer 2011,06/01/2011,11.15,
410840,365,Fine particles (PM 2.5),Mean,mcg/m3,UHF42,408,Jamaica,Winter 2015-16,12/01/2015,7.42,
410841,365,Fine particles (PM 2.5),Mean,mcg/m3,UHF42,408,Jamaica,Summer 2016,06/01/2016,7.57,
742267,365,Fine particles (PM 2.5),Mean,mcg/m3,UHF42,408,Jamaica,Winter 2020-21,12/01/2020,6.69,
410837,365,Fine particles (PM 2.5),Mean,mcg/m3,UHF42,407,Southwest Queens,Winter 2015-16,12/01/2015,7.51,
177887,365,Fine particles (PM 2.5),Mean,mcg/m3,UHF42,407,Southwest Queens,Summer 2011,06/01/2011,11.03,
173139,365,Fine particles (PM 2.5),Mean,mcg/m3,UHF34,302,Central Harlem - Morningside Heights,Winter 2009-10,12/01/2009,11.46,
547544,365,Fine particles (PM 2.5),Mean,mcg/m3,UHF34,302,Central Harlem - Morningside Heights,Winter 2016-17,12/01/2016,8.28,
547542,365,Fine particles (PM 2.5),Mean,mcg/m3,UHF34,302,Central Harlem - Morningside Heights,Summer 2017,06/01/2017,9.91,
669662,365,Fine particles (PM 2.5),Mean,mcg/m3,UHF34,302,Central Harlem - Morningside Heights,Summer 2020,06/01/2020,7.36,
671107,386,Ozone (O3),Mean,ppb,CD,317,East Flatbush (CD17),Summer 2020,06/01/2020,29.54,
549445,386,Ozone (O3),Mean,ppb,CD,318,Flatlands and Canarsie (CD18),Summer 2017,06/01/2017,32.38,
550072,375,Nitrogen dioxide (NO2),Mean,ppb,CD,304,Bushwick (CD4),Summer 2017,06/01/2017,14.69,
165842,375,Nitrogen dioxide (NO2),Mean,ppb,CD,403,Jackson Heights (CD3),Winter 2009-10,12/01/2009,27.31,
221921,386,Ozone (O3),Mean,ppb,UHF34,405,Ridgewood - Forest Hills,Summer 2009,06/01/2009,25.58,
221879,386,Ozone (O3),Mean,ppb,UHF34,301,Washington Heights,Summer 2009,06/01/2009,21.82,
172091,375,Nitrogen dioxide (NO2),Mean,ppb,UHF34,405,Ridgewood - Forest Hills,Summer 2009,06/01/2009,19.91,
336684,375,Nitrogen dioxide (NO2),Mean,ppb,UHF34,405,Ridgewood - Forest Hills,Winter 2014-15,12/01/2014,24.7,
605276,386,Ozone (O3),Mean,ppb,UHF34,201,Greenpoint,Summer 2018,06/01/2018,28.98,
122129,386,Ozone (O3),Mean,ppb,UHF34,202,Downtown - Heights - Slope,2-Year Summer Average 2009-2010,06/01/2009,26.11,
605277,386,Ozone (O3),Mean,ppb,UHF34,202,Downtown - Heights - Slope,Summer 2018,06/01/2018,28.54,
412568,375,Nitrogen dioxide (NO2),Mean,ppb,UHF34,202,Downtown - Heights - Slope,Winter 2015-16,12/01/2015,25.72,
172137,375,Nitrogen dioxide (NO2),Mean,ppb,UHF34,101,Kingsbridge - Riverdale,Summer 2011,06/01/2011,16.27,
412554,375,Nitrogen dioxide (NO2),Mean,ppb,UHF34,101,Kingsbridge - Riverdale,Summer 2016,06/01/2016,12.99,
741019,375,Nitrogen dioxide (NO2),Mean,ppb,UHF34,101,Kingsbridge - Riverdale,Winter 2020-21,12/01/2020,18.02,
172138,375,Nitrogen dioxide (NO2),Mean,ppb,UHF34,102,Northeast Bronx,Summer 2011,06/01/2011,17.16,
412613,375,Nitrogen dioxide (NO2),Mean,ppb,UHF34,402,West Queens,Winter 2015-16,12/01/2015,25.02,
412598,375,Nitrogen dioxide (NO2),Mean,ppb,UHF34,301,Washington Heights,Winter 2015-16,12/01/2015,23.4,
741067,375,Nitrogen dioxide (NO2),Mean,ppb,UHF34,302,Central Harlem - Morningside Heights,Winter 2020-21,12/01/2020,21.82,
334196,365,Fine particles (PM 2.5),Mean,mcg/m3,CD,105,Midtown (CD5),Summer 2015,06/01/2015,13.07,
649979,365,Fine particles (PM 2.5),Mean,mcg/m3,CD,305,East New York and Starrett City (CD5),Summer 2019,06/01/2019,7.98,
170269,365,Fine particles (PM 2.5),Mean,mcg/m3,CD,405,Ridgewood and Maspeth (CD5),Annual Average 2010,12/01/2009,9.67,
605942,365,Fine particles (PM 2.5),Mean,mcg/m3,CD,205,Fordham and University Heights (CD5),Annual Average 2018,01/01/2018,7.68,
605906,365,Fine particles (PM 2.5),Mean,mcg/m3,CD,105,Midtown (CD5),Annual Average 2018,01/01/2018,11.45,
742478,365,Fine particles (PM 2.5),Mean,mcg/m3,CD,305,East New York and Starrett City (CD5),Summer 2021,06/01/2021,8.25,
169561,365,Fine particles (PM 2.5),Mean,mcg/m3,CD,405,Ridgewood and Maspeth (CD5),Summer 2013,06/01/2013,10.41,
168551,365,Fine particles (PM 2.5),Mean,mcg/m3,CD,316,Brownsville (CD16),Winter 2010-11,12/01/2010,12.7,
172670,375,Nitrogen dioxide (NO2),Mean,ppb,UHF34,407,Southwest Queens,Annual Average 2011,12/01/2010,22.21,
172602,375,Nitrogen dioxide (NO2),Mean,ppb,UHF34,407,Southwest Queens,Annual Average 2009,12/01/2008,22.93,
336685,375,Nitrogen dioxide (NO2),Mean,ppb,UHF34,407,Southwest Queens,Annual Average 2015,01/01/2015,18.68,
211677,375,Nitrogen dioxide (NO2),Mean,ppb,UHF34,407,Southwest Queens,Summer 2014,06/01/2014,13.61,
338237,386,Ozone (O3),Mean,ppb,UHF34,407,Southwest Queens,Summer 2015,06/01/2015,32.59,
743633,386,Ozone (O3),Mean,ppb,CD,205,Fordham and University Heights (CD5),Summer 2021,06/01/2021,28.87,
411106,365,Fine particles (PM 2.5),Mean,mcg/m3,CD,405,Ridgewood and Maspeth (CD5),Annual Average 2016,12/31/2015,7.97,
606032,365,Fine particles (PM 2.5),Mean,mcg/m3,CD,405,Ridgewood and Maspeth (CD5),Annual Average 2018,01/01/2018,7.35,
742532,365,Fine particles (PM 2.5),Mean,mcg/m3,CD,405,Ridgewood and Maspeth (CD5),Summer 2021,06/01/2021,8.81,
743645,386,Ozone (O3),Mean,ppb,CD,105,Midtown (CD5),Summer 2021,06/01/2021,26.86,
216558,386,Ozone (O3),Mean,ppb,CD,405,Ridgewood and Maspeth (CD5),Summer 2013,06/01/2013,31.08,
216557,386,Ozone (O3),Mean,ppb,CD,405,Ridgewood and Maspeth (CD5),Summer 2012,06/01/2012,33.69,
216515,386,Ozone (O3),Mean,ppb,CD,316,Brownsville (CD16),Summer 2012,06/01/2012,33.19,
216516,386,Ozone (O3),Mean,ppb,CD,316,Brownsville (CD16),Summer 2013,06/01/2013,30.74,
741209,375,Nitrogen dioxide (NO2),Mean,ppb,CD,305,East New York and Starrett City (CD5),Summer 2021,06/01/2021,10.45,
411085,365,Fine particles (PM 2.5),Mean,mcg/m3,CD,316,Brownsville (CD16),Annual Average 2016,12/31/2015,7.97,
606011,365,Fine particles (PM 2.5),Mean,mcg/m3,CD,316,Brownsville (CD16),Annual Average 2018,01/01/2018,7.36,
742511,365,Fine particles (PM 2.5),Mean,mcg/m3,CD,316,Brownsville (CD16),Summer 2021,06/01/2021,8.34,
169502,365,Fine particles (PM 2.5),Mean,mcg/m3,CD,405,Ridgewood and Maspeth (CD5),Summer 2012,06/01/2012,10.48,
169554,365,Fine particles (PM 2.5),Mean,mcg/m3,CD,316,Brownsville (CD16),Summer 2013,06/01/2013,10.44,
169495,365,Fine particles (PM 2.5),Mean,mcg/m3,CD,316,Brownsville (CD16),Summer 2012,06/01/2012,10.51,
650034,365,Fine particles (PM 2.5),Mean,mcg/m3,CD,405,Ridgewood and Maspeth (CD5),Winter 2018-19,12/01/2018,7.57,
669946,365,Fine particles (PM 2.5),Mean,mcg/m3,CD,405,Ridgewood and Maspeth (CD5),Annual Average 2020,01/01/2020,6.25,
650013,365,Fine particles (PM 2.5),Mean,mcg/m3,CD,316,Brownsville (CD16),Winter 2018-19,12/01/2018,7.24,
669925,365,Fine particles (PM 2.5),Mean,mcg/m3,CD,316,Brownsville (CD16),Annual Average 2020,01/01/2020,6.11,
334174,365,Fine particles (PM 2.5),Mean,mcg/m3,UHF34,503504,Southern SI,Annual Average 2015,01/01/2015,7.56,
669616,365,Fine particles (PM 2.5),Mean,mcg/m3,UHF34,503504,Southern SI,Annual Average 2020,01/01/2020,5.44,
742284,365,Fine particles (PM 2.5),Mean,mcg/m3,UHF42,503,Willowbrook,Annual Average 2021,01/01/2021,6.18,
742260,365,Fine particles (PM 2.5),Mean,mcg/m3,UHF42,405,Ridgewood - Forest Hills,Annual Average 2021,01/01/2021,6.54,
605729,365,Fine particles (PM 2.5),Mean,mcg/m3,UHF42,305,Upper East Side,Annual Average 2018,01/01/2018,8.68,
177925,365,Fine particles (PM 2.5),Mean,mcg/m3,UHF42,403,Flushing - Clearview,Summer 2012,06/01/2012,10.07,
177967,365,Fine particles (PM 2.5),Mean,mcg/m3,UHF42,403,Flushing - Clearview,Summer 2013,06/01/2013,10.09,
742253,365,Fine particles (PM 2.5),Mean,mcg/m3,UHF42,403,Flushing - Clearview,Summer 2021,06/01/2021,8.24,
605753,365,Fine particles (PM 2.5),Mean,mcg/m3,UHF42,403,Flushing - Clearview,Annual Average 2018,01/01/2018,6.9,
177969,365,Fine particles (PM 2.5),Mean,mcg/m3,UHF42,405,Ridgewood - Forest Hills,Summer 2013,06/01/2013,10.17,
177927,365,Fine particles (PM 2.5),Mean,mcg/m3,UHF42,405,Ridgewood - Forest Hills,Summer 2012,06/01/2012,10.2,
177915,365,Fine particles (PM 2.5),Mean,mcg/m3,UHF42,303,East Harlem,Summer 2012,06/01/2012,10.63,
177957,365,Fine particles (PM 2.5),Mean,mcg/m3,UHF42,303,East Harlem,Summer 2013,06/01/2013,10.49,
177959,365,Fine particles (PM 2.5),Mean,mcg/m3,UHF42,305,Upper East Side,Summer 2013,06/01/2013,12.18,
171591,375,Nitrogen dioxide (NO2),Mean,ppb,UHF34,503504,Southern SI,Winter 2008-09,12/01/2008,20.47,
172645,375,Nitrogen dioxide (NO2),Mean,ppb,UHF34,503504,Southern SI,Annual Average 2010,12/01/2009,14.14,
221985,386,Ozone (O3),Mean,ppb,UHF34,503504,Southern SI,Summer 2013,06/01/2013,31.85,
221984,386,Ozone (O3),Mean,ppb,UHF34,503504,Southern SI,Summer 2012,06/01/2012,34.34,
743652,386,Ozone (O3),Mean,ppb,UHF34,503504,Southern SI,Summer 2021,06/01/2021,29.8,
177935,365,Fine particles (PM 2.5),Mean,mcg/m3,UHF42,503,Willowbrook,Summer 2012,06/01/2012,10.12,
177977,365,Fine particles (PM 2.5),Mean,mcg/m3,UHF42,503,Willowbrook,Summer 2013,06/01/2013,9.53,
410857,365,Fine particles (PM 2.5),Mean,mcg/m3,UHF42,503,Willowbrook,Annual Average 2016,12/31/2015,7.1,
605783,365,Fine particles (PM 2.5),Mean,mcg/m3,UHF42,503,Willowbrook,Annual Average 2018,01/01/2018,6.63,
742283,365,Fine particles (PM 2.5),Mean,mcg/m3,UHF42,503,Willowbrook,Summer 2021,06/01/2021,7.97,
173665,365,Fine particles (PM 2.5),Mean,mcg/m3,UHF34,503504,Southern SI,Summer 2010,06/01/2010,11.41,
173699,365,Fine particles (PM 2.5),Mean,mcg/m3,UHF34,503504,Southern SI,Summer 2011,06/01/2011,11.09,
410957,365,Fine particles (PM 2.5),Mean,mcg/m3,UHF34,503504,Southern SI,Winter 2015-16,12/01/2015,7.37,
410958,365,Fine particles (PM 2.5),Mean,mcg/m3,UHF34,503504,Southern SI,Summer 2016,06/01/2016,7.74,
742384,365,Fine particles (PM 2.5),Mean,mcg/m3,UHF34,503504,Southern SI,Winter 2020-21,12/01/2020,6.5,
605759,365,Fine particles (PM 2.5),Mean,mcg/m3,UHF42,405,Ridgewood - Forest Hills,Annual Average 2018,01/01/2018,6.99,
410833,365,Fine particles (PM 2.5),Mean,mcg/m3,UHF42,405,Ridgewood - Forest Hills,Annual Average 2016,12/31/2015,7.56,
410827,365,Fine particles (PM 2.5),Mean,mcg/m3,UHF42,403,Flushing - Clearview,Annual Average 2016,12/31/2015,7.22,
742259,365,Fine particles (PM 2.5),Mean,mcg/m3,UHF42,405,Ridgewood - Forest Hills,Summer 2021,06/01/2021,8.34,
669747,365,Fine particles (PM 2.5),Mean,mcg/m3,UHF42,403,Flushing - Clearview,Winter 2019-20,12/01/2019,7.83,
177339,365,Fine particles (PM 2.5),Mean,mcg/m3,UHF42,405,Ridgewood - Forest Hills,Winter 2012-13,12/01/2012,10.07,
"130921,650,Respiratory hospitalizations due to PM2.5 (age 20+),Estimated annual rate,""per 100,000 adults"",UHF42,501,Port Richmond,2005-2007,01/01/2005,18.5,"
"131535,650,Respiratory hospitalizations due to PM2.5 (age 20+),Estimated annual rate,""per 100,000 adults"",UHF42,401,Long Island City - Astoria,2009-2011,01/01/2009,12.3,"
741008,375,Nitrogen dioxide (NO2),Mean,ppb,UHF42,501,Port Richmond,Summer 2021,06/01/2021,11.82,
176043,375,Nitrogen dioxide (NO2),Mean,ppb,UHF42,501,Port Richmond,Summer 2012,06/01/2012,15.45,
176085,375,Nitrogen dioxide (NO2),Mean,ppb,UHF42,501,Port Richmond,Summer 2013,06/01/2013,15.03,
412543,375,Nitrogen dioxide (NO2),Mean,ppb,UHF42,501,Port Richmond,Annual Average 2016,12/31/2015,17.47,
173220,365,Fine particles (PM 2.5),Mean,mcg/m3,UHF34,309310,Union Square-Lower Manhattan,Winter 2011-12,12/01/2011,10.86,
333953,365,Fine particles (PM 2.5),Mean,mcg/m3,UHF42,101,Kingsbridge - Riverdale,Summer 2015,06/01/2015,9.63,
177325,365,Fine particles (PM 2.5),Mean,mcg/m3,UHF42,301,Washington Heights,Winter 2012-13,12/01/2012,11.74,
334007,365,Fine particles (PM 2.5),Mean,mcg/m3,UHF42,301,Washington Heights,Summer 2015,06/01/2015,9.91,
173152,365,Fine particles (PM 2.5),Mean,mcg/m3,UHF34,309310,Union Square-Lower Manhattan,Winter 2009-10,12/01/2009,11.18,
669623,365,Fine particles (PM 2.5),Mean,mcg/m3,UHF34,309310,Union Square-Lower Manhattan,Summer 2020,06/01/2020,8.02,
547587,365,Fine particles (PM 2.5),Mean,mcg/m3,UHF34,501502,Northern SI,Summer 2017,06/01/2017,8.31,
547531,365,Fine particles (PM 2.5),Mean,mcg/m3,UHF34,209,Bensonhurst - Bay Ridge,Annual Average 2017,01/01/2017,7.06,
174259,365,Fine particles (PM 2.5),Mean,mcg/m3,UHF34,211,Williamsburg - Bushwick,Annual Average 2013,12/01/2012,9.36,
334173,365,Fine particles (PM 2.5),Mean,mcg/m3,UHF34,501502,Northern SI,Winter 2014-15,12/01/2014,8.57,
547588,365,Fine particles (PM 2.5),Mean,mcg/m3,UHF34,501502,Northern SI,Annual Average 2017,01/01/2017,6.94,
334167,365,Fine particles (PM 2.5),Mean,mcg/m3,UHF34,309310,Union Square-Lower Manhattan,Winter 2014-15,12/01/2014,10.61,
547582,365,Fine particles (PM 2.5),Mean,mcg/m3,UHF34,309310,Union Square-Lower Manhattan,Annual Average 2017,01/01/2017,8.68,
650940,386,Ozone (O3),Mean,ppb,UHF42,301,Washington Heights,Summer 2019,06/01/2019,27.73,
176579,375,Nitrogen dioxide (NO2),Mean,ppb,UHF42,401,Long Island City - Astoria,Annual Average 2010,12/01/2009,24.32,
667226,375,Nitrogen dioxide (NO2),Mean,ppb,UHF42,401,Long Island City - Astoria,Winter 2019-20,12/01/2019,27.62,
221976,386,Ozone (O3),Mean,ppb,UHF34,501502,Northern SI,Summer 2010,06/01/2010,33.76,
412050,386,Ozone (O3),Mean,ppb,UHF34,211,Williamsburg - Bushwick,Summer 2016,06/01/2016,32.99,
412067,386,Ozone (O3),Mean,ppb,UHF34,501502,Northern SI,Summer 2016,06/01/2016,33.91,
412641,375,Nitrogen dioxide (NO2),Mean,ppb,UHF34,309310,Union Square-Lower Manhattan,Summer 2016,06/01/2016,21.17,
741106,375,Nitrogen dioxide (NO2),Mean,ppb,UHF34,309310,Union Square-Lower Manhattan,Winter 2020-21,12/01/2020,24.58,
122155,386,Ozone (O3),Mean,ppb,UHF34,501502,Northern SI,2-Year Summer Average 2009-2010,06/01/2009,29.36,
670908,386,Ozone (O3),Mean,ppb,UHF34,309310,Union Square-Lower Manhattan,Summer 2020,06/01/2020,28.54,
549400,386,Ozone (O3),Mean,ppb,UHF34,501502,Northern SI,Summer 2017,06/01/2017,28.19,
211785,375,Nitrogen dioxide (NO2),Mean,ppb,UHF34,309310,Union Square-Lower Manhattan,Annual Average 2014,12/01/2013,27.21,
549975,375,Nitrogen dioxide (NO2),Mean,ppb,UHF34,309310,Union Square-Lower Manhattan,Winter 2016-17,12/01/2016,29.38,
602916,375,Nitrogen dioxide (NO2),Mean,ppb,UHF34,309310,Union Square-Lower Manhattan,Summer 2018,06/01/2018,20.14,
412567,375,Nitrogen dioxide (NO2),Mean,ppb,UHF34,201,Greenpoint,Annual Average 2016,12/31/2015,21.44,
602840,375,Nitrogen dioxide (NO2),Mean,ppb,UHF34,201,Greenpoint,Annual Average 2018,01/01/2018,21.93,
741032,375,Nitrogen dioxide (NO2),Mean,ppb,UHF34,201,Greenpoint,Summer 2021,06/01/2021,17.18,
222609,386,Ozone (O3),Mean,ppb,UHF42,407,Southwest Queens,Summer 2013,06/01/2013,31.68,
222608,386,Ozone (O3),Mean,ppb,UHF42,407,Southwest Queens,Summer 2012,06/01/2012,34.15,
743691,386,Ozone (O3),Mean,ppb,UHF42,408,Jamaica,Summer 2021,06/01/2021,30.99,
602843,375,Nitrogen dioxide (NO2),Mean,ppb,UHF34,202,Downtown - Heights - Slope,Annual Average 2018,01/01/2018,21.14,
412555,375,Nitrogen dioxide (NO2),Mean,ppb,UHF34,101,Kingsbridge - Riverdale,Annual Average 2016,12/31/2015,16.04,
412558,375,Nitrogen dioxide (NO2),Mean,ppb,UHF34,102,Northeast Bronx,Annual Average 2016,12/31/2015,17.52,
602831,375,Nitrogen dioxide (NO2),Mean,ppb,UHF34,102,Northeast Bronx,Annual Average 2018,01/01/2018,16.16,
741080,375,Nitrogen dioxide (NO2),Mean,ppb,UHF34,402,West Queens,Summer 2021,06/01/2021,14.75,
172220,375,Nitrogen dioxide (NO2),Mean,ppb,UHF34,301,Washington Heights,Summer 2013,06/01/2013,18.97,
172187,375,Nitrogen dioxide (NO2),Mean,ppb,UHF34,302,Central Harlem - Morningside Heights,Summer 2012,06/01/2012,21.81,
412041,386,Ozone (O3),Mean,ppb,UHF34,202,Downtown - Heights - Slope,Summer 2016,06/01/2016,31.98,
219969,386,Ozone (O3),Mean,ppb,Borough,1,Bronx,Summer 2013,06/01/2013,31.25,
743712,386,Ozone (O3),Mean,ppb,UHF42,208,Canarsie - Flatlands,Summer 2021,06/01/2021,32.26,
743692,386,Ozone (O3),Mean,ppb,UHF42,407,Southwest Queens,Summer 2021,06/01/2021,31.87,
740969,375,Nitrogen dioxide (NO2),Mean,ppb,UHF42,308,Greenwich Village - SoHo,Summer 2021,06/01/2021,17.91,
"518827,650,Respiratory hospitalizations due to PM2.5 (age 20+),Estimated annual rate,""per 100,000 adults"",UHF42,408,Jamaica,2012-2014,01/02/2012,9.85,"
"518826,650,Respiratory hospitalizations due to PM2.5 (age 20+),Estimated annual rate,""per 100,000 adults"",UHF42,407,Southwest Queens,2012-2014,01/02/2012,8.27,"
"130907,650,Respiratory hospitalizations due to PM2.5 (age 20+),Estimated annual rate,""per 100,000 adults"",UHF42,307,Gramercy Park - Murray Hill,2005-2007,01/01/2005,13,"
602804,375,Nitrogen dioxide (NO2),Mean,ppb,UHF42,407,Southwest Queens,Annual Average 2018,01/01/2018,17.19,
176082,375,Nitrogen dioxide (NO2),Mean,ppb,UHF42,408,Jamaica,Summer 2013,06/01/2013,16.57,
176039,375,Nitrogen dioxide (NO2),Mean,ppb,UHF42,407,Southwest Queens,Summer 2012,06/01/2012,16.3,
547539,365,Fine particles (PM 2.5),Mean,mcg/m3,UHF34,301,Washington Heights,Summer 2017,06/01/2017,9.87,
669665,365,Fine particles (PM 2.5),Mean,mcg/m3,UHF34,301,Washington Heights,Summer 2020,06/01/2020,7.35,
168644,365,Fine particles (PM 2.5),Mean,mcg/m3,CD,203,Morrisania and Crotona (CD3),Winter 2012-13,12/01/2012,11.7,
170237,365,Fine particles (PM 2.5),Mean,mcg/m3,CD,203,Morrisania and Crotona (CD3),Annual Average 2010,12/01/2009,10.57,
170238,365,Fine particles (PM 2.5),Mean,mcg/m3,CD,204,Highbridge and Concourse (CD4),Annual Average 2010,12/01/2009,11.19,
333938,365,Fine particles (PM 2.5),Mean,mcg/m3,Borough,1,Bronx,Summer 2015,06/01/2015,9.9,
179649,365,Fine particles (PM 2.5),Mean,mcg/m3,Borough,2,Brooklyn,Annual Average 2010,12/01/2009,9.69,
178455,365,Fine particles (PM 2.5),Mean,mcg/m3,UHF42,208,Canarsie - Flatlands,Annual Average 2010,12/01/2009,9.12,
177332,365,Fine particles (PM 2.5),Mean,mcg/m3,UHF42,308,Greenwich Village - SoHo,Winter 2012-13,12/01/2012,12.57,
334028,365,Fine particles (PM 2.5),Mean,mcg/m3,UHF42,308,Greenwich Village - SoHo,Summer 2015,06/01/2015,11.04,
741263,375,Nitrogen dioxide (NO2),Mean,ppb,CD,405,Ridgewood and Maspeth (CD5),Summer 2021,06/01/2021,13.16,
412798,375,Nitrogen dioxide (NO2),Mean,ppb,CD,405,Ridgewood and Maspeth (CD5),Annual Average 2016,12/31/2015,18.83,
603071,375,Nitrogen dioxide (NO2),Mean,ppb,CD,405,Ridgewood and Maspeth (CD5),Annual Average 2018,01/01/2018,18.5,
412777,375,Nitrogen dioxide (NO2),Mean,ppb,CD,316,Brownsville (CD16),Annual Average 2016,12/31/2015,19.29,
338265,386,Ozone (O3),Mean,ppb,CD,205,Fordham and University Heights (CD5),Summer 2015,06/01/2015,29.15,
213446,375,Nitrogen dioxide (NO2),Mean,ppb,CD,405,Ridgewood and Maspeth (CD5),Summer 2014,06/01/2014,14.61,
643689,375,Nitrogen dioxide (NO2),Mean,ppb,CD,405,Ridgewood and Maspeth (CD5),Winter 2018-19,12/01/2018,23.02,
667795,375,Nitrogen dioxide (NO2),Mean,ppb,CD,405,Ridgewood and Maspeth (CD5),Annual Average 2020,01/01/2020,16.49,
336838,375,Nitrogen dioxide (NO2),Mean,ppb,CD,316,Brownsville (CD16),Annual Average 2015,01/01/2015,20.08,
643668,375,Nitrogen dioxide (NO2),Mean,ppb,CD,316,Brownsville (CD16),Winter 2018-19,12/01/2018,22.76,
651003,386,Ozone (O3),Mean,ppb,CD,105,Midtown (CD5),Summer 2019,06/01/2019,23.05,
651045,386,Ozone (O3),Mean,ppb,CD,405,Ridgewood and Maspeth (CD5),Summer 2019,06/01/2019,30.94,
667688,375,Nitrogen dioxide (NO2),Mean,ppb,CD,305,East New York and Starrett City (CD5),Winter 2019-20,12/01/2019,25.15,
216450,386,Ozone (O3),Mean,ppb,CD,305,East New York and Starrett City (CD5),Summer 2013,06/01/2013,31.88,
743621,386,Ozone (O3),Mean,ppb,CD,305,East New York and Starrett City (CD5),Summer 2021,06/01/2021,31.31,
216449,386,Ozone (O3),Mean,ppb,CD,305,East New York and Starrett City (CD5),Summer 2012,06/01/2012,34.35,
166906,375,Nitrogen dioxide (NO2),Mean,ppb,CD,405,Ridgewood and Maspeth (CD5),Summer 2013,06/01/2013,16.74,
166847,375,Nitrogen dioxide (NO2),Mean,ppb,CD,405,Ridgewood and Maspeth (CD5),Summer 2012,06/01/2012,17.04,
167732,375,Nitrogen dioxide (NO2),Mean,ppb,CD,405,Ridgewood and Maspeth (CD5),Annual Average 2012,12/01/2011,21.06,
213623,375,Nitrogen dioxide (NO2),Mean,ppb,CD,405,Ridgewood and Maspeth (CD5),Annual Average 2014,12/01/2013,20.06,
550129,375,Nitrogen dioxide (NO2),Mean,ppb,CD,405,Ridgewood and Maspeth (CD5),Summer 2017,06/01/2017,13.77,
121690,386,Ozone (O3),Mean,ppb,CD,405,Ridgewood and Maspeth (CD5),2-Year Summer Average 2009-2010,06/01/2009,28.21,
"151608,661,Asthma hospitalizations due to Ozone,Estimated annual rate (age 18+),""per 100,000 adults"",UHF42,406,Fresh Meadows,2009-2011,01/01/2009,3.7,"
"131348,661,Asthma hospitalizations due to Ozone,Estimated annual rate (age 18+),""per 100,000 adults"",UHF42,406,Fresh Meadows,2005-2007,01/01/2005,4.1,"
336861,375,Nitrogen dioxide (NO2),Mean,ppb,CD,405,Ridgewood and Maspeth (CD5),Winter 2014-15,12/01/2014,24.87,
165903,375,Nitrogen dioxide (NO2),Mean,ppb,CD,405,Ridgewood and Maspeth (CD5),Winter 2010-11,12/01/2010,30.7,
166670,375,Nitrogen dioxide (NO2),Mean,ppb,CD,405,Ridgewood and Maspeth (CD5),Summer 2009,06/01/2009,19.71,
167791,375,Nitrogen dioxide (NO2),Mean,ppb,CD,405,Ridgewood and Maspeth (CD5),Annual Average 2013,12/01/2012,20.36,
603050,375,Nitrogen dioxide (NO2),Mean,ppb,CD,316,Brownsville (CD16),Annual Average 2018,01/01/2018,18.8,
741242,375,Nitrogen dioxide (NO2),Mean,ppb,CD,316,Brownsville (CD16),Summer 2021,06/01/2021,11.3,
166899,375,Nitrogen dioxide (NO2),Mean,ppb,CD,316,Brownsville (CD16),Summer 2013,06/01/2013,17.72,
166840,375,Nitrogen dioxide (NO2),Mean,ppb,CD,316,Brownsville (CD16),Summer 2012,06/01/2012,17.92,
211671,375,Nitrogen dioxide (NO2),Mean,ppb,UHF34,303,East Harlem,Summer 2014,06/01/2014,19.16,
667411,375,Nitrogen dioxide (NO2),Mean,ppb,UHF34,303,East Harlem,Annual Average 2020,01/01/2020,18.77,
172597,375,Nitrogen dioxide (NO2),Mean,ppb,UHF34,304,Upper West Side,Annual Average 2009,12/01/2008,31.95,
336670,375,Nitrogen dioxide (NO2),Mean,ppb,UHF34,304,Upper West Side,Annual Average 2015,01/01/2015,23.86,
211672,375,Nitrogen dioxide (NO2),Mean,ppb,UHF34,304,Upper West Side,Summer 2014,06/01/2014,20.87,
221825,386,Ozone (O3),Mean,ppb,UHF34,203,Bedford Stuyvesant - Crown Heights,Summer 2009,06/01/2009,24.33,
221957,386,Ozone (O3),Mean,ppb,UHF34,306308,Chelsea-Village,Summer 2009,06/01/2009,18.99,
221951,386,Ozone (O3),Mean,ppb,UHF34,305307,Upper East Side-Gramercy,Summer 2009,06/01/2009,18.64,
221891,386,Ozone (O3),Mean,ppb,UHF34,303,East Harlem,Summer 2009,06/01/2009,22.84,
221897,386,Ozone (O3),Mean,ppb,UHF34,304,Upper West Side,Summer 2009,06/01/2009,21.31,
171654,375,Nitrogen dioxide (NO2),Mean,ppb,UHF34,305307,Upper East Side-Gramercy,Winter 2010-11,12/01/2010,38.87,
336702,375,Nitrogen dioxide (NO2),Mean,ppb,UHF34,306308,Chelsea-Village,Winter 2014-15,12/01/2014,31.49,
741105,375,Nitrogen dioxide (NO2),Mean,ppb,UHF34,306308,Chelsea-Village,Annual Average 2021,01/01/2021,22.64,
670931,386,Ozone (O3),Mean,ppb,UHF34,203,Bedford Stuyvesant - Crown Heights,Summer 2020,06/01/2020,29.16,
175369,375,Nitrogen dioxide (NO2),Mean,ppb,UHF42,409,Southeast Queens,Winter 2010-11,12/01/2010,25.66,
175915,375,Nitrogen dioxide (NO2),Mean,ppb,UHF42,409,Southeast Queens,Summer 2009,06/01/2009,16.05,
549872,375,Nitrogen dioxide (NO2),Mean,ppb,UHF42,410,Rockaways,Annual Average 2017,01/01/2017,12.66,
336570,375,Nitrogen dioxide (NO2),Mean,ppb,UHF42,309,Union Square - Lower East Side,Winter 2014-15,12/01/2014,29.06,
175360,375,Nitrogen dioxide (NO2),Mean,ppb,UHF42,310,Lower Manhattan,Winter 2010-11,12/01/2010,37.94,
549839,375,Nitrogen dioxide (NO2),Mean,ppb,UHF42,309,Union Square - Lower East Side,Annual Average 2017,01/01/2017,24.2,
122152,386,Ozone (O3),Mean,ppb,UHF34,306308,Chelsea-Village,2-Year Summer Average 2009-2010,06/01/2009,22.11,
605300,386,Ozone (O3),Mean,ppb,UHF34,306308,Chelsea-Village,Summer 2018,06/01/2018,25.33,
122151,386,Ozone (O3),Mean,ppb,UHF34,305307,Upper East Side-Gramercy,2-Year Summer Average 2009-2010,06/01/2009,21.24,
122145,386,Ozone (O3),Mean,ppb,UHF34,403,Flushing - Clearview,2-Year Summer Average 2009-2010,06/01/2009,28.58,
605293,386,Ozone (O3),Mean,ppb,UHF34,403,Flushing - Clearview,Summer 2018,06/01/2018,31.29,
172143,375,Nitrogen dioxide (NO2),Mean,ppb,UHF34,203,Bedford Stuyvesant - Crown Heights,Summer 2011,06/01/2011,20.67,
172109,375,Nitrogen dioxide (NO2),Mean,ppb,UHF34,203,Bedford Stuyvesant - Crown Heights,Summer 2010,06/01/2010,20.85,
172105,375,Nitrogen dioxide (NO2),Mean,ppb,UHF34,103,Fordham - Bronx Pk,Summer 2010,06/01/2010,19.72,
412560,375,Nitrogen dioxide (NO2),Mean,ppb,UHF34,103,Fordham - Bronx Pk,Summer 2016,06/01/2016,14.79,
741028,375,Nitrogen dioxide (NO2),Mean,ppb,UHF34,104,Pelham - Throgs Neck,Winter 2020-21,12/01/2020,19.55,
412616,375,Nitrogen dioxide (NO2),Mean,ppb,UHF34,403,Flushing - Clearview,Winter 2015-16,12/01/2015,22.66,
172120,375,Nitrogen dioxide (NO2),Mean,ppb,UHF34,303,East Harlem,Summer 2010,06/01/2010,24.41,
412604,375,Nitrogen dioxide (NO2),Mean,ppb,UHF34,303,East Harlem,Winter 2015-16,12/01/2015,25.95,
172155,375,Nitrogen dioxide (NO2),Mean,ppb,UHF34,304,Upper West Side,Summer 2011,06/01/2011,25.78,
178473,365,Fine particles (PM 2.5),Mean,mcg/m3,UHF42,405,Ridgewood - Forest Hills,Annual Average 2010,12/01/2009,9.52,
177327,365,Fine particles (PM 2.5),Mean,mcg/m3,UHF42,303,East Harlem,Winter 2012-13,12/01/2012,11.37,
177329,365,Fine particles (PM 2.5),Mean,mcg/m3,UHF42,305,Upper East Side,Winter 2012-13,12/01/2012,13.09,
177347,365,Fine particles (PM 2.5),Mean,mcg/m3,UHF42,503,Willowbrook,Winter 2012-13,12/01/2012,9.96,
178481,365,Fine particles (PM 2.5),Mean,mcg/m3,UHF42,503,Willowbrook,Annual Average 2010,12/01/2009,8.99,
334073,365,Fine particles (PM 2.5),Mean,mcg/m3,UHF42,503,Willowbrook,Summer 2015,06/01/2015,8.94,
649784,365,Fine particles (PM 2.5),Mean,mcg/m3,UHF42,503,Willowbrook,Summer 2019,06/01/2019,7.39,
669717,365,Fine particles (PM 2.5),Mean,mcg/m3,UHF42,503,Willowbrook,Winter 2019-20,12/01/2019,6.95,
412651,375,Nitrogen dioxide (NO2),Mean,ppb,UHF34,503504,Southern SI,Annual Average 2016,12/31/2015,12.48,
602924,375,Nitrogen dioxide (NO2),Mean,ppb,UHF34,503504,Southern SI,Annual Average 2018,01/01/2018,11.98,
741116,375,Nitrogen dioxide (NO2),Mean,ppb,UHF34,503504,Southern SI,Summer 2021,06/01/2021,6.58,
669741,365,Fine particles (PM 2.5),Mean,mcg/m3,UHF42,405,Ridgewood - Forest Hills,Winter 2019-20,12/01/2019,7.7,
649760,365,Fine particles (PM 2.5),Mean,mcg/m3,UHF42,405,Ridgewood - Forest Hills,Summer 2019,06/01/2019,7.91,
178431,365,Fine particles (PM 2.5),Mean,mcg/m3,UHF42,405,Ridgewood - Forest Hills,Annual Average 2009,12/01/2008,10.44,
334048,365,Fine particles (PM 2.5),Mean,mcg/m3,UHF42,405,Ridgewood - Forest Hills,Annual Average 2015,01/01/2015,8.51,
649785,365,Fine particles (PM 2.5),Mean,mcg/m3,UHF42,503,Willowbrook,Winter 2018-19,12/01/2018,6.53,
174175,365,Fine particles (PM 2.5),Mean,mcg/m3,UHF34,503504,Southern SI,Annual Average 2010,12/01/2009,8.81,
173257,365,Fine particles (PM 2.5),Mean,mcg/m3,UHF34,503504,Southern SI,Winter 2012-13,12/01/2012,9.71,
334175,365,Fine particles (PM 2.5),Mean,mcg/m3,UHF34,503504,Southern SI,Summer 2015,06/01/2015,8.62,
649886,365,Fine particles (PM 2.5),Mean,mcg/m3,UHF34,503504,Southern SI,Summer 2019,06/01/2019,7.31,
669615,365,Fine particles (PM 2.5),Mean,mcg/m3,UHF34,503504,Southern SI,Winter 2019-20,12/01/2019,6.38,
173733,365,Fine particles (PM 2.5),Mean,mcg/m3,UHF34,503504,Southern SI,Summer 2012,06/01/2012,9.9,
173767,365,Fine particles (PM 2.5),Mean,mcg/m3,UHF34,503504,Southern SI,Summer 2013,06/01/2013,9.27,
410959,365,Fine particles (PM 2.5),Mean,mcg/m3,UHF34,503504,Southern SI,Annual Average 2016,12/31/2015,6.78,
605885,365,Fine particles (PM 2.5),Mean,mcg/m3,UHF34,503504,Southern SI,Annual Average 2018,01/01/2018,6.35,
742385,365,Fine particles (PM 2.5),Mean,mcg/m3,UHF34,503504,Southern SI,Summer 2021,06/01/2021,7.75,
211992,365,Fine particles (PM 2.5),Mean,mcg/m3,UHF34,503504,Southern SI,Summer 2014,06/01/2014,7.77,
649887,365,Fine particles (PM 2.5),Mean,mcg/m3,UHF34,503504,Southern SI,Winter 2018-19,12/01/2018,6.46,
172611,375,Nitrogen dioxide (NO2),Mean,ppb,UHF34,503504,Southern SI,Annual Average 2009,12/01/2008,15.74,
175397,375,Nitrogen dioxide (NO2),Mean,ppb,UHF42,305,Upper East Side,Winter 2011-12,12/01/2011,30.52,
175323,375,Nitrogen dioxide (NO2),Mean,ppb,UHF42,405,Ridgewood - Forest Hills,Winter 2009-10,12/01/2009,26.35,
212574,375,Nitrogen dioxide (NO2),Mean,ppb,UHF42,405,Ridgewood - Forest Hills,Annual Average 2014,12/01/2013,20,
549858,375,Nitrogen dioxide (NO2),Mean,ppb,UHF42,405,Ridgewood - Forest Hills,Winter 2016-17,12/01/2016,25.06,
122038,386,Ozone (O3),Mean,ppb,UHF42,503,Willowbrook,2-Year Summer Average 2009-2010,06/01/2009,30.26,
549367,386,Ozone (O3),Mean,ppb,UHF42,503,Willowbrook,Summer 2017,06/01/2017,27.95,
667485,375,Nitrogen dioxide (NO2),Mean,ppb,UHF34,309310,Union Square-Lower Manhattan,Summer 2020,06/01/2020,15.12,
549973,375,Nitrogen dioxide (NO2),Mean,ppb,UHF34,309310,Union Square-Lower Manhattan,Summer 2017,06/01/2017,21.32,
122136,386,Ozone (O3),Mean,ppb,UHF34,209,Bensonhurst - Bay Ridge,2-Year Summer Average 2009-2010,06/01/2009,27.97,
173186,365,Fine particles (PM 2.5),Mean,mcg/m3,UHF34,309310,Union Square-Lower Manhattan,Winter 2010-11,12/01/2010,14.25,
173628,365,Fine particles (PM 2.5),Mean,mcg/m3,UHF34,309310,Union Square-Lower Manhattan,Summer 2009,06/01/2009,12.54,
742377,365,Fine particles (PM 2.5),Mean,mcg/m3,UHF34,309310,Union Square-Lower Manhattan,Annual Average 2021,01/01/2021,7.73,
174276,365,Fine particles (PM 2.5),Mean,mcg/m3,UHF34,501502,Northern SI,Annual Average 2013,12/01/2012,8.03,
742383,365,Fine particles (PM 2.5),Mean,mcg/m3,UHF34,501502,Northern SI,Annual Average 2021,01/01/2021,6.29,
334120,365,Fine particles (PM 2.5),Mean,mcg/m3,UHF34,211,Williamsburg - Bushwick,Annual Average 2015,01/01/2015,9.61,
649833,365,Fine particles (PM 2.5),Mean,mcg/m3,UHF34,211,Williamsburg - Bushwick,Winter 2018-19,12/01/2018,8.1,
334171,365,Fine particles (PM 2.5),Mean,mcg/m3,UHF34,501502,Northern SI,Annual Average 2015,01/01/2015,8,
669619,365,Fine particles (PM 2.5),Mean,mcg/m3,UHF34,501502,Northern SI,Annual Average 2020,01/01/2020,5.78,
649884,365,Fine particles (PM 2.5),Mean,mcg/m3,UHF34,501502,Northern SI,Winter 2018-19,12/01/2018,6.59,
211989,365,Fine particles (PM 2.5),Mean,mcg/m3,UHF34,309310,Union Square-Lower Manhattan,Summer 2014,06/01/2014,10.43,
334165,365,Fine particles (PM 2.5),Mean,mcg/m3,UHF34,309310,Union Square-Lower Manhattan,Annual Average 2015,01/01/2015,10.21,
174274,365,Fine particles (PM 2.5),Mean,mcg/m3,UHF34,309310,Union Square-Lower Manhattan,Annual Average 2013,12/01/2012,10.44,
173188,365,Fine particles (PM 2.5),Mean,mcg/m3,UHF34,501502,Northern SI,Winter 2010-11,12/01/2010,11.81,
173630,365,Fine particles (PM 2.5),Mean,mcg/m3,UHF34,501502,Northern SI,Summer 2009,06/01/2009,10.5,
212091,365,Fine particles (PM 2.5),Mean,mcg/m3,UHF34,309310,Union Square-Lower Manhattan,Annual Average 2014,12/01/2013,10.79,
173222,365,Fine particles (PM 2.5),Mean,mcg/m3,UHF34,501502,Northern SI,Winter 2011-12,12/01/2011,8.23,
173154,365,Fine particles (PM 2.5),Mean,mcg/m3,UHF34,501502,Northern SI,Winter 2009-10,12/01/2009,9.01,
212093,365,Fine particles (PM 2.5),Mean,mcg/m3,UHF34,501502,Northern SI,Annual Average 2014,12/01/2013,8.5,
547453,365,Fine particles (PM 2.5),Mean,mcg/m3,UHF42,401,Long Island City - Astoria,Annual Average 2017,01/01/2017,8.42,
605663,365,Fine particles (PM 2.5),Mean,mcg/m3,UHF42,101,Kingsbridge - Riverdale,Annual Average 2018,01/01/2018,6.95,
177913,365,Fine particles (PM 2.5),Mean,mcg/m3,UHF42,301,Washington Heights,Summer 2012,06/01/2012,10.45,
177955,365,Fine particles (PM 2.5),Mean,mcg/m3,UHF42,301,Washington Heights,Summer 2013,06/01/2013,10.35,
410791,365,Fine particles (PM 2.5),Mean,mcg/m3,UHF42,301,Washington Heights,Annual Average 2016,12/31/2015,7.81,
605717,365,Fine particles (PM 2.5),Mean,mcg/m3,UHF42,301,Washington Heights,Annual Average 2018,01/01/2018,7.32,
742217,365,Fine particles (PM 2.5),Mean,mcg/m3,UHF42,301,Washington Heights,Summer 2021,06/01/2021,8.83,
605777,365,Fine particles (PM 2.5),Mean,mcg/m3,UHF42,501,Port Richmond,Annual Average 2018,01/01/2018,6.78,
177923,365,Fine particles (PM 2.5),Mean,mcg/m3,UHF42,401,Long Island City - Astoria,Summer 2012,06/01/2012,11.18,
171573,375,Nitrogen dioxide (NO2),Mean,ppb,UHF34,211,Williamsburg - Bushwick,Winter 2008-09,12/01/2008,32.79,
669762,365,Fine particles (PM 2.5),Mean,mcg/m3,UHF42,308,Greenwich Village - SoHo,Winter 2019-20,12/01/2019,11.04,
649739,365,Fine particles (PM 2.5),Mean,mcg/m3,UHF42,308,Greenwich Village - SoHo,Summer 2019,06/01/2019,10.79,
173161,365,Fine particles (PM 2.5),Mean,mcg/m3,UHF34,201,Greenpoint,Winter 2010-11,12/01/2010,14.07,
334092,365,Fine particles (PM 2.5),Mean,mcg/m3,UHF34,201,Greenpoint,Winter 2014-15,12/01/2014,10.85,
547510,365,Fine particles (PM 2.5),Mean,mcg/m3,UHF34,202,Downtown - Heights - Slope,Annual Average 2017,01/01/2017,8.35,
173619,365,Fine particles (PM 2.5),Mean,mcg/m3,UHF34,402,West Queens,Summer 2009,06/01/2009,11.13,
174265,365,Fine particles (PM 2.5),Mean,mcg/m3,UHF34,402,West Queens,Annual Average 2013,12/01/2012,9.13,
742350,365,Fine particles (PM 2.5),Mean,mcg/m3,UHF34,402,West Queens,Annual Average 2021,01/01/2021,7.14,
173157,365,Fine particles (PM 2.5),Mean,mcg/m3,UHF34,101,Kingsbridge - Riverdale,Winter 2010-11,12/01/2010,14.08,
742290,365,Fine particles (PM 2.5),Mean,mcg/m3,UHF34,101,Kingsbridge - Riverdale,Annual Average 2021,01/01/2021,6.57,
173614,365,Fine particles (PM 2.5),Mean,mcg/m3,UHF34,301,Washington Heights,Summer 2009,06/01/2009,11.03,
174267,365,Fine particles (PM 2.5),Mean,mcg/m3,UHF34,405,Ridgewood - Forest Hills,Annual Average 2013,12/01/2012,8.51,
173621,365,Fine particles (PM 2.5),Mean,mcg/m3,UHF34,405,Ridgewood - Forest Hills,Summer 2009,06/01/2009,10.56,
173179,365,Fine particles (PM 2.5),Mean,mcg/m3,UHF34,405,Ridgewood - Forest Hills,Winter 2010-11,12/01/2010,12.29,
334128,365,Fine particles (PM 2.5),Mean,mcg/m3,UHF34,302,Central Harlem - Morningside Heights,Winter 2014-15,12/01/2014,10.23,
742338,365,Fine particles (PM 2.5),Mean,mcg/m3,UHF34,302,Central Harlem - Morningside Heights,Annual Average 2021,01/01/2021,6.78,
338178,386,Ozone (O3),Mean,ppb,UHF42,107,Hunts Point - Mott Haven,Summer 2015,06/01/2015,31.66,
338206,386,Ozone (O3),Mean,ppb,UHF42,407,Southwest Queens,Summer 2015,06/01/2015,32.59,
667261,375,Nitrogen dioxide (NO2),Mean,ppb,UHF42,407,Southwest Queens,Annual Average 2020,01/01/2020,14.75,
212450,375,Nitrogen dioxide (NO2),Mean,ppb,UHF42,407,Southwest Queens,Summer 2014,06/01/2014,13.61,
176628,375,Nitrogen dioxide (NO2),Mean,ppb,UHF42,408,Jamaica,Annual Average 2011,12/01/2010,21.54,
336592,375,Nitrogen dioxide (NO2),Mean,ppb,UHF42,407,Southwest Queens,Annual Average 2015,01/01/2015,18.68,
221923,386,Ozone (O3),Mean,ppb,UHF34,405,Ridgewood - Forest Hills,Summer 2011,06/01/2011,32.97,
221922,386,Ozone (O3),Mean,ppb,UHF34,405,Ridgewood - Forest Hills,Summer 2010,06/01/2010,33.32,
221796,386,Ozone (O3),Mean,ppb,UHF34,102,Northeast Bronx,Summer 2010,06/01/2010,33.96,
412058,386,Ozone (O3),Mean,ppb,UHF34,405,Ridgewood - Forest Hills,Summer 2016,06/01/2016,33.48,
412052,386,Ozone (O3),Mean,ppb,UHF34,302,Central Harlem - Morningside Heights,Summer 2016,06/01/2016,31.35,
670936,386,Ozone (O3),Mean,ppb,UHF34,102,Northeast Bronx,Summer 2020,06/01/2020,30.85,
605273,386,Ozone (O3),Mean,ppb,UHF34,102,Northeast Bronx,Summer 2018,06/01/2018,31.24,
171615,375,Nitrogen dioxide (NO2),Mean,ppb,UHF34,405,Ridgewood - Forest Hills,Winter 2009-10,12/01/2009,26.35,
667443,375,Nitrogen dioxide (NO2),Mean,ppb,UHF34,405,Ridgewood - Forest Hills,Summer 2020,06/01/2020,10.49,
122146,386,Ozone (O3),Mean,ppb,UHF34,405,Ridgewood - Forest Hills,2-Year Summer Average 2009-2010,06/01/2009,27.88,
549391,386,Ozone (O3),Mean,ppb,UHF34,405,Ridgewood - Forest Hills,Summer 2017,06/01/2017,30.06,
605294,386,Ozone (O3),Mean,ppb,UHF34,405,Ridgewood - Forest Hills,Summer 2018,06/01/2018,30.96,
412515,375,Nitrogen dioxide (NO2),Mean,ppb,UHF42,402,West Queens,Summer 2016,06/01/2016,15.6,
549356,386,Ozone (O3),Mean,ppb,UHF42,402,West Queens,Summer 2017,06/01/2017,29.44,
121664,386,Ozone (O3),Mean,ppb,CD,209,Parkchester and Soundview (CD9),2-Year Summer Average 2009-2010,06/01/2009,28,
742543,365,Fine particles (PM 2.5),Mean,mcg/m3,CD,409,Kew Gardens and Woodhaven (CD9),Winter 2020-21,12/01/2020,6.67,
411116,365,Fine particles (PM 2.5),Mean,mcg/m3,CD,409,Kew Gardens and Woodhaven (CD9),Winter 2015-16,12/01/2015,7.8,
411117,365,Fine particles (PM 2.5),Mean,mcg/m3,CD,409,Kew Gardens and Woodhaven (CD9),Summer 2016,06/01/2016,7.83,
411062,365,Fine particles (PM 2.5),Mean,mcg/m3,CD,309,South Crown Heights and Lefferts Gardens (CD9),Winter 2015-16,12/01/2015,8.61,
411063,365,Fine particles (PM 2.5),Mean,mcg/m3,CD,309,South Crown Heights and Lefferts Gardens (CD9),Summer 2016,06/01/2016,8.12,
742489,365,Fine particles (PM 2.5),Mean,mcg/m3,CD,309,South Crown Heights and Lefferts Gardens (CD9),Winter 2020-21,12/01/2020,6.67,
169449,365,Fine particles (PM 2.5),Mean,mcg/m3,CD,411,Bayside and Little Neck (CD11),Summer 2011,06/01/2011,10.99,
169390,365,Fine particles (PM 2.5),Mean,mcg/m3,CD,411,Bayside and Little Neck (CD11),Summer 2010,06/01/2010,11.25,
411122,365,Fine particles (PM 2.5),Mean,mcg/m3,CD,411,Bayside and Little Neck (CD11),Winter 2015-16,12/01/2015,7.35,
411123,365,Fine particles (PM 2.5),Mean,mcg/m3,CD,411,Bayside and Little Neck (CD11),Summer 2016,06/01/2016,7.37,
177252,365,Fine particles (PM 2.5),Mean,mcg/m3,UHF42,402,West Queens,Winter 2010-11,12/01/2010,13.05,
178596,365,Fine particles (PM 2.5),Mean,mcg/m3,UHF42,402,West Queens,Annual Average 2013,12/01/2012,9.13,
177798,365,Fine particles (PM 2.5),Mean,mcg/m3,UHF42,402,West Queens,Summer 2009,06/01/2009,11.13,
334041,365,Fine particles (PM 2.5),Mean,mcg/m3,UHF42,402,West Queens,Winter 2014-15,12/01/2014,9.87,
547456,365,Fine particles (PM 2.5),Mean,mcg/m3,UHF42,402,West Queens,Annual Average 2017,01/01/2017,7.93,
178554,365,Fine particles (PM 2.5),Mean,mcg/m3,UHF42,402,West Queens,Annual Average 2012,12/01/2011,9.46,
334039,365,Fine particles (PM 2.5),Mean,mcg/m3,UHF42,402,West Queens,Annual Average 2015,01/01/2015,9.17,
178522,365,Fine particles (PM 2.5),Mean,mcg/m3,UHF42,502,Stapleton - St. George,Annual Average 2011,12/01/2010,9.36,
178438,365,Fine particles (PM 2.5),Mean,mcg/m3,UHF42,502,Stapleton - St. George,Annual Average 2009,12/01/2008,9.63,
212833,365,Fine particles (PM 2.5),Mean,mcg/m3,UHF42,502,Stapleton - St. George,Summer 2014,06/01/2014,7.89,
334069,365,Fine particles (PM 2.5),Mean,mcg/m3,UHF42,502,Stapleton - St. George,Annual Average 2015,01/01/2015,7.82,
742250,365,Fine particles (PM 2.5),Mean,mcg/m3,UHF42,402,West Queens,Summer 2021,06/01/2021,8.99,
177882,365,Fine particles (PM 2.5),Mean,mcg/m3,UHF42,402,West Queens,Summer 2011,06/01/2011,11.92,
410822,365,Fine particles (PM 2.5),Mean,mcg/m3,UHF42,402,West Queens,Winter 2015-16,12/01/2015,8.6,
177892,365,Fine particles (PM 2.5),Mean,mcg/m3,UHF42,502,Stapleton - St. George,Summer 2011,06/01/2011,10.96,
177850,365,Fine particles (PM 2.5),Mean,mcg/m3,UHF42,502,Stapleton - St. George,Summer 2010,06/01/2010,11.35,
410852,365,Fine particles (PM 2.5),Mean,mcg/m3,UHF42,502,Stapleton - St. George,Winter 2015-16,12/01/2015,7.43,
410853,365,Fine particles (PM 2.5),Mean,mcg/m3,UHF42,502,Stapleton - St. George,Summer 2016,06/01/2016,7.79,
549426,386,Ozone (O3),Mean,ppb,CD,211,Morris Park and Bronxdale (CD11),Summer 2017,06/01/2017,29.23,
121696,386,Ozone (O3),Mean,ppb,CD,411,Bayside and Little Neck (CD11),2-Year Summer Average 2009-2010,06/01/2009,28.5,
"518921,648,Asthma emergency department visits due to PM2.5,Estimated annual rate (under age 18),""per 100,000 children"",UHF42,406,Fresh Meadows,2012-2014,01/02/2012,38.06,"
"628470,648,Asthma emergency department visits due to PM2.5,Estimated annual rate (under age 18),""per 100,000 children"",UHF42,406,Fresh Meadows,2015-2017,01/01/2015,36.2,"
216514,386,Ozone (O3),Mean,ppb,CD,316,Brownsville (CD16),Summer 2011,06/01/2011,32.63,
216513,386,Ozone (O3),Mean,ppb,CD,316,Brownsville (CD16),Summer 2010,06/01/2010,33.25,
412796,375,Nitrogen dioxide (NO2),Mean,ppb,CD,405,Ridgewood and Maspeth (CD5),Winter 2015-16,12/01/2015,23.59,
412797,375,Nitrogen dioxide (NO2),Mean,ppb,CD,405,Ridgewood and Maspeth (CD5),Summer 2016,06/01/2016,13.7,
741262,375,Nitrogen dioxide (NO2),Mean,ppb,CD,405,Ridgewood and Maspeth (CD5),Winter 2020-21,12/01/2020,22.57,
412776,375,Nitrogen dioxide (NO2),Mean,ppb,CD,316,Brownsville (CD16),Summer 2016,06/01/2016,14.24,
325287,643,Annual vehicle miles traveled,million miles,per km2,CD,405,Ridgewood and Maspeth (CD5),2016,01/01/2016,20.6,
325231,643,Annual vehicle miles traveled,million miles,per km2,UHF42,406,Fresh Meadows,2016,01/01/2016,36.2,
151656,643,Annual vehicle miles traveled,million miles,per km2,UHF42,406,Fresh Meadows,2005,01/01/2005,34.3,
325280,643,Annual vehicle miles traveled,million miles,per km2,CD,316,Brownsville (CD16),2016,01/01/2016,25.7,
154606,643,Annual vehicle miles traveled,million miles,per km2,CD,405,Ridgewood and Maspeth (CD5),2005,01/01/2005,23.9,
741243,375,Nitrogen dioxide (NO2),Mean,ppb,CD,316,Brownsville (CD16),Annual Average 2021,01/01/2021,16.73,
743703,386,Ozone (O3),Mean,ppb,UHF42,306,Chelsea - Clinton,Summer 2021,06/01/2021,27.11,
176038,375,Nitrogen dioxide (NO2),Mean,ppb,UHF42,406,Fresh Meadows,Summer 2012,06/01/2012,16.63,
176080,375,Nitrogen dioxide (NO2),Mean,ppb,UHF42,406,Fresh Meadows,Summer 2013,06/01/2013,16.42,
176668,375,Nitrogen dioxide (NO2),Mean,ppb,UHF42,406,Fresh Meadows,Annual Average 2012,12/01/2011,19.78,
176654,375,Nitrogen dioxide (NO2),Mean,ppb,UHF42,302,Central Harlem - Morningside Heights,Annual Average 2012,12/01/2011,25.76,
176658,375,Nitrogen dioxide (NO2),Mean,ppb,UHF42,306,Chelsea - Clinton,Annual Average 2012,12/01/2011,34.33,
165896,375,Nitrogen dioxide (NO2),Mean,ppb,CD,316,Brownsville (CD16),Winter 2010-11,12/01/2010,31.37,
167784,375,Nitrogen dioxide (NO2),Mean,ppb,CD,316,Brownsville (CD16),Annual Average 2013,12/01/2012,21.36,
166663,375,Nitrogen dioxide (NO2),Mean,ppb,CD,316,Brownsville (CD16),Summer 2009,06/01/2009,21.58,
550131,375,Nitrogen dioxide (NO2),Mean,ppb,CD,405,Ridgewood and Maspeth (CD5),Winter 2016-17,12/01/2016,25.1,
603072,375,Nitrogen dioxide (NO2),Mean,ppb,CD,405,Ridgewood and Maspeth (CD5),Summer 2018,06/01/2018,13.13,
667797,375,Nitrogen dioxide (NO2),Mean,ppb,CD,405,Ridgewood and Maspeth (CD5),Summer 2020,06/01/2020,11.32,
550110,375,Nitrogen dioxide (NO2),Mean,ppb,CD,316,Brownsville (CD16),Winter 2016-17,12/01/2016,25.7,
550108,375,Nitrogen dioxide (NO2),Mean,ppb,CD,316,Brownsville (CD16),Summer 2017,06/01/2017,14.29,
"628508,657,Asthma emergency department visits due to PM2.5,Estimated annual rate (age 18+),""per 100,000 adults"",UHF42,306,Chelsea - Clinton,2015-2017,01/01/2015,20.4,"
"518959,657,Asthma emergency department visits due to PM2.5,Estimated annual rate (age 18+),""per 100,000 adults"",UHF42,306,Chelsea - Clinton,2012-2014,01/02/2012,28.52,"
"518955,657,Asthma emergency department visits due to PM2.5,Estimated annual rate (age 18+),""per 100,000 adults"",UHF42,302,Central Harlem - Morningside Heights,2012-2014,01/02/2012,116.42,"
"628504,657,Asthma emergency department visits due to PM2.5,Estimated annual rate (age 18+),""per 100,000 adults"",UHF42,302,Central Harlem - Morningside Heights,2015-2017,01/01/2015,95.1,"
549456,386,Ozone (O3),Mean,ppb,CD,411,Bayside and Little Neck (CD11),Summer 2017,06/01/2017,30.32,
605359,386,Ozone (O3),Mean,ppb,CD,411,Bayside and Little Neck (CD11),Summer 2018,06/01/2018,31.09,
121678,386,Ozone (O3),Mean,ppb,CD,311,Bensonhurst (CD11),2-Year Summer Average 2009-2010,06/01/2009,27.58,
605341,386,Ozone (O3),Mean,ppb,CD,311,Bensonhurst (CD11),Summer 2018,06/01/2018,31.33,
165948,375,Nitrogen dioxide (NO2),Mean,ppb,CD,309,South Crown Heights and Lefferts Gardens (CD9),Winter 2011-12,12/01/2011,25.73,
165830,375,Nitrogen dioxide (NO2),Mean,ppb,CD,309,South Crown Heights and Lefferts Gardens (CD9),Winter 2009-10,12/01/2009,29.02,
603030,375,Nitrogen dioxide (NO2),Mean,ppb,CD,309,South Crown Heights and Lefferts Gardens (CD9),Summer 2018,06/01/2018,13.63,
550143,375,Nitrogen dioxide (NO2),Mean,ppb,CD,409,Kew Gardens and Woodhaven (CD9),Winter 2016-17,12/01/2016,25.48,
222637,386,Ozone (O3),Mean,ppb,UHF42,502,Stapleton - St. George,Summer 2011,06/01/2011,33.17,
222636,386,Ozone (O3),Mean,ppb,UHF42,502,Stapleton - St. George,Summer 2010,06/01/2010,34.3,
412033,386,Ozone (O3),Mean,ppb,UHF42,502,Stapleton - St. George,Summer 2016,06/01/2016,34.18,
336696,375,Nitrogen dioxide (NO2),Mean,ppb,UHF34,410,Rockaways,Winter 2014-15,12/01/2014,20.67,
549965,375,Nitrogen dioxide (NO2),Mean,ppb,UHF34,410,Rockaways,Annual Average 2017,01/01/2017,12.66,
336609,375,Nitrogen dioxide (NO2),Mean,ppb,UHF42,502,Stapleton - St. George,Winter 2014-15,12/01/2014,21.27,
549878,375,Nitrogen dioxide (NO2),Mean,ppb,UHF42,502,Stapleton - St. George,Annual Average 2017,01/01/2017,14.63,
670911,386,Ozone (O3),Mean,ppb,UHF34,410,Rockaways,Summer 2020,06/01/2020,31.49,
605298,386,Ozone (O3),Mean,ppb,UHF34,410,Rockaways,Summer 2018,06/01/2018,35.18,
412592,375,Nitrogen dioxide (NO2),Mean,ppb,UHF34,210,Coney Island - Sheepshead Bay,Winter 2015-16,12/01/2015,21.29,
743697,386,Ozone (O3),Mean,ppb,UHF42,402,West Queens,Summer 2021,06/01/2021,29.19,
222638,386,Ozone (O3),Mean,ppb,UHF42,502,Stapleton - St. George,Summer 2012,06/01/2012,33.14,
222639,386,Ozone (O3),Mean,ppb,UHF42,502,Stapleton - St. George,Summer 2013,06/01/2013,30.61,
221946,386,Ozone (O3),Mean,ppb,UHF34,410,Rockaways,Summer 2010,06/01/2010,38.98,
"628572,650,Respiratory hospitalizations due to PM2.5 (age 20+),Estimated annual rate,""per 100,000 adults"",UHF42,502,Stapleton - St. George,2015-2017,01/01/2015,17.6,"
"518831,650,Respiratory hospitalizations due to PM2.5 (age 20+),Estimated annual rate,""per 100,000 adults"",UHF42,502,Stapleton - St. George,2012-2014,01/02/2012,16.19,"
"518821,650,Respiratory hospitalizations due to PM2.5 (age 20+),Estimated annual rate,""per 100,000 adults"",UHF42,402,West Queens,2012-2014,01/02/2012,7.46,"
"131546,650,Respiratory hospitalizations due to PM2.5 (age 20+),Estimated annual rate,""per 100,000 adults"",UHF42,502,Stapleton - St. George,2009-2011,01/01/2009,17.3,"
"131536,650,Respiratory hospitalizations due to PM2.5 (age 20+),Estimated annual rate,""per 100,000 adults"",UHF42,402,West Queens,2009-2011,01/01/2009,9.6,"
741011,375,Nitrogen dioxide (NO2),Mean,ppb,UHF42,502,Stapleton - St. George,Summer 2021,06/01/2021,9.63,
176044,375,Nitrogen dioxide (NO2),Mean,ppb,UHF42,502,Stapleton - St. George,Summer 2012,06/01/2012,12.22,
176086,375,Nitrogen dioxide (NO2),Mean,ppb,UHF42,502,Stapleton - St. George,Summer 2013,06/01/2013,11.28,
412546,375,Nitrogen dioxide (NO2),Mean,ppb,UHF42,502,Stapleton - St. George,Annual Average 2016,12/31/2015,14.93,
602819,375,Nitrogen dioxide (NO2),Mean,ppb,UHF42,502,Stapleton - St. George,Annual Average 2018,01/01/2018,14.26,
670915,386,Ozone (O3),Mean,ppb,UHF34,405,Ridgewood - Forest Hills,Summer 2020,06/01/2020,30.2,
122140,386,Ozone (O3),Mean,ppb,UHF34,302,Central Harlem - Morningside Heights,2-Year Summer Average 2009-2010,06/01/2009,25.43,
643459,375,Nitrogen dioxide (NO2),Mean,ppb,UHF34,202,Downtown - Heights - Slope,Annual Average 2019,01/01/2019,19.98,
334125,365,Fine particles (PM 2.5),Mean,mcg/m3,UHF34,301,Washington Heights,Winter 2014-15,12/01/2014,10.29,
174197,365,Fine particles (PM 2.5),Mean,mcg/m3,UHF34,402,West Queens,Annual Average 2011,12/01/2010,10.6,
174129,365,Fine particles (PM 2.5),Mean,mcg/m3,UHF34,402,West Queens,Annual Average 2009,12/01/2008,10.99,
334138,365,Fine particles (PM 2.5),Mean,mcg/m3,UHF34,402,West Queens,Annual Average 2015,01/01/2015,9.17,
211960,365,Fine particles (PM 2.5),Mean,mcg/m3,UHF34,101,Kingsbridge - Riverdale,Summer 2014,06/01/2014,8.65,
669712,365,Fine particles (PM 2.5),Mean,mcg/m3,UHF34,101,Kingsbridge - Riverdale,Annual Average 2020,01/01/2020,5.89,
211961,365,Fine particles (PM 2.5),Mean,mcg/m3,UHF34,102,Northeast Bronx,Summer 2014,06/01/2014,8.71,
649794,365,Fine particles (PM 2.5),Mean,mcg/m3,UHF34,102,Northeast Bronx,Winter 2018-19,12/01/2018,7.19,
174124,365,Fine particles (PM 2.5),Mean,mcg/m3,UHF34,301,Washington Heights,Annual Average 2009,12/01/2008,11.55,
174131,365,Fine particles (PM 2.5),Mean,mcg/m3,UHF34,405,Ridgewood - Forest Hills,Annual Average 2009,12/01/2008,10.44,
174199,365,Fine particles (PM 2.5),Mean,mcg/m3,UHF34,405,Ridgewood - Forest Hills,Annual Average 2011,12/01/2010,9.95,
334146,365,Fine particles (PM 2.5),Mean,mcg/m3,UHF34,405,Ridgewood - Forest Hills,Winter 2014-15,12/01/2014,9.09,
547561,365,Fine particles (PM 2.5),Mean,mcg/m3,UHF34,405,Ridgewood - Forest Hills,Annual Average 2017,01/01/2017,7.32,
742356,365,Fine particles (PM 2.5),Mean,mcg/m3,UHF34,405,Ridgewood - Forest Hills,Annual Average 2021,01/01/2021,6.54,
173177,365,Fine particles (PM 2.5),Mean,mcg/m3,UHF34,402,West Queens,Winter 2010-11,12/01/2010,13.06,
334140,365,Fine particles (PM 2.5),Mean,mcg/m3,UHF34,402,West Queens,Winter 2014-15,12/01/2014,9.87,
547555,365,Fine particles (PM 2.5),Mean,mcg/m3,UHF34,402,West Queens,Annual Average 2017,01/01/2017,7.93,
177794,365,Fine particles (PM 2.5),Mean,mcg/m3,UHF42,308,Greenwich Village - SoHo,Summer 2009,06/01/2009,12.9,
334029,365,Fine particles (PM 2.5),Mean,mcg/m3,UHF42,308,Greenwich Village - SoHo,Winter 2014-15,12/01/2014,11.01,
410722,365,Fine particles (PM 2.5),Mean,mcg/m3,Borough,1,Bronx,Annual Average 2016,12/31/2015,7.75,
605702,365,Fine particles (PM 2.5),Mean,mcg/m3,UHF42,207,East Flatbush - Flatbush,Annual Average 2018,01/01/2018,7.04,
410779,365,Fine particles (PM 2.5),Mean,mcg/m3,UHF42,208,Canarsie - Flatlands,Annual Average 2016,12/31/2015,7.12,
173145,365,Fine particles (PM 2.5),Mean,mcg/m3,UHF34,405,Ridgewood - Forest Hills,Winter 2009-10,12/01/2009,9.73,
173213,365,Fine particles (PM 2.5),Mean,mcg/m3,UHF34,405,Ridgewood - Forest Hills,Winter 2011-12,12/01/2011,8.97,
212084,365,Fine particles (PM 2.5),Mean,mcg/m3,UHF34,405,Ridgewood - Forest Hills,Annual Average 2014,12/01/2013,8.85,
547560,365,Fine particles (PM 2.5),Mean,mcg/m3,UHF34,405,Ridgewood - Forest Hills,Summer 2017,06/01/2017,8.85,
605856,365,Fine particles (PM 2.5),Mean,mcg/m3,UHF34,405,Ridgewood - Forest Hills,Summer 2018,06/01/2018,8.33,
547562,365,Fine particles (PM 2.5),Mean,mcg/m3,UHF34,405,Ridgewood - Forest Hills,Winter 2016-17,12/01/2016,7.93,
669644,365,Fine particles (PM 2.5),Mean,mcg/m3,UHF34,405,Ridgewood - Forest Hills,Summer 2020,06/01/2020,6.91,
173143,365,Fine particles (PM 2.5),Mean,mcg/m3,UHF34,402,West Queens,Winter 2009-10,12/01/2009,9.84,
334322,365,Fine particles (PM 2.5),Mean,mcg/m3,CD,405,Ridgewood and Maspeth (CD5),Summer 2015,06/01/2015,9.68,
650033,365,Fine particles (PM 2.5),Mean,mcg/m3,CD,405,Ridgewood and Maspeth (CD5),Summer 2019,06/01/2019,8.39,
669947,365,Fine particles (PM 2.5),Mean,mcg/m3,CD,405,Ridgewood and Maspeth (CD5),Winter 2019-20,12/01/2019,7.71,
334321,365,Fine particles (PM 2.5),Mean,mcg/m3,CD,405,Ridgewood and Maspeth (CD5),Annual Average 2015,01/01/2015,8.91,
213977,365,Fine particles (PM 2.5),Mean,mcg/m3,CD,405,Ridgewood and Maspeth (CD5),Summer 2014,06/01/2014,8.87,
334301,365,Fine particles (PM 2.5),Mean,mcg/m3,CD,316,Brownsville (CD16),Summer 2015,06/01/2015,9.6,
650012,365,Fine particles (PM 2.5),Mean,mcg/m3,CD,316,Brownsville (CD16),Summer 2019,06/01/2019,8.16,
669926,365,Fine particles (PM 2.5),Mean,mcg/m3,CD,316,Brownsville (CD16),Winter 2019-20,12/01/2019,7.53,
412775,375,Nitrogen dioxide (NO2),Mean,ppb,CD,316,Brownsville (CD16),Winter 2015-16,12/01/2015,24.18,
176024,375,Nitrogen dioxide (NO2),Mean,ppb,UHF42,302,Central Harlem - Morningside Heights,Summer 2012,06/01/2012,21.81,
176066,375,Nitrogen dioxide (NO2),Mean,ppb,UHF42,302,Central Harlem - Morningside Heights,Summer 2013,06/01/2013,21.54,
176070,375,Nitrogen dioxide (NO2),Mean,ppb,UHF42,306,Chelsea - Clinton,Summer 2013,06/01/2013,30.68,
216448,386,Ozone (O3),Mean,ppb,CD,305,East New York and Starrett City (CD5),Summer 2011,06/01/2011,33.87,
168676,365,Fine particles (PM 2.5),Mean,mcg/m3,CD,405,Ridgewood and Maspeth (CD5),Winter 2012-13,12/01/2012,10.33,
170380,365,Fine particles (PM 2.5),Mean,mcg/m3,CD,316,Brownsville (CD16),Annual Average 2012,12/01/2011,9.14,
170369,365,Fine particles (PM 2.5),Mean,mcg/m3,CD,305,East New York and Starrett City (CD5),Annual Average 2012,12/01/2011,8.88,
170387,365,Fine particles (PM 2.5),Mean,mcg/m3,CD,405,Ridgewood and Maspeth (CD5),Annual Average 2012,12/01/2011,9.07,
"518811,650,Respiratory hospitalizations due to PM2.5 (age 20+),Estimated annual rate,""per 100,000 adults"",UHF42,302,Central Harlem - Morningside Heights,2012-2014,01/02/2012,16.52,"
"628552,650,Respiratory hospitalizations due to PM2.5 (age 20+),Estimated annual rate,""per 100,000 adults"",UHF42,302,Central Harlem - Morningside Heights,2015-2017,01/01/2015,14.9,"
"518800,650,Respiratory hospitalizations due to PM2.5 (age 20+),Estimated annual rate,""per 100,000 adults"",UHF42,202,Downtown - Heights - Slope,2012-2014,01/02/2012,10.24,"
"628541,650,Respiratory hospitalizations due to PM2.5 (age 20+),Estimated annual rate,""per 100,000 adults"",UHF42,202,Downtown - Heights - Slope,2015-2017,01/01/2015,7.8,"
168433,365,Fine particles (PM 2.5),Mean,mcg/m3,CD,316,Brownsville (CD16),Winter 2008-09,12/01/2008,13.67,
213793,365,Fine particles (PM 2.5),Mean,mcg/m3,CD,316,Brownsville (CD16),Winter 2013-14,12/01/2013,11.91,
213782,365,Fine particles (PM 2.5),Mean,mcg/m3,CD,305,East New York and Starrett City (CD5),Winter 2013-14,12/01/2013,11.62,
213800,365,Fine particles (PM 2.5),Mean,mcg/m3,CD,405,Ridgewood and Maspeth (CD5),Winter 2013-14,12/01/2013,11.98,
"628604,651,Cardiovascular hospitalizations due to PM2.5 (age 40+),Estimated annual rate,""per 100,000 adults"",UHF42,306,Chelsea - Clinton,2015-2017,01/01/2015,11.7,"
216447,386,Ozone (O3),Mean,ppb,CD,305,East New York and Starrett City (CD5),Summer 2010,06/01/2010,34.31,
412099,386,Ozone (O3),Mean,ppb,CD,305,East New York and Starrett City (CD5),Summer 2016,06/01/2016,34.57,
606034,365,Fine particles (PM 2.5),Mean,mcg/m3,CD,405,Ridgewood and Maspeth (CD5),Winter 2017-18,12/01/2017,8.51,
650032,365,Fine particles (PM 2.5),Mean,mcg/m3,CD,405,Ridgewood and Maspeth (CD5),Annual Average 2019,01/01/2019,7,
602872,375,Nitrogen dioxide (NO2),Mean,ppb,UHF34,211,Williamsburg - Bushwick,Winter 2017-18,12/01/2017,27.7,
602923,375,Nitrogen dioxide (NO2),Mean,ppb,UHF34,501502,Northern SI,Winter 2017-18,12/01/2017,20.95,
211581,375,Nitrogen dioxide (NO2),Mean,ppb,UHF34,309310,Union Square-Lower Manhattan,Winter 2013-14,12/01/2013,33.32,
643531,375,Nitrogen dioxide (NO2),Mean,ppb,UHF34,309310,Union Square-Lower Manhattan,Annual Average 2019,01/01/2019,22.39,
602917,375,Nitrogen dioxide (NO2),Mean,ppb,UHF34,309310,Union Square-Lower Manhattan,Winter 2017-18,12/01/2017,28.73,
643481,375,Nitrogen dioxide (NO2),Mean,ppb,UHF34,209,Bensonhurst - Bay Ridge,Summer 2019,06/01/2019,13,
172627,375,Nitrogen dioxide (NO2),Mean,ppb,UHF34,211,Williamsburg - Bushwick,Annual Average 2010,12/01/2009,25.31,
171709,375,Nitrogen dioxide (NO2),Mean,ppb,UHF34,211,Williamsburg - Bushwick,Winter 2012-13,12/01/2012,27.35,
336659,375,Nitrogen dioxide (NO2),Mean,ppb,UHF34,211,Williamsburg - Bushwick,Summer 2015,06/01/2015,16.54,
643487,375,Nitrogen dioxide (NO2),Mean,ppb,UHF34,211,Williamsburg - Bushwick,Summer 2019,06/01/2019,16.66,
336710,375,Nitrogen dioxide (NO2),Mean,ppb,UHF34,501502,Northern SI,Summer 2015,06/01/2015,11.37,
667496,375,Nitrogen dioxide (NO2),Mean,ppb,UHF34,501502,Northern SI,Winter 2019-20,12/01/2019,21,
221979,386,Ozone (O3),Mean,ppb,UHF34,501502,Northern SI,Summer 2013,06/01/2013,29.99,
743653,386,Ozone (O3),Mean,ppb,UHF34,501502,Northern SI,Summer 2021,06/01/2021,28.93,
221967,386,Ozone (O3),Mean,ppb,UHF34,309310,Union Square-Lower Manhattan,Summer 2013,06/01/2013,25.27,
221978,386,Ozone (O3),Mean,ppb,UHF34,501502,Northern SI,Summer 2012,06/01/2012,32.42,
221876,386,Ozone (O3),Mean,ppb,UHF34,211,Williamsburg - Bushwick,Summer 2012,06/01/2012,32.28,
221877,386,Ozone (O3),Mean,ppb,UHF34,211,Williamsburg - Bushwick,Summer 2013,06/01/2013,29.7,
221966,386,Ozone (O3),Mean,ppb,UHF34,309310,Union Square-Lower Manhattan,Summer 2012,06/01/2012,27.79,
743655,386,Ozone (O3),Mean,ppb,UHF34,309310,Union Square-Lower Manhattan,Summer 2021,06/01/2021,28.19,
410851,365,Fine particles (PM 2.5),Mean,mcg/m3,UHF42,501,Port Richmond,Annual Average 2016,12/31/2015,7.3,
742324,365,Fine particles (PM 2.5),Mean,mcg/m3,UHF34,209,Bensonhurst - Bay Ridge,Winter 2020-21,12/01/2020,6.68,
173681,365,Fine particles (PM 2.5),Mean,mcg/m3,UHF34,211,Williamsburg - Bushwick,Summer 2011,06/01/2011,12.16,
410955,365,Fine particles (PM 2.5),Mean,mcg/m3,UHF34,501502,Northern SI,Summer 2016,06/01/2016,7.94,
410949,365,Fine particles (PM 2.5),Mean,mcg/m3,UHF34,309310,Union Square-Lower Manhattan,Summer 2016,06/01/2016,9.47,
410948,365,Fine particles (PM 2.5),Mean,mcg/m3,UHF34,309310,Union Square-Lower Manhattan,Winter 2015-16,12/01/2015,9.89,
173698,365,Fine particles (PM 2.5),Mean,mcg/m3,UHF34,501502,Northern SI,Summer 2011,06/01/2011,11.09,
173696,365,Fine particles (PM 2.5),Mean,mcg/m3,UHF34,309310,Union Square-Lower Manhattan,Summer 2011,06/01/2011,12.78,
173662,365,Fine particles (PM 2.5),Mean,mcg/m3,UHF34,309310,Union Square-Lower Manhattan,Summer 2010,06/01/2010,13.31,
410954,365,Fine particles (PM 2.5),Mean,mcg/m3,UHF34,501502,Northern SI,Winter 2015-16,12/01/2015,7.67,
742381,365,Fine particles (PM 2.5),Mean,mcg/m3,UHF34,501502,Northern SI,Winter 2020-21,12/01/2020,6.54,
742375,365,Fine particles (PM 2.5),Mean,mcg/m3,UHF34,309310,Union Square-Lower Manhattan,Winter 2020-21,12/01/2020,7.84,
173664,365,Fine particles (PM 2.5),Mean,mcg/m3,UHF34,501502,Northern SI,Summer 2010,06/01/2010,11.48,
170273,365,Fine particles (PM 2.5),Mean,mcg/m3,CD,409,Kew Gardens and Woodhaven (CD9),Annual Average 2010,12/01/2009,9.48,
177840,365,Fine particles (PM 2.5),Mean,mcg/m3,UHF42,402,West Queens,Summer 2010,06/01/2010,12.34,
410823,365,Fine particles (PM 2.5),Mean,mcg/m3,UHF42,402,West Queens,Summer 2016,06/01/2016,8.71,
742279,365,Fine particles (PM 2.5),Mean,mcg/m3,UHF42,502,Stapleton - St. George,Winter 2020-21,12/01/2020,6.51,
649751,365,Fine particles (PM 2.5),Mean,mcg/m3,UHF42,402,West Queens,Summer 2019,06/01/2019,8.61,
669750,365,Fine particles (PM 2.5),Mean,mcg/m3,UHF42,402,West Queens,Winter 2019-20,12/01/2019,8.24,
212088,365,Fine particles (PM 2.5),Mean,mcg/m3,UHF34,410,Rockaways,Annual Average 2014,12/01/2013,7.69,
547574,365,Fine particles (PM 2.5),Mean,mcg/m3,UHF34,410,Rockaways,Winter 2016-17,12/01/2016,7.3,
605868,365,Fine particles (PM 2.5),Mean,mcg/m3,UHF34,410,Rockaways,Summer 2018,06/01/2018,7.76,
669632,365,Fine particles (PM 2.5),Mean,mcg/m3,UHF34,410,Rockaways,Summer 2020,06/01/2020,6.27,
547572,365,Fine particles (PM 2.5),Mean,mcg/m3,UHF34,410,Rockaways,Summer 2017,06/01/2017,7.74,
173625,365,Fine particles (PM 2.5),Mean,mcg/m3,UHF34,410,Rockaways,Summer 2009,06/01/2009,9.6,
547573,365,Fine particles (PM 2.5),Mean,mcg/m3,UHF34,410,Rockaways,Annual Average 2017,01/01/2017,6.32,
338211,386,Ozone (O3),Mean,ppb,UHF42,502,Stapleton - St. George,Summer 2015,06/01/2015,31.84,
650961,386,Ozone (O3),Mean,ppb,UHF42,502,Stapleton - St. George,Summer 2019,06/01/2019,29.1,
336578,375,Nitrogen dioxide (NO2),Mean,ppb,UHF42,402,West Queens,Summer 2015,06/01/2015,16.3,
176590,375,Nitrogen dioxide (NO2),Mean,ppb,UHF42,502,Stapleton - St. George,Annual Average 2010,12/01/2009,17.38,
643437,375,Nitrogen dioxide (NO2),Mean,ppb,UHF42,502,Stapleton - St. George,Winter 2018-19,12/01/2018,17.83,
176632,375,Nitrogen dioxide (NO2),Mean,ppb,UHF42,502,Stapleton - St. George,Annual Average 2011,12/01/2010,18.29,
221868,386,Ozone (O3),Mean,ppb,UHF34,210,Coney Island - Sheepshead Bay,Summer 2010,06/01/2010,36.52,
122137,386,Ozone (O3),Mean,ppb,UHF34,210,Coney Island - Sheepshead Bay,2-Year Summer Average 2009-2010,06/01/2009,28.41,
670924,386,Ozone (O3),Mean,ppb,UHF34,210,Coney Island - Sheepshead Bay,Summer 2020,06/01/2020,30.89,
602907,375,Nitrogen dioxide (NO2),Mean,ppb,UHF34,410,Rockaways,Summer 2018,06/01/2018,6.73,
667467,375,Nitrogen dioxide (NO2),Mean,ppb,UHF34,410,Rockaways,Summer 2020,06/01/2020,5.96,
549966,375,Nitrogen dioxide (NO2),Mean,ppb,UHF34,410,Rockaways,Winter 2016-17,12/01/2016,21.06,
174271,365,Fine particles (PM 2.5),Mean,mcg/m3,UHF34,410,Rockaways,Annual Average 2013,12/01/2012,7.61,
334158,365,Fine particles (PM 2.5),Mean,mcg/m3,UHF34,410,Rockaways,Winter 2014-15,12/01/2014,7.4,
174203,365,Fine particles (PM 2.5),Mean,mcg/m3,UHF34,410,Rockaways,Annual Average 2011,12/01/2010,8.44,
669634,365,Fine particles (PM 2.5),Mean,mcg/m3,UHF34,410,Rockaways,Annual Average 2020,01/01/2020,5.33,
173183,365,Fine particles (PM 2.5),Mean,mcg/m3,UHF34,410,Rockaways,Winter 2010-11,12/01/2010,10.28,
742368,365,Fine particles (PM 2.5),Mean,mcg/m3,UHF34,410,Rockaways,Annual Average 2021,01/01/2021,5.92,
177976,365,Fine particles (PM 2.5),Mean,mcg/m3,UHF42,502,Stapleton - St. George,Summer 2013,06/01/2013,9.34,
171572,375,Nitrogen dioxide (NO2),Mean,ppb,UHF34,210,Coney Island - Sheepshead Bay,Winter 2008-09,12/01/2008,24.81,
602869,375,Nitrogen dioxide (NO2),Mean,ppb,UHF34,210,Coney Island - Sheepshead Bay,Winter 2017-18,12/01/2017,19.73,
643522,375,Nitrogen dioxide (NO2),Mean,ppb,UHF34,410,Rockaways,Annual Average 2019,01/01/2019,10.04,
670939,386,Ozone (O3),Mean,ppb,UHF42,503,Willowbrook,Summer 2020,06/01/2020,27.74,
122030,386,Ozone (O3),Mean,ppb,UHF42,405,Ridgewood - Forest Hills,2-Year Summer Average 2009-2010,06/01/2009,27.88,
122020,386,Ozone (O3),Mean,ppb,UHF42,305,Upper East Side,2-Year Summer Average 2009-2010,06/01/2009,22.97,
336712,375,Nitrogen dioxide (NO2),Mean,ppb,UHF34,503504,Southern SI,Annual Average 2015,01/01/2015,12.76,
667501,375,Nitrogen dioxide (NO2),Mean,ppb,UHF34,503504,Southern SI,Annual Average 2020,01/01/2020,11.01,
643542,375,Nitrogen dioxide (NO2),Mean,ppb,UHF34,503504,Southern SI,Winter 2018-19,12/01/2018,15.1,
649946,365,Fine particles (PM 2.5),Mean,mcg/m3,CD,206,Belmont and East Tremont (CD6),Summer 2019,06/01/2019,8.2,
334277,365,Fine particles (PM 2.5),Mean,mcg/m3,CD,308,Crown Heights and Prospect Heights (CD8),Summer 2015,06/01/2015,9.48,
170270,365,Fine particles (PM 2.5),Mean,mcg/m3,CD,406,Rego Park and Forest Hills (CD6),Annual Average 2010,12/01/2009,9.8,
669950,365,Fine particles (PM 2.5),Mean,mcg/m3,CD,406,Rego Park and Forest Hills (CD6),Winter 2019-20,12/01/2019,7.89,
170272,365,Fine particles (PM 2.5),Mean,mcg/m3,CD,408,Hillcrest and Fresh Meadows (CD8),Annual Average 2010,12/01/2009,9.28,
168679,365,Fine particles (PM 2.5),Mean,mcg/m3,CD,408,Hillcrest and Fresh Meadows (CD8),Winter 2012-13,12/01/2012,9.7,
605903,365,Fine particles (PM 2.5),Mean,mcg/m3,CD,104,Clinton and Chelsea (CD4),Annual Average 2018,01/01/2018,9.14,
742481,365,Fine particles (PM 2.5),Mean,mcg/m3,CD,306,Park Slope and Carroll Gardens (CD6),Summer 2021,06/01/2021,9.08,
742487,365,Fine particles (PM 2.5),Mean,mcg/m3,CD,308,Crown Heights and Prospect Heights (CD8),Summer 2021,06/01/2021,8.64,
211686,375,Nitrogen dioxide (NO2),Mean,ppb,UHF34,503504,Southern SI,Summer 2014,06/01/2014,8.32,
338246,386,Ozone (O3),Mean,ppb,UHF34,503504,Southern SI,Summer 2015,06/01/2015,33.18,
650996,386,Ozone (O3),Mean,ppb,UHF34,503504,Southern SI,Summer 2019,06/01/2019,29.64,
168543,365,Fine particles (PM 2.5),Mean,mcg/m3,CD,308,Crown Heights and Prospect Heights (CD8),Winter 2010-11,12/01/2010,12.91,
169310,365,Fine particles (PM 2.5),Mean,mcg/m3,CD,308,Crown Heights and Prospect Heights (CD8),Summer 2009,06/01/2009,10.96,
170431,365,Fine particles (PM 2.5),Mean,mcg/m3,CD,308,Crown Heights and Prospect Heights (CD8),Annual Average 2013,12/01/2012,8.77,
547693,365,Fine particles (PM 2.5),Mean,mcg/m3,CD,308,Crown Heights and Prospect Heights (CD8),Annual Average 2017,01/01/2017,7.54,
742535,365,Fine particles (PM 2.5),Mean,mcg/m3,CD,406,Rego Park and Forest Hills (CD6),Summer 2021,06/01/2021,8.15,
169564,365,Fine particles (PM 2.5),Mean,mcg/m3,CD,408,Hillcrest and Fresh Meadows (CD8),Summer 2013,06/01/2013,9.99,
169505,365,Fine particles (PM 2.5),Mean,mcg/m3,CD,408,Hillcrest and Fresh Meadows (CD8),Summer 2012,06/01/2012,9.93,
411115,365,Fine particles (PM 2.5),Mean,mcg/m3,CD,408,Hillcrest and Fresh Meadows (CD8),Annual Average 2016,12/31/2015,7.01,
606041,365,Fine particles (PM 2.5),Mean,mcg/m3,CD,408,Hillcrest and Fresh Meadows (CD8),Annual Average 2018,01/01/2018,6.59,
742541,365,Fine particles (PM 2.5),Mean,mcg/m3,CD,408,Hillcrest and Fresh Meadows (CD8),Summer 2021,06/01/2021,7.91,
169503,365,Fine particles (PM 2.5),Mean,mcg/m3,CD,406,Rego Park and Forest Hills (CD6),Summer 2012,06/01/2012,10.33,
169562,365,Fine particles (PM 2.5),Mean,mcg/m3,CD,406,Rego Park and Forest Hills (CD6),Summer 2013,06/01/2013,10.35,
411109,365,Fine particles (PM 2.5),Mean,mcg/m3,CD,406,Rego Park and Forest Hills (CD6),Annual Average 2016,12/31/2015,7.5,
212082,365,Fine particles (PM 2.5),Mean,mcg/m3,UHF34,402,West Queens,Annual Average 2014,12/01/2013,9.47,
547554,365,Fine particles (PM 2.5),Mean,mcg/m3,UHF34,402,West Queens,Summer 2017,06/01/2017,9.58,
410809,365,Fine particles (PM 2.5),Mean,mcg/m3,UHF42,307,Gramercy Park - Murray Hill,Annual Average 2016,12/31/2015,10.76,
177962,365,Fine particles (PM 2.5),Mean,mcg/m3,UHF42,308,Greenwich Village - SoHo,Summer 2013,06/01/2013,12.02,
410812,365,Fine particles (PM 2.5),Mean,mcg/m3,UHF42,308,Greenwich Village - SoHo,Annual Average 2016,12/31/2015,9.52,
742238,365,Fine particles (PM 2.5),Mean,mcg/m3,UHF42,308,Greenwich Village - SoHo,Summer 2021,06/01/2021,10.23,
177929,365,Fine particles (PM 2.5),Mean,mcg/m3,UHF42,407,Southwest Queens,Summer 2012,06/01/2012,9.86,
211552,375,Nitrogen dioxide (NO2),Mean,ppb,UHF34,101,Kingsbridge - Riverdale,Winter 2013-14,12/01/2013,22.42,
602830,375,Nitrogen dioxide (NO2),Mean,ppb,UHF34,101,Kingsbridge - Riverdale,Winter 2017-18,12/01/2017,21.31,
643444,375,Nitrogen dioxide (NO2),Mean,ppb,UHF34,101,Kingsbridge - Riverdale,Annual Average 2019,01/01/2019,13.5,
211553,375,Nitrogen dioxide (NO2),Mean,ppb,UHF34,102,Northeast Bronx,Winter 2013-14,12/01/2013,24.6,
643447,375,Nitrogen dioxide (NO2),Mean,ppb,UHF34,102,Northeast Bronx,Annual Average 2019,01/01/2019,14.67,
643492,375,Nitrogen dioxide (NO2),Mean,ppb,UHF34,302,Central Harlem - Morningside Heights,Annual Average 2019,01/01/2019,19.7,
602878,375,Nitrogen dioxide (NO2),Mean,ppb,UHF34,302,Central Harlem - Morningside Heights,Winter 2017-18,12/01/2017,27.52,
336629,375,Nitrogen dioxide (NO2),Mean,ppb,UHF34,201,Greenpoint,Summer 2015,06/01/2015,17.04,
667334,375,Nitrogen dioxide (NO2),Mean,ppb,UHF34,201,Greenpoint,Winter 2019-20,12/01/2019,29.27,
667340,375,Nitrogen dioxide (NO2),Mean,ppb,UHF34,202,Downtown - Heights - Slope,Winter 2019-20,12/01/2019,28.64,
667310,375,Nitrogen dioxide (NO2),Mean,ppb,UHF34,101,Kingsbridge - Riverdale,Winter 2019-20,12/01/2019,21.27,
336677,375,Nitrogen dioxide (NO2),Mean,ppb,UHF34,402,West Queens,Summer 2015,06/01/2015,16.3,
743664,386,Ozone (O3),Mean,ppb,UHF34,402,West Queens,Summer 2021,06/01/2021,29.19,
221924,386,Ozone (O3),Mean,ppb,UHF34,405,Ridgewood - Forest Hills,Summer 2012,06/01/2012,33.3,
743669,386,Ozone (O3),Mean,ppb,UHF34,301,Washington Heights,Summer 2021,06/01/2021,27.89,
221792,386,Ozone (O3),Mean,ppb,UHF34,101,Kingsbridge - Riverdale,Summer 2012,06/01/2012,33.72,
605765,365,Fine particles (PM 2.5),Mean,mcg/m3,UHF42,407,Southwest Queens,Annual Average 2018,01/01/2018,6.56,
742265,365,Fine particles (PM 2.5),Mean,mcg/m3,UHF42,407,Southwest Queens,Summer 2021,06/01/2021,7.92,
177930,365,Fine particles (PM 2.5),Mean,mcg/m3,UHF42,408,Jamaica,Summer 2012,06/01/2012,9.98,
177972,365,Fine particles (PM 2.5),Mean,mcg/m3,UHF42,408,Jamaica,Summer 2013,06/01/2013,10.07,
410842,365,Fine particles (PM 2.5),Mean,mcg/m3,UHF42,408,Jamaica,Annual Average 2016,12/31/2015,6.99,
605768,365,Fine particles (PM 2.5),Mean,mcg/m3,UHF42,408,Jamaica,Annual Average 2018,01/01/2018,6.69,
410873,365,Fine particles (PM 2.5),Mean,mcg/m3,UHF34,201,Greenpoint,Winter 2015-16,12/01/2015,10.19,
410877,365,Fine particles (PM 2.5),Mean,mcg/m3,UHF34,202,Downtown - Heights - Slope,Summer 2016,06/01/2016,9.15,
410921,365,Fine particles (PM 2.5),Mean,mcg/m3,UHF34,402,West Queens,Winter 2015-16,12/01/2015,8.6,
410922,365,Fine particles (PM 2.5),Mean,mcg/m3,UHF34,402,West Queens,Summer 2016,06/01/2016,8.71,
410861,365,Fine particles (PM 2.5),Mean,mcg/m3,UHF34,101,Kingsbridge - Riverdale,Winter 2015-16,12/01/2015,8.41,
221827,386,Ozone (O3),Mean,ppb,UHF34,203,Bedford Stuyvesant - Crown Heights,Summer 2011,06/01/2011,31.43,
221826,386,Ozone (O3),Mean,ppb,UHF34,203,Bedford Stuyvesant - Crown Heights,Summer 2010,06/01/2010,32.27,
412043,386,Ozone (O3),Mean,ppb,UHF34,204,East New York,Summer 2016,06/01/2016,34.26,
221832,386,Ozone (O3),Mean,ppb,UHF34,204,East New York,Summer 2010,06/01/2010,33.97,
172177,375,Nitrogen dioxide (NO2),Mean,ppb,UHF34,203,Bedford Stuyvesant - Crown Heights,Summer 2012,06/01/2012,19,
172211,375,Nitrogen dioxide (NO2),Mean,ppb,UHF34,203,Bedford Stuyvesant - Crown Heights,Summer 2013,06/01/2013,18.74,
602846,375,Nitrogen dioxide (NO2),Mean,ppb,UHF34,203,Bedford Stuyvesant - Crown Heights,Annual Average 2018,01/01/2018,19.42,
172178,375,Nitrogen dioxide (NO2),Mean,ppb,UHF34,204,East New York,Summer 2012,06/01/2012,16.61,
172212,375,Nitrogen dioxide (NO2),Mean,ppb,UHF34,204,East New York,Summer 2013,06/01/2013,16.61,
222621,386,Ozone (O3),Mean,ppb,UHF42,409,Southeast Queens,Summer 2013,06/01/2013,31.79,
222620,386,Ozone (O3),Mean,ppb,UHF42,409,Southeast Queens,Summer 2012,06/01/2012,34.81,
222501,386,Ozone (O3),Mean,ppb,UHF42,210,Coney Island - Sheepshead Bay,Summer 2013,06/01/2013,33.88,
222500,386,Ozone (O3),Mean,ppb,UHF42,210,Coney Island - Sheepshead Bay,Summer 2012,06/01/2012,37.08,
743710,386,Ozone (O3),Mean,ppb,UHF42,210,Coney Island - Sheepshead Bay,Summer 2021,06/01/2021,31.98,
172207,375,Nitrogen dioxide (NO2),Mean,ppb,UHF34,103,Fordham - Bronx Pk,Summer 2013,06/01/2013,15.98,
172173,375,Nitrogen dioxide (NO2),Mean,ppb,UHF34,103,Fordham - Bronx Pk,Summer 2012,06/01/2012,17.13,
412561,375,Nitrogen dioxide (NO2),Mean,ppb,UHF34,103,Fordham - Bronx Pk,Annual Average 2016,12/31/2015,17.93,
602834,375,Nitrogen dioxide (NO2),Mean,ppb,UHF34,103,Fordham - Bronx Pk,Annual Average 2018,01/01/2018,17.25,
172208,375,Nitrogen dioxide (NO2),Mean,ppb,UHF34,104,Pelham - Throgs Neck,Summer 2013,06/01/2013,14.69,
172232,375,Nitrogen dioxide (NO2),Mean,ppb,UHF34,305307,Upper East Side-Gramercy,Summer 2013,06/01/2013,29.25,
741101,375,Nitrogen dioxide (NO2),Mean,ppb,UHF34,305307,Upper East Side-Gramercy,Summer 2021,06/01/2021,18.35,
172233,375,Nitrogen dioxide (NO2),Mean,ppb,UHF34,306308,Chelsea-Village,Summer 2013,06/01/2013,29.16,
172222,375,Nitrogen dioxide (NO2),Mean,ppb,UHF34,303,East Harlem,Summer 2013,06/01/2013,20.7,
172189,375,Nitrogen dioxide (NO2),Mean,ppb,UHF34,304,Upper West Side,Summer 2012,06/01/2012,23.58,
221958,386,Ozone (O3),Mean,ppb,UHF34,306308,Chelsea-Village,Summer 2010,06/01/2010,26.37,
222476,386,Ozone (O3),Mean,ppb,UHF42,206,Borough Park,Summer 2012,06/01/2012,33.35,
222477,386,Ozone (O3),Mean,ppb,UHF42,206,Borough Park,Summer 2013,06/01/2013,30.61,
743714,386,Ozone (O3),Mean,ppb,UHF42,206,Borough Park,Summer 2021,06/01/2021,30.45,
222494,386,Ozone (O3),Mean,ppb,UHF42,209,Bensonhurst - Bay Ridge,Summer 2012,06/01/2012,34.28,
222627,386,Ozone (O3),Mean,ppb,UHF42,410,Rockaways,Summer 2013,06/01/2013,36.84,
222626,386,Ozone (O3),Mean,ppb,UHF42,410,Rockaways,Summer 2012,06/01/2012,40.3,
179365,375,Nitrogen dioxide (NO2),Mean,ppb,Borough,3,Manhattan,Summer 2013,06/01/2013,24.71,
740885,375,Nitrogen dioxide (NO2),Mean,ppb,Borough,3,Manhattan,Summer 2021,06/01/2021,16.37,
176073,375,Nitrogen dioxide (NO2),Mean,ppb,UHF42,309,Union Square - Lower East Side,Summer 2013,06/01/2013,24.15,
176042,375,Nitrogen dioxide (NO2),Mean,ppb,UHF42,410,Rockaways,Summer 2012,06/01/2012,8.25,
168492,365,Fine particles (PM 2.5),Mean,mcg/m3,CD,316,Brownsville (CD16),Winter 2009-10,12/01/2009,10.42,
169318,365,Fine particles (PM 2.5),Mean,mcg/m3,CD,316,Brownsville (CD16),Summer 2009,06/01/2009,10.97,
213970,365,Fine particles (PM 2.5),Mean,mcg/m3,CD,316,Brownsville (CD16),Summer 2014,06/01/2014,8.99,
177956,365,Fine particles (PM 2.5),Mean,mcg/m3,UHF42,302,Central Harlem - Morningside Heights,Summer 2013,06/01/2013,10.76,
605720,365,Fine particles (PM 2.5),Mean,mcg/m3,UHF42,302,Central Harlem - Morningside Heights,Annual Average 2018,01/01/2018,7.53,
179777,640,Boiler Emissions- Total SO2 Emissions,Number per km2,number,UHF42,406,Fresh Meadows,2015,01/01/2015,3.1,
179799,640,Boiler Emissions- Total SO2 Emissions,Number per km2,number,UHF42,302,Central Harlem - Morningside Heights,2015,01/01/2015,10.7,
179804,640,Boiler Emissions- Total SO2 Emissions,Number per km2,number,UHF42,306,Chelsea - Clinton,2015,01/01/2015,36.4,
178544,365,Fine particles (PM 2.5),Mean,mcg/m3,UHF42,302,Central Harlem - Morningside Heights,Annual Average 2012,12/01/2011,9.99,
178548,365,Fine particles (PM 2.5),Mean,mcg/m3,UHF42,306,Chelsea - Clinton,Annual Average 2012,12/01/2011,12.42,
410806,365,Fine particles (PM 2.5),Mean,mcg/m3,UHF42,306,Chelsea - Clinton,Annual Average 2016,12/31/2015,10.32,
605732,365,Fine particles (PM 2.5),Mean,mcg/m3,UHF42,306,Chelsea - Clinton,Annual Average 2018,01/01/2018,9.97,
410761,365,Fine particles (PM 2.5),Mean,mcg/m3,UHF42,202,Downtown - Heights - Slope,Annual Average 2016,12/31/2015,8.86,
179825,641,Boiler Emissions- Total PM2.5 Emissions,Number per km2,number,UHF42,406,Fresh Meadows,2015,01/01/2015,0.4,
179729,642,Boiler Emissions- Total NOx Emissions,Number per km2,number,UHF42,406,Fresh Meadows,2015,01/01/2015,14.3,
179852,641,Boiler Emissions- Total PM2.5 Emissions,Number per km2,number,UHF42,306,Chelsea - Clinton,2015,01/01/2015,4.9,
179839,641,Boiler Emissions- Total PM2.5 Emissions,Number per km2,number,UHF42,102,Northeast Bronx,2015,01/01/2015,0.3,
177788,365,Fine particles (PM 2.5),Mean,mcg/m3,UHF42,302,Central Harlem - Morningside Heights,Summer 2009,06/01/2009,11.36,
178586,365,Fine particles (PM 2.5),Mean,mcg/m3,UHF42,302,Central Harlem - Morningside Heights,Annual Average 2013,12/01/2012,9.7,
334011,365,Fine particles (PM 2.5),Mean,mcg/m3,UHF42,302,Central Harlem - Morningside Heights,Winter 2014-15,12/01/2014,10.23,
547426,365,Fine particles (PM 2.5),Mean,mcg/m3,UHF42,302,Central Harlem - Morningside Heights,Annual Average 2017,01/01/2017,7.93,
177246,365,Fine particles (PM 2.5),Mean,mcg/m3,UHF42,306,Chelsea - Clinton,Winter 2010-11,12/01/2010,15.72,
334023,365,Fine particles (PM 2.5),Mean,mcg/m3,UHF42,306,Chelsea - Clinton,Winter 2014-15,12/01/2014,12.11,
547438,365,Fine particles (PM 2.5),Mean,mcg/m3,UHF42,306,Chelsea - Clinton,Annual Average 2017,01/01/2017,9.91,
130430,640,Boiler Emissions- Total SO2 Emissions,Number per km2,number,UHF42,406,Fresh Meadows,2013,01/01/2013,4.3,
166640,375,Nitrogen dioxide (NO2),Mean,ppb,CD,205,Fordham and University Heights (CD5),Summer 2009,06/01/2009,26.75,
740964,375,Nitrogen dioxide (NO2),Mean,ppb,UHF42,306,Chelsea - Clinton,Annual Average 2021,01/01/2021,23.32,
222516,386,Ozone (O3),Mean,ppb,UHF42,302,Central Harlem - Morningside Heights,Summer 2010,06/01/2010,29.75,
412496,375,Nitrogen dioxide (NO2),Mean,ppb,UHF42,306,Chelsea - Clinton,Winter 2015-16,12/01/2015,30.85,
412497,375,Nitrogen dioxide (NO2),Mean,ppb,UHF42,306,Chelsea - Clinton,Summer 2016,06/01/2016,24.97,
165885,375,Nitrogen dioxide (NO2),Mean,ppb,CD,305,East New York and Starrett City (CD5),Winter 2010-11,12/01/2010,29.77,
334177,365,Fine particles (PM 2.5),Mean,mcg/m3,UHF34,105106107,South Bronx,Annual Average 2015,01/01/2015,9.63,
649890,365,Fine particles (PM 2.5),Mean,mcg/m3,UHF34,105106107,South Bronx,Winter 2018-19,12/01/2018,7.91,
669613,365,Fine particles (PM 2.5),Mean,mcg/m3,UHF34,105106107,South Bronx,Annual Average 2020,01/01/2020,6.27,
334152,365,Fine particles (PM 2.5),Mean,mcg/m3,UHF34,408,Jamaica,Winter 2014-15,12/01/2014,8.63,
547567,365,Fine particles (PM 2.5),Mean,mcg/m3,UHF34,408,Jamaica,Annual Average 2017,01/01/2017,7.08,
742362,365,Fine particles (PM 2.5),Mean,mcg/m3,UHF34,408,Jamaica,Annual Average 2021,01/01/2021,6.43,
334179,365,Fine particles (PM 2.5),Mean,mcg/m3,UHF34,105106107,South Bronx,Winter 2014-15,12/01/2014,10.57,
173147,365,Fine particles (PM 2.5),Mean,mcg/m3,UHF34,408,Jamaica,Winter 2009-10,12/01/2009,9.68,
173215,365,Fine particles (PM 2.5),Mean,mcg/m3,UHF34,408,Jamaica,Winter 2011-12,12/01/2011,8.8,
212086,365,Fine particles (PM 2.5),Mean,mcg/m3,UHF34,408,Jamaica,Annual Average 2014,12/01/2013,8.46,
547568,365,Fine particles (PM 2.5),Mean,mcg/m3,UHF34,408,Jamaica,Winter 2016-17,12/01/2016,7.93,
547566,365,Fine particles (PM 2.5),Mean,mcg/m3,UHF34,408,Jamaica,Summer 2017,06/01/2017,8.62,
669638,365,Fine particles (PM 2.5),Mean,mcg/m3,UHF34,408,Jamaica,Summer 2020,06/01/2020,6.73,
171568,375,Nitrogen dioxide (NO2),Mean,ppb,UHF34,206,Borough Park,Winter 2008-09,12/01/2008,29.68,
171583,375,Nitrogen dioxide (NO2),Mean,ppb,UHF34,408,Jamaica,Winter 2008-09,12/01/2008,28.35,
602902,375,Nitrogen dioxide (NO2),Mean,ppb,UHF34,408,Jamaica,Winter 2017-18,12/01/2017,23.83,
171578,375,Nitrogen dioxide (NO2),Mean,ppb,UHF34,401,Long Island City - Astoria,Winter 2008-09,12/01/2008,31.39,
643501,375,Nitrogen dioxide (NO2),Mean,ppb,UHF34,401,Long Island City - Astoria,Annual Average 2019,01/01/2019,20.24,
643543,375,Nitrogen dioxide (NO2),Mean,ppb,UHF34,105106107,South Bronx,Annual Average 2019,01/01/2019,18.42,
602929,375,Nitrogen dioxide (NO2),Mean,ppb,UHF34,105106107,South Bronx,Winter 2017-18,12/01/2017,26.55,
172624,375,Nitrogen dioxide (NO2),Mean,ppb,UHF34,208,Canarsie - Flatlands,Annual Average 2010,12/01/2009,19.1,
171719,375,Nitrogen dioxide (NO2),Mean,ppb,UHF34,408,Jamaica,Winter 2012-13,12/01/2012,22.95,
221936,386,Ozone (O3),Mean,ppb,UHF34,408,Jamaica,Summer 2012,06/01/2012,33.78,
221991,386,Ozone (O3),Mean,ppb,UHF34,105106107,South Bronx,Summer 2013,06/01/2013,30.69,
221990,386,Ozone (O3),Mean,ppb,UHF34,105106107,South Bronx,Summer 2012,06/01/2012,34.02,
743651,386,Ozone (O3),Mean,ppb,UHF34,105106107,South Bronx,Summer 2021,06/01/2021,29.24,
221846,386,Ozone (O3),Mean,ppb,UHF34,206,Borough Park,Summer 2012,06/01/2012,33.35,
221858,386,Ozone (O3),Mean,ppb,UHF34,208,Canarsie - Flatlands,Summer 2012,06/01/2012,36.6,
410888,365,Fine particles (PM 2.5),Mean,mcg/m3,UHF34,206,Borough Park,Winter 2015-16,12/01/2015,8.15,
173644,365,Fine particles (PM 2.5),Mean,mcg/m3,UHF34,208,Canarsie - Flatlands,Summer 2010,06/01/2010,11.44,
410895,365,Fine particles (PM 2.5),Mean,mcg/m3,UHF34,208,Canarsie - Flatlands,Summer 2016,06/01/2016,7.77,
410894,365,Fine particles (PM 2.5),Mean,mcg/m3,UHF34,208,Canarsie - Flatlands,Winter 2015-16,12/01/2015,7.6,
742360,365,Fine particles (PM 2.5),Mean,mcg/m3,UHF34,408,Jamaica,Winter 2020-21,12/01/2020,6.69,
173666,365,Fine particles (PM 2.5),Mean,mcg/m3,UHF34,105106107,South Bronx,Summer 2010,06/01/2010,12.64,
173700,365,Fine particles (PM 2.5),Mean,mcg/m3,UHF34,105106107,South Bronx,Summer 2011,06/01/2011,12.15,
410961,365,Fine particles (PM 2.5),Mean,mcg/m3,UHF34,105106107,South Bronx,Summer 2016,06/01/2016,8.89,
742277,365,Fine particles (PM 2.5),Mean,mcg/m3,UHF42,501,Port Richmond,Summer 2021,06/01/2021,8.3,
177933,365,Fine particles (PM 2.5),Mean,mcg/m3,UHF42,501,Port Richmond,Summer 2012,06/01/2012,10.13,
177975,365,Fine particles (PM 2.5),Mean,mcg/m3,UHF42,501,Port Richmond,Summer 2013,06/01/2013,9.57,
177965,365,Fine particles (PM 2.5),Mean,mcg/m3,UHF42,401,Long Island City - Astoria,Summer 2013,06/01/2013,11.07,
410821,365,Fine particles (PM 2.5),Mean,mcg/m3,UHF42,401,Long Island City - Astoria,Annual Average 2016,12/31/2015,8.65,
605747,365,Fine particles (PM 2.5),Mean,mcg/m3,UHF42,401,Long Island City - Astoria,Annual Average 2018,01/01/2018,8.16,
742247,365,Fine particles (PM 2.5),Mean,mcg/m3,UHF42,401,Long Island City - Astoria,Summer 2021,06/01/2021,9.13,
649778,365,Fine particles (PM 2.5),Mean,mcg/m3,UHF42,501,Port Richmond,Summer 2019,06/01/2019,7.79,
177335,365,Fine particles (PM 2.5),Mean,mcg/m3,UHF42,401,Long Island City - Astoria,Winter 2012-13,12/01/2012,11.41,
178469,365,Fine particles (PM 2.5),Mean,mcg/m3,UHF42,401,Long Island City - Astoria,Annual Average 2010,12/01/2009,10.05,
412642,375,Nitrogen dioxide (NO2),Mean,ppb,UHF34,309310,Union Square-Lower Manhattan,Annual Average 2016,12/31/2015,25.01,
602915,375,Nitrogen dioxide (NO2),Mean,ppb,UHF34,309310,Union Square-Lower Manhattan,Annual Average 2018,01/01/2018,23.63,
741107,375,Nitrogen dioxide (NO2),Mean,ppb,UHF34,309310,Union Square-Lower Manhattan,Summer 2021,06/01/2021,16.38,
172202,375,Nitrogen dioxide (NO2),Mean,ppb,UHF34,501502,Northern SI,Summer 2012,06/01/2012,13.35,
172236,375,Nitrogen dioxide (NO2),Mean,ppb,UHF34,501502,Northern SI,Summer 2013,06/01/2013,12.59,
172200,375,Nitrogen dioxide (NO2),Mean,ppb,UHF34,309310,Union Square-Lower Manhattan,Summer 2012,06/01/2012,26.55,
412648,375,Nitrogen dioxide (NO2),Mean,ppb,UHF34,501502,Northern SI,Annual Average 2016,12/31/2015,15.81,
172234,375,Nitrogen dioxide (NO2),Mean,ppb,UHF34,309310,Union Square-Lower Manhattan,Summer 2013,06/01/2013,25.31,
669723,365,Fine particles (PM 2.5),Mean,mcg/m3,UHF42,501,Port Richmond,Winter 2019-20,12/01/2019,7.44,
177345,365,Fine particles (PM 2.5),Mean,mcg/m3,UHF42,501,Port Richmond,Winter 2012-13,12/01/2012,10.06,
178479,365,Fine particles (PM 2.5),Mean,mcg/m3,UHF42,501,Port Richmond,Annual Average 2010,12/01/2009,9.02,
669724,365,Fine particles (PM 2.5),Mean,mcg/m3,UHF42,501,Port Richmond,Annual Average 2020,01/01/2020,5.93,
178437,365,Fine particles (PM 2.5),Mean,mcg/m3,UHF42,501,Port Richmond,Annual Average 2009,12/01/2008,10.22,
212832,365,Fine particles (PM 2.5),Mean,mcg/m3,UHF42,501,Port Richmond,Summer 2014,06/01/2014,8.32,
334066,365,Fine particles (PM 2.5),Mean,mcg/m3,UHF42,501,Port Richmond,Annual Average 2015,01/01/2015,8.34,
178427,365,Fine particles (PM 2.5),Mean,mcg/m3,UHF42,401,Long Island City - Astoria,Annual Average 2009,12/01/2008,11.4,
669675,365,Fine particles (PM 2.5),Mean,mcg/m3,UHF34,209,Bensonhurst - Bay Ridge,Winter 2019-20,12/01/2019,7.56,
649826,365,Fine particles (PM 2.5),Mean,mcg/m3,UHF34,209,Bensonhurst - Bay Ridge,Summer 2019,06/01/2019,7.79,
334172,365,Fine particles (PM 2.5),Mean,mcg/m3,UHF34,501502,Northern SI,Summer 2015,06/01/2015,8.81,
649883,365,Fine particles (PM 2.5),Mean,mcg/m3,UHF34,501502,Northern SI,Summer 2019,06/01/2019,7.56,
669618,365,Fine particles (PM 2.5),Mean,mcg/m3,UHF34,501502,Northern SI,Winter 2019-20,12/01/2019,7.31,
410899,365,Fine particles (PM 2.5),Mean,mcg/m3,UHF34,209,Bensonhurst - Bay Ridge,Annual Average 2016,12/31/2015,7.11,
173715,365,Fine particles (PM 2.5),Mean,mcg/m3,UHF34,211,Williamsburg - Bushwick,Summer 2012,06/01/2012,11.02,
606035,365,Fine particles (PM 2.5),Mean,mcg/m3,CD,406,Rego Park and Forest Hills (CD6),Annual Average 2018,01/01/2018,6.95,
743646,386,Ozone (O3),Mean,ppb,CD,104,Clinton and Chelsea (CD4),Summer 2021,06/01/2021,27.28,
216563,386,Ozone (O3),Mean,ppb,CD,406,Rego Park and Forest Hills (CD6),Summer 2012,06/01/2012,32.45,
216564,386,Ozone (O3),Mean,ppb,CD,406,Rego Park and Forest Hills (CD6),Summer 2013,06/01/2013,29.99,
743602,386,Ozone (O3),Mean,ppb,CD,406,Rego Park and Forest Hills (CD6),Summer 2021,06/01/2021,30.23,
741212,375,Nitrogen dioxide (NO2),Mean,ppb,CD,306,Park Slope and Carroll Gardens (CD6),Summer 2021,06/01/2021,14.39,
741218,375,Nitrogen dioxide (NO2),Mean,ppb,CD,308,Crown Heights and Prospect Heights (CD8),Summer 2021,06/01/2021,12.32,
169487,365,Fine particles (PM 2.5),Mean,mcg/m3,CD,308,Crown Heights and Prospect Heights (CD8),Summer 2012,06/01/2012,10.4,
169546,365,Fine particles (PM 2.5),Mean,mcg/m3,CD,308,Crown Heights and Prospect Heights (CD8),Summer 2013,06/01/2013,10.31,
411061,365,Fine particles (PM 2.5),Mean,mcg/m3,CD,308,Crown Heights and Prospect Heights (CD8),Annual Average 2016,12/31/2015,7.98,
605987,365,Fine particles (PM 2.5),Mean,mcg/m3,CD,308,Crown Heights and Prospect Heights (CD8),Annual Average 2018,01/01/2018,7.3,
649953,365,Fine particles (PM 2.5),Mean,mcg/m3,CD,208,Riverdale and Fieldston (CD8),Winter 2018-19,12/01/2018,7.13,
213980,365,Fine particles (PM 2.5),Mean,mcg/m3,CD,408,Hillcrest and Fresh Meadows (CD8),Summer 2014,06/01/2014,8.03,
170213,365,Fine particles (PM 2.5),Mean,mcg/m3,CD,408,Hillcrest and Fresh Meadows (CD8),Annual Average 2009,12/01/2008,10,
334330,365,Fine particles (PM 2.5),Mean,mcg/m3,CD,408,Hillcrest and Fresh Meadows (CD8),Annual Average 2015,01/01/2015,8.18,
170331,365,Fine particles (PM 2.5),Mean,mcg/m3,CD,408,Hillcrest and Fresh Meadows (CD8),Annual Average 2011,12/01/2010,9.71,
669955,365,Fine particles (PM 2.5),Mean,mcg/m3,CD,408,Hillcrest and Fresh Meadows (CD8),Annual Average 2020,01/01/2020,5.99,
650043,365,Fine particles (PM 2.5),Mean,mcg/m3,CD,408,Hillcrest and Fresh Meadows (CD8),Winter 2018-19,12/01/2018,6.89,
170211,365,Fine particles (PM 2.5),Mean,mcg/m3,CD,406,Rego Park and Forest Hills (CD6),Annual Average 2009,12/01/2008,10.6,
170329,365,Fine particles (PM 2.5),Mean,mcg/m3,CD,406,Rego Park and Forest Hills (CD6),Annual Average 2011,12/01/2010,10.1,
213978,365,Fine particles (PM 2.5),Mean,mcg/m3,CD,406,Rego Park and Forest Hills (CD6),Summer 2014,06/01/2014,8.48,
334324,365,Fine particles (PM 2.5),Mean,mcg/m3,CD,406,Rego Park and Forest Hills (CD6),Annual Average 2015,01/01/2015,8.48,
650037,365,Fine particles (PM 2.5),Mean,mcg/m3,CD,406,Rego Park and Forest Hills (CD6),Winter 2018-19,12/01/2018,7.16,
334331,365,Fine particles (PM 2.5),Mean,mcg/m3,CD,408,Hillcrest and Fresh Meadows (CD8),Summer 2015,06/01/2015,9.06,
650042,365,Fine particles (PM 2.5),Mean,mcg/m3,CD,408,Hillcrest and Fresh Meadows (CD8),Summer 2019,06/01/2019,7.39,
669956,365,Fine particles (PM 2.5),Mean,mcg/m3,CD,408,Hillcrest and Fresh Meadows (CD8),Winter 2019-20,12/01/2019,7.69,
168677,365,Fine particles (PM 2.5),Mean,mcg/m3,CD,406,Rego Park and Forest Hills (CD6),Winter 2012-13,12/01/2012,10.25,
334325,365,Fine particles (PM 2.5),Mean,mcg/m3,CD,406,Rego Park and Forest Hills (CD6),Summer 2015,06/01/2015,9.39,
166848,375,Nitrogen dioxide (NO2),Mean,ppb,CD,406,Rego Park and Forest Hills (CD6),Summer 2012,06/01/2012,18.52,
742288,365,Fine particles (PM 2.5),Mean,mcg/m3,UHF34,101,Kingsbridge - Riverdale,Winter 2020-21,12/01/2020,6.37,
173689,365,Fine particles (PM 2.5),Mean,mcg/m3,UHF34,405,Ridgewood - Forest Hills,Summer 2011,06/01/2011,11.35,
742336,365,Fine particles (PM 2.5),Mean,mcg/m3,UHF34,302,Central Harlem - Morningside Heights,Winter 2020-21,12/01/2020,6.74,
742268,365,Fine particles (PM 2.5),Mean,mcg/m3,UHF42,408,Jamaica,Summer 2021,06/01/2021,7.98,
410839,365,Fine particles (PM 2.5),Mean,mcg/m3,UHF42,407,Southwest Queens,Annual Average 2016,12/31/2015,7.02,
177971,365,Fine particles (PM 2.5),Mean,mcg/m3,UHF42,407,Southwest Queens,Summer 2013,06/01/2013,9.88,
410875,365,Fine particles (PM 2.5),Mean,mcg/m3,UHF34,201,Greenpoint,Annual Average 2016,12/31/2015,9.46,
742304,365,Fine particles (PM 2.5),Mean,mcg/m3,UHF34,202,Downtown - Heights - Slope,Summer 2021,06/01/2021,9.08,
173721,365,Fine particles (PM 2.5),Mean,mcg/m3,UHF34,402,West Queens,Summer 2012,06/01/2012,10.77,
742349,365,Fine particles (PM 2.5),Mean,mcg/m3,UHF34,402,West Queens,Summer 2021,06/01/2021,8.99,
177920,365,Fine particles (PM 2.5),Mean,mcg/m3,UHF42,308,Greenwich Village - SoHo,Summer 2012,06/01/2012,12.1,
649766,365,Fine particles (PM 2.5),Mean,mcg/m3,UHF42,407,Southwest Queens,Summer 2019,06/01/2019,7.54,
669735,365,Fine particles (PM 2.5),Mean,mcg/m3,UHF42,407,Southwest Queens,Winter 2019-20,12/01/2019,7.4,
177342,365,Fine particles (PM 2.5),Mean,mcg/m3,UHF42,408,Jamaica,Winter 2012-13,12/01/2012,9.79,
334058,365,Fine particles (PM 2.5),Mean,mcg/m3,UHF42,408,Jamaica,Summer 2015,06/01/2015,9.08,
669732,365,Fine particles (PM 2.5),Mean,mcg/m3,UHF42,408,Jamaica,Winter 2019-20,12/01/2019,7.45,
649769,365,Fine particles (PM 2.5),Mean,mcg/m3,UHF42,408,Jamaica,Summer 2019,06/01/2019,7.48,
177341,365,Fine particles (PM 2.5),Mean,mcg/m3,UHF42,407,Southwest Queens,Winter 2012-13,12/01/2012,9.74,
178475,365,Fine particles (PM 2.5),Mean,mcg/m3,UHF42,407,Southwest Queens,Annual Average 2010,12/01/2009,9.19,
178476,365,Fine particles (PM 2.5),Mean,mcg/m3,UHF42,408,Jamaica,Annual Average 2010,12/01/2009,9.25,
221925,386,Ozone (O3),Mean,ppb,UHF34,405,Ridgewood - Forest Hills,Summer 2013,06/01/2013,30.77,
743662,386,Ozone (O3),Mean,ppb,UHF34,405,Ridgewood - Forest Hills,Summer 2021,06/01/2021,30.47,
743668,386,Ozone (O3),Mean,ppb,UHF34,302,Central Harlem - Morningside Heights,Summer 2021,06/01/2021,28.49,
334055,365,Fine particles (PM 2.5),Mean,mcg/m3,UHF42,407,Southwest Queens,Summer 2015,06/01/2015,8.94,
178433,365,Fine particles (PM 2.5),Mean,mcg/m3,UHF42,407,Southwest Queens,Annual Average 2009,12/01/2008,9.96,
173655,365,Fine particles (PM 2.5),Mean,mcg/m3,UHF34,405,Ridgewood - Forest Hills,Summer 2010,06/01/2010,11.73,
410927,365,Fine particles (PM 2.5),Mean,mcg/m3,UHF34,405,Ridgewood - Forest Hills,Winter 2015-16,12/01/2015,8.12,
410928,365,Fine particles (PM 2.5),Mean,mcg/m3,UHF34,405,Ridgewood - Forest Hills,Summer 2016,06/01/2016,8.05,
742354,365,Fine particles (PM 2.5),Mean,mcg/m3,UHF34,405,Ridgewood - Forest Hills,Winter 2020-21,12/01/2020,6.72,
173653,365,Fine particles (PM 2.5),Mean,mcg/m3,UHF34,402,West Queens,Summer 2010,06/01/2010,12.34,
173687,365,Fine particles (PM 2.5),Mean,mcg/m3,UHF34,402,West Queens,Summer 2011,06/01/2011,11.92,
742348,365,Fine particles (PM 2.5),Mean,mcg/m3,UHF34,402,West Queens,Winter 2020-21,12/01/2020,7.35,
605803,365,Fine particles (PM 2.5),Mean,mcg/m3,UHF34,201,Greenpoint,Winter 2017-18,12/01/2017,10.07,
173109,365,Fine particles (PM 2.5),Mean,mcg/m3,UHF34,402,West Queens,Winter 2008-09,12/01/2008,13.5,
649789,365,Fine particles (PM 2.5),Mean,mcg/m3,UHF34,101,Kingsbridge - Riverdale,Annual Average 2019,01/01/2019,6.71,
176084,375,Nitrogen dioxide (NO2),Mean,ppb,UHF42,410,Rockaways,Summer 2013,06/01/2013,8.04,
741002,375,Nitrogen dioxide (NO2),Mean,ppb,UHF42,409,Southeast Queens,Summer 2021,06/01/2021,9.95,
"131543,650,Respiratory hospitalizations due to PM2.5 (age 20+),Estimated annual rate,""per 100,000 adults"",UHF42,409,Southeast Queens,2009-2011,01/01/2009,10,"
"518828,650,Respiratory hospitalizations due to PM2.5 (age 20+),Estimated annual rate,""per 100,000 adults"",UHF42,409,Southeast Queens,2012-2014,01/02/2012,6.92,"
"518829,650,Respiratory hospitalizations due to PM2.5 (age 20+),Estimated annual rate,""per 100,000 adults"",UHF42,410,Rockaways,2012-2014,01/02/2012,10.21,"
"628570,650,Respiratory hospitalizations due to PM2.5 (age 20+),Estimated annual rate,""per 100,000 adults"",UHF42,410,Rockaways,2015-2017,01/01/2015,16.9,"
"130899,650,Respiratory hospitalizations due to PM2.5 (age 20+),Estimated annual rate,""per 100,000 adults"",UHF42,210,Coney Island - Sheepshead Bay,2005-2007,01/01/2005,22.3,"
"130920,650,Respiratory hospitalizations due to PM2.5 (age 20+),Estimated annual rate,""per 100,000 adults"",UHF42,410,Rockaways,2005-2007,01/01/2005,30.6,"
"131534,650,Respiratory hospitalizations due to PM2.5 (age 20+),Estimated annual rate,""per 100,000 adults"",UHF42,310,Lower Manhattan,2009-2011,01/01/2009,5.8,"
412540,375,Nitrogen dioxide (NO2),Mean,ppb,UHF42,410,Rockaways,Annual Average 2016,12/31/2015,11.72,
212090,365,Fine particles (PM 2.5),Mean,mcg/m3,UHF34,306308,Chelsea-Village,Annual Average 2014,12/01/2013,12.08,
173151,365,Fine particles (PM 2.5),Mean,mcg/m3,UHF34,306308,Chelsea-Village,Winter 2009-10,12/01/2009,12.59,
605874,365,Fine particles (PM 2.5),Mean,mcg/m3,UHF34,306308,Chelsea-Village,Summer 2018,06/01/2018,10.8,
669626,365,Fine particles (PM 2.5),Mean,mcg/m3,UHF34,306308,Chelsea-Village,Summer 2020,06/01/2020,8.61,
173150,365,Fine particles (PM 2.5),Mean,mcg/m3,UHF34,305307,Upper East Side-Gramercy,Winter 2009-10,12/01/2009,13.02,
212089,365,Fine particles (PM 2.5),Mean,mcg/m3,UHF34,305307,Upper East Side-Gramercy,Annual Average 2014,12/01/2013,12.13,
173218,365,Fine particles (PM 2.5),Mean,mcg/m3,UHF34,305307,Upper East Side-Gramercy,Winter 2011-12,12/01/2011,12.15,
605871,365,Fine particles (PM 2.5),Mean,mcg/m3,UHF34,305307,Upper East Side-Gramercy,Summer 2018,06/01/2018,10.79,
669629,365,Fine particles (PM 2.5),Mean,mcg/m3,UHF34,305307,Upper East Side-Gramercy,Summer 2020,06/01/2020,7.89,
547578,365,Fine particles (PM 2.5),Mean,mcg/m3,UHF34,306308,Chelsea-Village,Summer 2017,06/01/2017,11.11,
547580,365,Fine particles (PM 2.5),Mean,mcg/m3,UHF34,306308,Chelsea-Village,Winter 2016-17,12/01/2016,9.74,
334223,365,Fine particles (PM 2.5),Mean,mcg/m3,CD,202,Hunts Point and Longwood (CD2),Summer 2015,06/01/2015,10.6,
177847,365,Fine particles (PM 2.5),Mean,mcg/m3,UHF42,409,Southeast Queens,Summer 2010,06/01/2010,10.98,
177312,365,Fine particles (PM 2.5),Mean,mcg/m3,UHF42,106,High Bridge - Morrisania,Winter 2012-13,12/01/2012,12.26,
649679,365,Fine particles (PM 2.5),Mean,mcg/m3,UHF42,106,High Bridge - Morrisania,Summer 2019,06/01/2019,8.27,
178468,365,Fine particles (PM 2.5),Mean,mcg/m3,UHF42,310,Lower Manhattan,Annual Average 2010,12/01/2009,12.19,
669846,365,Fine particles (PM 2.5),Mean,mcg/m3,Borough,3,Manhattan,Winter 2019-20,12/01/2019,9.13,
178467,365,Fine particles (PM 2.5),Mean,mcg/m3,UHF42,309,Union Square - Lower East Side,Annual Average 2010,12/01/2009,10.87,
649742,365,Fine particles (PM 2.5),Mean,mcg/m3,UHF42,309,Union Square - Lower East Side,Summer 2019,06/01/2019,10.09,
669759,365,Fine particles (PM 2.5),Mean,mcg/m3,UHF42,309,Union Square - Lower East Side,Winter 2019-20,12/01/2019,10.31,
178457,365,Fine particles (PM 2.5),Mean,mcg/m3,UHF42,210,Coney Island - Sheepshead Bay,Annual Average 2010,12/01/2009,8.89,
605831,365,Fine particles (PM 2.5),Mean,mcg/m3,UHF34,211,Williamsburg - Bushwick,Annual Average 2018,01/01/2018,8.11,
410956,365,Fine particles (PM 2.5),Mean,mcg/m3,UHF34,501502,Northern SI,Annual Average 2016,12/31/2015,6.97,
742382,365,Fine particles (PM 2.5),Mean,mcg/m3,UHF34,501502,Northern SI,Summer 2021,06/01/2021,8.2,
173730,365,Fine particles (PM 2.5),Mean,mcg/m3,UHF34,309310,Union Square-Lower Manhattan,Summer 2012,06/01/2012,11.76,
173764,365,Fine particles (PM 2.5),Mean,mcg/m3,UHF34,309310,Union Square-Lower Manhattan,Summer 2013,06/01/2013,11.69,
410950,365,Fine particles (PM 2.5),Mean,mcg/m3,UHF34,309310,Union Square-Lower Manhattan,Annual Average 2016,12/31/2015,9.18,
742376,365,Fine particles (PM 2.5),Mean,mcg/m3,UHF34,309310,Union Square-Lower Manhattan,Summer 2021,06/01/2021,9.74,
605882,365,Fine particles (PM 2.5),Mean,mcg/m3,UHF34,501502,Northern SI,Annual Average 2018,01/01/2018,6.51,
605876,365,Fine particles (PM 2.5),Mean,mcg/m3,UHF34,309310,Union Square-Lower Manhattan,Annual Average 2018,01/01/2018,8.39,
173766,365,Fine particles (PM 2.5),Mean,mcg/m3,UHF34,501502,Northern SI,Summer 2013,06/01/2013,9.42,
173732,365,Fine particles (PM 2.5),Mean,mcg/m3,UHF34,501502,Northern SI,Summer 2012,06/01/2012,9.9,
174206,365,Fine particles (PM 2.5),Mean,mcg/m3,UHF34,309310,Union Square-Lower Manhattan,Annual Average 2011,12/01/2010,11.71,
174138,365,Fine particles (PM 2.5),Mean,mcg/m3,UHF34,309310,Union Square-Lower Manhattan,Annual Average 2009,12/01/2008,12.39,
669625,365,Fine particles (PM 2.5),Mean,mcg/m3,UHF34,309310,Union Square-Lower Manhattan,Annual Average 2020,01/01/2020,7.65,
649878,365,Fine particles (PM 2.5),Mean,mcg/m3,UHF34,309310,Union Square-Lower Manhattan,Winter 2018-19,12/01/2018,9.83,
211683,375,Nitrogen dioxide (NO2),Mean,ppb,UHF34,309310,Union Square-Lower Manhattan,Summer 2014,06/01/2014,23.06,
643533,375,Nitrogen dioxide (NO2),Mean,ppb,UHF34,309310,Union Square-Lower Manhattan,Winter 2018-19,12/01/2018,26.48,
667483,375,Nitrogen dioxide (NO2),Mean,ppb,UHF34,309310,Union Square-Lower Manhattan,Annual Average 2020,01/01/2020,20.27,
643434,375,Nitrogen dioxide (NO2),Mean,ppb,UHF42,501,Port Richmond,Winter 2018-19,12/01/2018,20.12,
605248,386,Ozone (O3),Mean,ppb,UHF42,301,Washington Heights,Summer 2018,06/01/2018,28.95,
549327,386,Ozone (O3),Mean,ppb,UHF42,101,Kingsbridge - Riverdale,Summer 2017,06/01/2017,27.53,
122026,386,Ozone (O3),Mean,ppb,UHF42,401,Long Island City - Astoria,2-Year Summer Average 2009-2010,06/01/2009,27.57,
605268,386,Ozone (O3),Mean,ppb,UHF42,501,Port Richmond,Summer 2018,06/01/2018,28.48,
670941,386,Ozone (O3),Mean,ppb,UHF42,501,Port Richmond,Summer 2020,06/01/2020,26.96,
174189,365,Fine particles (PM 2.5),Mean,mcg/m3,UHF34,209,Bensonhurst - Bay Ridge,Annual Average 2011,12/01/2010,9.78,
174140,365,Fine particles (PM 2.5),Mean,mcg/m3,UHF34,501502,Northern SI,Annual Average 2009,12/01/2008,9.84,
174208,365,Fine particles (PM 2.5),Mean,mcg/m3,UHF34,501502,Northern SI,Annual Average 2011,12/01/2010,9.49,
211991,365,Fine particles (PM 2.5),Mean,mcg/m3,UHF34,501502,Northern SI,Summer 2014,06/01/2014,8.04,
174172,365,Fine particles (PM 2.5),Mean,mcg/m3,UHF34,309310,Union Square-Lower Manhattan,Annual Average 2010,12/01/2009,11.28,
173254,365,Fine particles (PM 2.5),Mean,mcg/m3,UHF34,309310,Union Square-Lower Manhattan,Winter 2012-13,12/01/2012,12.13,
550151,375,Nitrogen dioxide (NO2),Mean,ppb,CD,412,Jamaica and Hollis (CD12),Annual Average 2017,01/01/2017,17.79,
336876,375,Nitrogen dioxide (NO2),Mean,ppb,CD,410,South Ozone Park and Howard Beach (CD10),Winter 2014-15,12/01/2014,24.13,
166907,375,Nitrogen dioxide (NO2),Mean,ppb,CD,406,Rego Park and Forest Hills (CD6),Summer 2013,06/01/2013,18.07,
412801,375,Nitrogen dioxide (NO2),Mean,ppb,CD,406,Rego Park and Forest Hills (CD6),Annual Average 2016,12/31/2015,19.31,
603074,375,Nitrogen dioxide (NO2),Mean,ppb,CD,406,Rego Park and Forest Hills (CD6),Annual Average 2018,01/01/2018,18.33,
651046,386,Ozone (O3),Mean,ppb,CD,406,Rego Park and Forest Hills (CD6),Summer 2019,06/01/2019,31.03,
167674,375,Nitrogen dioxide (NO2),Mean,ppb,CD,406,Rego Park and Forest Hills (CD6),Annual Average 2011,12/01/2010,24.11,
167556,375,Nitrogen dioxide (NO2),Mean,ppb,CD,406,Rego Park and Forest Hills (CD6),Annual Average 2009,12/01/2008,24.98,
213447,375,Nitrogen dioxide (NO2),Mean,ppb,CD,406,Rego Park and Forest Hills (CD6),Summer 2014,06/01/2014,15.65,
336862,375,Nitrogen dioxide (NO2),Mean,ppb,CD,406,Rego Park and Forest Hills (CD6),Annual Average 2015,01/01/2015,20.01,
643692,375,Nitrogen dioxide (NO2),Mean,ppb,CD,406,Rego Park and Forest Hills (CD6),Winter 2018-19,12/01/2018,21.88,
667801,375,Nitrogen dioxide (NO2),Mean,ppb,CD,406,Rego Park and Forest Hills (CD6),Annual Average 2020,01/01/2020,15.71,
338296,386,Ozone (O3),Mean,ppb,CD,406,Rego Park and Forest Hills (CD6),Summer 2015,06/01/2015,31.08,
643643,375,Nitrogen dioxide (NO2),Mean,ppb,CD,308,Crown Heights and Prospect Heights (CD8),Summer 2019,06/01/2019,15.08,
216455,386,Ozone (O3),Mean,ppb,CD,306,Park Slope and Carroll Gardens (CD6),Summer 2012,06/01/2012,30.97,
743618,386,Ozone (O3),Mean,ppb,CD,308,Crown Heights and Prospect Heights (CD8),Summer 2021,06/01/2021,29.91,
216575,386,Ozone (O3),Mean,ppb,CD,408,Hillcrest and Fresh Meadows (CD8),Summer 2012,06/01/2012,33.05,
216576,386,Ozone (O3),Mean,ppb,CD,408,Hillcrest and Fresh Meadows (CD8),Summer 2013,06/01/2013,30.38,
743600,386,Ozone (O3),Mean,ppb,CD,408,Hillcrest and Fresh Meadows (CD8),Summer 2021,06/01/2021,30.29,
216456,386,Ozone (O3),Mean,ppb,CD,306,Park Slope and Carroll Gardens (CD6),Summer 2013,06/01/2013,28.35,
216468,386,Ozone (O3),Mean,ppb,CD,308,Crown Heights and Prospect Heights (CD8),Summer 2013,06/01/2013,29.02,
216467,386,Ozone (O3),Mean,ppb,CD,308,Crown Heights and Prospect Heights (CD8),Summer 2012,06/01/2012,31.48,
603080,375,Nitrogen dioxide (NO2),Mean,ppb,CD,408,Hillcrest and Fresh Meadows (CD8),Annual Average 2018,01/01/2018,17.15,
167735,375,Nitrogen dioxide (NO2),Mean,ppb,CD,408,Hillcrest and Fresh Meadows (CD8),Annual Average 2012,12/01/2011,19.36,
167733,375,Nitrogen dioxide (NO2),Mean,ppb,CD,406,Rego Park and Forest Hills (CD6),Annual Average 2012,12/01/2011,21.83,
121661,386,Ozone (O3),Mean,ppb,CD,206,Belmont and East Tremont (CD6),2-Year Summer Average 2009-2010,06/01/2009,27.12,
549423,386,Ozone (O3),Mean,ppb,CD,208,Riverdale and Fieldston (CD8),Summer 2017,06/01/2017,27.7,
671100,386,Ozone (O3),Mean,ppb,CD,406,Rego Park and Forest Hills (CD6),Summer 2020,06/01/2020,29.99,
"151586,661,Asthma hospitalizations due to Ozone,Estimated annual rate (age 18+),""per 100,000 adults"",UHF42,205,Sunset Park,2009-2011,01/01/2009,6.5,"
"151577,661,Asthma hospitalizations due to Ozone,Estimated annual rate (age 18+),""per 100,000 adults"",UHF42,103,Fordham - Bronx Pk,2009-2011,01/01/2009,14.4,"
"151607,661,Asthma hospitalizations due to Ozone,Estimated annual rate (age 18+),""per 100,000 adults"",UHF42,405,Ridgewood - Forest Hills,2009-2011,01/01/2009,3.4,"
"151595,661,Asthma hospitalizations due to Ozone,Estimated annual rate (age 18+),""per 100,000 adults"",UHF42,303,East Harlem,2009-2011,01/01/2009,17.4,"
172626,375,Nitrogen dioxide (NO2),Mean,ppb,UHF34,210,Coney Island - Sheepshead Bay,Annual Average 2010,12/01/2009,19.01,
172639,375,Nitrogen dioxide (NO2),Mean,ppb,UHF34,410,Rockaways,Annual Average 2010,12/01/2009,14.07,
336695,375,Nitrogen dioxide (NO2),Mean,ppb,UHF34,410,Rockaways,Summer 2015,06/01/2015,6.99,
221948,386,Ozone (O3),Mean,ppb,UHF34,410,Rockaways,Summer 2012,06/01/2012,40.3,
177934,365,Fine particles (PM 2.5),Mean,mcg/m3,UHF42,502,Stapleton - St. George,Summer 2012,06/01/2012,9.78,
410854,365,Fine particles (PM 2.5),Mean,mcg/m3,UHF42,502,Stapleton - St. George,Annual Average 2016,12/31/2015,6.8,
742280,365,Fine particles (PM 2.5),Mean,mcg/m3,UHF42,502,Stapleton - St. George,Summer 2021,06/01/2021,8.15,
410939,365,Fine particles (PM 2.5),Mean,mcg/m3,UHF34,410,Rockaways,Winter 2015-16,12/01/2015,5.92,
410940,365,Fine particles (PM 2.5),Mean,mcg/m3,UHF34,410,Rockaways,Summer 2016,06/01/2016,6.87,
173659,365,Fine particles (PM 2.5),Mean,mcg/m3,UHF34,410,Rockaways,Summer 2010,06/01/2010,10.74,
605780,365,Fine particles (PM 2.5),Mean,mcg/m3,UHF42,502,Stapleton - St. George,Annual Average 2018,01/01/2018,6.36,
177966,365,Fine particles (PM 2.5),Mean,mcg/m3,UHF42,402,West Queens,Summer 2013,06/01/2013,10.71,
177924,365,Fine particles (PM 2.5),Mean,mcg/m3,UHF42,402,West Queens,Summer 2012,06/01/2012,10.77,
410824,365,Fine particles (PM 2.5),Mean,mcg/m3,UHF42,402,West Queens,Annual Average 2016,12/31/2015,8.14,
605750,365,Fine particles (PM 2.5),Mean,mcg/m3,UHF42,402,West Queens,Annual Average 2018,01/01/2018,7.57,
334040,365,Fine particles (PM 2.5),Mean,mcg/m3,UHF42,402,West Queens,Summer 2015,06/01/2015,9.98,
177346,365,Fine particles (PM 2.5),Mean,mcg/m3,UHF42,502,Stapleton - St. George,Winter 2012-13,12/01/2012,9.55,
334070,365,Fine particles (PM 2.5),Mean,mcg/m3,UHF42,502,Stapleton - St. George,Summer 2015,06/01/2015,8.68,
178480,365,Fine particles (PM 2.5),Mean,mcg/m3,UHF42,502,Stapleton - St. George,Annual Average 2010,12/01/2009,8.64,
649781,365,Fine particles (PM 2.5),Mean,mcg/m3,UHF42,502,Stapleton - St. George,Summer 2019,06/01/2019,7.43,
669720,365,Fine particles (PM 2.5),Mean,mcg/m3,UHF42,502,Stapleton - St. George,Winter 2019-20,12/01/2019,7.24,
221949,386,Ozone (O3),Mean,ppb,UHF34,410,Rockaways,Summer 2013,06/01/2013,36.84,
743658,386,Ozone (O3),Mean,ppb,UHF34,410,Rockaways,Summer 2021,06/01/2021,34.81,
412633,375,Nitrogen dioxide (NO2),Mean,ppb,UHF34,410,Rockaways,Annual Average 2016,12/31/2015,11.72,
602906,375,Nitrogen dioxide (NO2),Mean,ppb,UHF34,410,Rockaways,Annual Average 2018,01/01/2018,10.52,
649782,365,Fine particles (PM 2.5),Mean,mcg/m3,UHF42,502,Stapleton - St. George,Winter 2018-19,12/01/2018,6.44,
669721,365,Fine particles (PM 2.5),Mean,mcg/m3,UHF42,502,Stapleton - St. George,Annual Average 2020,01/01/2020,5.7,
178428,365,Fine particles (PM 2.5),Mean,mcg/m3,UHF42,402,West Queens,Annual Average 2009,12/01/2008,10.99,
178512,365,Fine particles (PM 2.5),Mean,mcg/m3,UHF42,402,West Queens,Annual Average 2011,12/01/2010,10.6,
212823,365,Fine particles (PM 2.5),Mean,mcg/m3,UHF42,402,West Queens,Summer 2014,06/01/2014,9.05,
649752,365,Fine particles (PM 2.5),Mean,mcg/m3,UHF42,402,West Queens,Winter 2018-19,12/01/2018,8.01,
669751,365,Fine particles (PM 2.5),Mean,mcg/m3,UHF42,402,West Queens,Annual Average 2020,01/01/2020,6.56,
742366,365,Fine particles (PM 2.5),Mean,mcg/m3,UHF34,410,Rockaways,Winter 2020-21,12/01/2020,6.33,
174169,365,Fine particles (PM 2.5),Mean,mcg/m3,UHF34,410,Rockaways,Annual Average 2010,12/01/2009,7.99,
173761,365,Fine particles (PM 2.5),Mean,mcg/m3,UHF34,410,Rockaways,Summer 2013,06/01/2013,9.45,
173727,365,Fine particles (PM 2.5),Mean,mcg/m3,UHF34,410,Rockaways,Summer 2012,06/01/2012,9.41,
410960,365,Fine particles (PM 2.5),Mean,mcg/m3,UHF34,105106107,South Bronx,Winter 2015-16,12/01/2015,8.76,
742387,365,Fine particles (PM 2.5),Mean,mcg/m3,UHF34,105106107,South Bronx,Winter 2020-21,12/01/2020,6.84,
173657,365,Fine particles (PM 2.5),Mean,mcg/m3,UHF34,408,Jamaica,Summer 2010,06/01/2010,11.39,
173691,365,Fine particles (PM 2.5),Mean,mcg/m3,UHF34,408,Jamaica,Summer 2011,06/01/2011,11.15,
410933,365,Fine particles (PM 2.5),Mean,mcg/m3,UHF34,408,Jamaica,Winter 2015-16,12/01/2015,7.42,
410934,365,Fine particles (PM 2.5),Mean,mcg/m3,UHF34,408,Jamaica,Summer 2016,06/01/2016,7.57,
742316,365,Fine particles (PM 2.5),Mean,mcg/m3,UHF34,206,Borough Park,Summer 2021,06/01/2021,8.34,
173712,365,Fine particles (PM 2.5),Mean,mcg/m3,UHF34,208,Canarsie - Flatlands,Summer 2012,06/01/2012,9.95,
221937,386,Ozone (O3),Mean,ppb,UHF34,408,Jamaica,Summer 2013,06/01/2013,31.12,
172204,375,Nitrogen dioxide (NO2),Mean,ppb,UHF34,105106107,South Bronx,Summer 2012,06/01/2012,18.99,
412654,375,Nitrogen dioxide (NO2),Mean,ppb,UHF34,105106107,South Bronx,Annual Average 2016,12/31/2015,20.38,
172195,375,Nitrogen dioxide (NO2),Mean,ppb,UHF34,408,Jamaica,Summer 2012,06/01/2012,16.21,
172229,375,Nitrogen dioxide (NO2),Mean,ppb,UHF34,408,Jamaica,Summer 2013,06/01/2013,16.57,
412627,375,Nitrogen dioxide (NO2),Mean,ppb,UHF34,408,Jamaica,Annual Average 2016,12/31/2015,17.56,
173746,365,Fine particles (PM 2.5),Mean,mcg/m3,UHF34,208,Canarsie - Flatlands,Summer 2013,06/01/2013,9.85,
410896,365,Fine particles (PM 2.5),Mean,mcg/m3,UHF34,208,Canarsie - Flatlands,Annual Average 2016,12/31/2015,7.12,
605861,365,Fine particles (PM 2.5),Mean,mcg/m3,UHF34,408,Jamaica,Annual Average 2018,01/01/2018,6.69,
742361,365,Fine particles (PM 2.5),Mean,mcg/m3,UHF34,408,Jamaica,Summer 2021,06/01/2021,7.98,
173734,365,Fine particles (PM 2.5),Mean,mcg/m3,UHF34,105106107,South Bronx,Summer 2012,06/01/2012,11.02,
173720,365,Fine particles (PM 2.5),Mean,mcg/m3,UHF34,401,Long Island City - Astoria,Summer 2012,06/01/2012,11.18,
173768,365,Fine particles (PM 2.5),Mean,mcg/m3,UHF34,105106107,South Bronx,Summer 2013,06/01/2013,10.93,
605888,365,Fine particles (PM 2.5),Mean,mcg/m3,UHF34,105106107,South Bronx,Annual Average 2018,01/01/2018,7.7,
742388,365,Fine particles (PM 2.5),Mean,mcg/m3,UHF34,105106107,South Bronx,Summer 2021,06/01/2021,8.79,
173725,365,Fine particles (PM 2.5),Mean,mcg/m3,UHF34,408,Jamaica,Summer 2012,06/01/2012,9.98,
173759,365,Fine particles (PM 2.5),Mean,mcg/m3,UHF34,408,Jamaica,Summer 2013,06/01/2013,10.07,
410935,365,Fine particles (PM 2.5),Mean,mcg/m3,UHF34,408,Jamaica,Annual Average 2016,12/31/2015,6.99,
410962,365,Fine particles (PM 2.5),Mean,mcg/m3,UHF34,105106107,South Bronx,Annual Average 2016,12/31/2015,8.21,
172612,375,Nitrogen dioxide (NO2),Mean,ppb,UHF34,105106107,South Bronx,Annual Average 2009,12/01/2008,27.72,
172680,375,Nitrogen dioxide (NO2),Mean,ppb,UHF34,105106107,South Bronx,Annual Average 2011,12/01/2010,25.46,
667047,375,Nitrogen dioxide (NO2),Mean,ppb,Borough,4,Queens,Summer 2020,06/01/2020,10,
174201,365,Fine particles (PM 2.5),Mean,mcg/m3,UHF34,408,Jamaica,Annual Average 2011,12/01/2010,9.57,
174133,365,Fine particles (PM 2.5),Mean,mcg/m3,UHF34,408,Jamaica,Annual Average 2009,12/01/2008,9.95,
211984,365,Fine particles (PM 2.5),Mean,mcg/m3,UHF34,408,Jamaica,Summer 2014,06/01/2014,8.1,
334150,365,Fine particles (PM 2.5),Mean,mcg/m3,UHF34,408,Jamaica,Annual Average 2015,01/01/2015,8.2,
649863,365,Fine particles (PM 2.5),Mean,mcg/m3,UHF34,408,Jamaica,Winter 2018-19,12/01/2018,6.93,
669640,365,Fine particles (PM 2.5),Mean,mcg/m3,UHF34,408,Jamaica,Annual Average 2020,01/01/2020,5.97,
174162,365,Fine particles (PM 2.5),Mean,mcg/m3,UHF34,401,Long Island City - Astoria,Annual Average 2010,12/01/2009,10.05,
334064,365,Fine particles (PM 2.5),Mean,mcg/m3,UHF42,410,Rockaways,Summer 2015,06/01/2015,8.29,
547575,365,Fine particles (PM 2.5),Mean,mcg/m3,UHF34,305307,Upper East Side-Gramercy,Summer 2017,06/01/2017,10.93,
547577,365,Fine particles (PM 2.5),Mean,mcg/m3,UHF34,305307,Upper East Side-Gramercy,Winter 2016-17,12/01/2016,9.76,
173605,365,Fine particles (PM 2.5),Mean,mcg/m3,UHF34,203,Bedford Stuyvesant - Crown Heights,Summer 2009,06/01/2009,10.92,
547513,365,Fine particles (PM 2.5),Mean,mcg/m3,UHF34,203,Bedford Stuyvesant - Crown Heights,Annual Average 2017,01/01/2017,7.53,
173606,365,Fine particles (PM 2.5),Mean,mcg/m3,UHF34,204,East New York,Summer 2009,06/01/2009,10.79,
334101,365,Fine particles (PM 2.5),Mean,mcg/m3,UHF34,204,East New York,Winter 2014-15,12/01/2014,9.12,
742311,365,Fine particles (PM 2.5),Mean,mcg/m3,UHF34,204,East New York,Annual Average 2021,01/01/2021,6.55,
174247,365,Fine particles (PM 2.5),Mean,mcg/m3,UHF34,103,Fordham - Bronx Pk,Annual Average 2013,12/01/2012,9.06,
173159,365,Fine particles (PM 2.5),Mean,mcg/m3,UHF34,103,Fordham - Bronx Pk,Winter 2010-11,12/01/2010,13.92,
173601,365,Fine particles (PM 2.5),Mean,mcg/m3,UHF34,103,Fordham - Bronx Pk,Summer 2009,06/01/2009,10.6,
173160,365,Fine particles (PM 2.5),Mean,mcg/m3,UHF34,104,Pelham - Throgs Neck,Winter 2010-11,12/01/2010,13.3,
173616,365,Fine particles (PM 2.5),Mean,mcg/m3,UHF34,303,East Harlem,Summer 2009,06/01/2009,11.5,
174263,365,Fine particles (PM 2.5),Mean,mcg/m3,UHF34,304,Upper West Side,Annual Average 2013,12/01/2012,10.35,
173175,365,Fine particles (PM 2.5),Mean,mcg/m3,UHF34,304,Upper West Side,Winter 2010-11,12/01/2010,14.37,
334134,365,Fine particles (PM 2.5),Mean,mcg/m3,UHF34,304,Upper West Side,Winter 2014-15,12/01/2014,10.57,
742371,365,Fine particles (PM 2.5),Mean,mcg/m3,UHF34,305307,Upper East Side-Gramercy,Annual Average 2021,01/01/2021,7.55,
173627,365,Fine particles (PM 2.5),Mean,mcg/m3,UHF34,306308,Chelsea-Village,Summer 2009,06/01/2009,13.83,
176083,375,Nitrogen dioxide (NO2),Mean,ppb,UHF42,409,Southeast Queens,Summer 2013,06/01/2013,14.59,
176041,375,Nitrogen dioxide (NO2),Mean,ppb,UHF42,409,Southeast Queens,Summer 2012,06/01/2012,14.32,
338188,386,Ozone (O3),Mean,ppb,UHF42,210,Coney Island - Sheepshead Bay,Summer 2015,06/01/2015,35.01,
650938,386,Ozone (O3),Mean,ppb,UHF42,210,Coney Island - Sheepshead Bay,Summer 2019,06/01/2019,33.33,
179290,375,Nitrogen dioxide (NO2),Mean,ppb,Borough,3,Manhattan,Winter 2012-13,12/01/2012,31.61,
212442,375,Nitrogen dioxide (NO2),Mean,ppb,UHF42,309,Union Square - Lower East Side,Summer 2014,06/01/2014,22.11,
212452,375,Nitrogen dioxide (NO2),Mean,ppb,UHF42,409,Southeast Queens,Summer 2014,06/01/2014,12.08,
176546,375,Nitrogen dioxide (NO2),Mean,ppb,UHF42,410,Rockaways,Annual Average 2009,12/01/2008,14.68,
176630,375,Nitrogen dioxide (NO2),Mean,ppb,UHF42,410,Rockaways,Annual Average 2011,12/01/2010,14.27,
212453,375,Nitrogen dioxide (NO2),Mean,ppb,UHF42,410,Rockaways,Summer 2014,06/01/2014,7.44,
221959,386,Ozone (O3),Mean,ppb,UHF34,306308,Chelsea-Village,Summer 2011,06/01/2011,24.87,
412064,386,Ozone (O3),Mean,ppb,UHF34,306308,Chelsea-Village,Summer 2016,06/01/2016,29.19,
221953,386,Ozone (O3),Mean,ppb,UHF34,305307,Upper East Side-Gramercy,Summer 2011,06/01/2011,25.21,
412063,386,Ozone (O3),Mean,ppb,UHF34,305307,Upper East Side-Gramercy,Summer 2016,06/01/2016,28.92,
221803,386,Ozone (O3),Mean,ppb,UHF34,103,Fordham - Bronx Pk,Summer 2011,06/01/2011,32.08,
221952,386,Ozone (O3),Mean,ppb,UHF34,305307,Upper East Side-Gramercy,Summer 2010,06/01/2010,26.19,
166652,375,Nitrogen dioxide (NO2),Mean,ppb,CD,305,East New York and Starrett City (CD5),Summer 2009,06/01/2009,18.95,
167773,375,Nitrogen dioxide (NO2),Mean,ppb,CD,305,East New York and Starrett City (CD5),Annual Average 2013,12/01/2012,19.75,
741210,375,Nitrogen dioxide (NO2),Mean,ppb,CD,305,East New York and Starrett City (CD5),Annual Average 2021,01/01/2021,15.86,
166729,375,Nitrogen dioxide (NO2),Mean,ppb,CD,405,Ridgewood and Maspeth (CD5),Summer 2010,06/01/2010,18.4,
166788,375,Nitrogen dioxide (NO2),Mean,ppb,CD,405,Ridgewood and Maspeth (CD5),Summer 2011,06/01/2011,18.46,
412527,375,Nitrogen dioxide (NO2),Mean,ppb,UHF42,406,Fresh Meadows,Summer 2016,06/01/2016,13.7,
175898,375,Nitrogen dioxide (NO2),Mean,ppb,UHF42,302,Central Harlem - Morningside Heights,Summer 2009,06/01/2009,28.08,
176696,375,Nitrogen dioxide (NO2),Mean,ppb,UHF42,302,Central Harlem - Morningside Heights,Annual Average 2013,12/01/2012,25.36,
336859,375,Nitrogen dioxide (NO2),Mean,ppb,CD,405,Ridgewood and Maspeth (CD5),Annual Average 2015,01/01/2015,19.37,
167673,375,Nitrogen dioxide (NO2),Mean,ppb,CD,405,Ridgewood and Maspeth (CD5),Annual Average 2011,12/01/2010,23.31,
154599,643,Annual vehicle miles traveled,million miles,per km2,CD,316,Brownsville (CD16),2005,01/01/2005,33.5,
154576,643,Annual vehicle miles traveled,million miles,per km2,CD,205,Fordham and University Heights (CD5),2005,01/01/2005,52,
154588,643,Annual vehicle miles traveled,million miles,per km2,CD,305,East New York and Starrett City (CD5),2005,01/01/2005,22.3,
151642,643,Annual vehicle miles traveled,million miles,per km2,UHF42,302,Central Harlem - Morningside Heights,2005,01/01/2005,36.9,
154547,644,Annual vehicle miles travelled (cars),million miles,per km2,CD,405,Ridgewood and Maspeth (CD5),2005,01/01/2005,22.7,
167555,375,Nitrogen dioxide (NO2),Mean,ppb,CD,405,Ridgewood and Maspeth (CD5),Annual Average 2009,12/01/2008,24.06,
175356,375,Nitrogen dioxide (NO2),Mean,ppb,UHF42,306,Chelsea - Clinton,Winter 2010-11,12/01/2010,39.66,
176700,375,Nitrogen dioxide (NO2),Mean,ppb,UHF42,306,Chelsea - Clinton,Annual Average 2013,12/01/2012,33.35,
667196,375,Nitrogen dioxide (NO2),Mean,ppb,UHF42,306,Chelsea - Clinton,Winter 2019-20,12/01/2019,33.6,
667753,375,Nitrogen dioxide (NO2),Mean,ppb,CD,316,Brownsville (CD16),Annual Average 2020,01/01/2020,16.79,
166781,375,Nitrogen dioxide (NO2),Mean,ppb,CD,316,Brownsville (CD16),Summer 2011,06/01/2011,19.48,
166722,375,Nitrogen dioxide (NO2),Mean,ppb,CD,316,Brownsville (CD16),Summer 2010,06/01/2010,19.57,
336590,375,Nitrogen dioxide (NO2),Mean,ppb,UHF42,406,Fresh Meadows,Summer 2015,06/01/2015,13.97,
643418,375,Nitrogen dioxide (NO2),Mean,ppb,UHF42,406,Fresh Meadows,Summer 2019,06/01/2019,12.64,
667256,375,Nitrogen dioxide (NO2),Mean,ppb,UHF42,406,Fresh Meadows,Winter 2019-20,12/01/2019,22.53,
122017,386,Ozone (O3),Mean,ppb,UHF42,302,Central Harlem - Morningside Heights,2-Year Summer Average 2009-2010,06/01/2009,25.43,
212575,375,Nitrogen dioxide (NO2),Mean,ppb,UHF42,406,Fresh Meadows,Annual Average 2014,12/01/2013,19.26,
167666,375,Nitrogen dioxide (NO2),Mean,ppb,CD,316,Brownsville (CD16),Annual Average 2011,12/01/2010,24.23,
167548,375,Nitrogen dioxide (NO2),Mean,ppb,CD,316,Brownsville (CD16),Annual Average 2009,12/01/2008,25.63,
216559,386,Ozone (O3),Mean,ppb,CD,405,Ridgewood and Maspeth (CD5),Summer 2014,06/01/2014,31.54,
216517,386,Ozone (O3),Mean,ppb,CD,316,Brownsville (CD16),Summer 2014,06/01/2014,31.19,
216451,386,Ozone (O3),Mean,ppb,CD,305,East New York and Starrett City (CD5),Summer 2014,06/01/2014,32.3,
741279,375,Nitrogen dioxide (NO2),Mean,ppb,CD,410,South Ozone Park and Howard Beach (CD10),Annual Average 2021,01/01/2021,14.64,
172678,375,Nitrogen dioxide (NO2),Mean,ppb,UHF34,501502,Northern SI,Annual Average 2011,12/01/2010,19.28,
172610,375,Nitrogen dioxide (NO2),Mean,ppb,UHF34,501502,Northern SI,Annual Average 2009,12/01/2008,19.44,
336703,375,Nitrogen dioxide (NO2),Mean,ppb,UHF34,309310,Union Square-Lower Manhattan,Annual Average 2015,01/01/2015,25.4,
334166,365,Fine particles (PM 2.5),Mean,mcg/m3,UHF34,309310,Union Square-Lower Manhattan,Summer 2015,06/01/2015,10.68,
669624,365,Fine particles (PM 2.5),Mean,mcg/m3,UHF34,309310,Union Square-Lower Manhattan,Winter 2019-20,12/01/2019,10.18,
649877,365,Fine particles (PM 2.5),Mean,mcg/m3,UHF34,309310,Union Square-Lower Manhattan,Summer 2019,06/01/2019,9.91,
173256,365,Fine particles (PM 2.5),Mean,mcg/m3,UHF34,501502,Northern SI,Winter 2012-13,12/01/2012,9.73,
174174,365,Fine particles (PM 2.5),Mean,mcg/m3,UHF34,501502,Northern SI,Annual Average 2010,12/01/2009,8.77,
168663,365,Fine particles (PM 2.5),Mean,mcg/m3,CD,310,Bay Ridge and Dyker Heights (CD10),Winter 2012-13,12/01/2012,10.06,
170256,365,Fine particles (PM 2.5),Mean,mcg/m3,CD,310,Bay Ridge and Dyker Heights (CD10),Annual Average 2010,12/01/2009,9.41,
334289,365,Fine particles (PM 2.5),Mean,mcg/m3,CD,312,Borough Park (CD12),Summer 2015,06/01/2015,9.19,
669914,365,Fine particles (PM 2.5),Mean,mcg/m3,CD,312,Borough Park (CD12),Winter 2019-20,12/01/2019,7.54,
168651,365,Fine particles (PM 2.5),Mean,mcg/m3,CD,210,Throgs Neck and Co-op City (CD10),Winter 2012-13,12/01/2012,10.29,
649958,365,Fine particles (PM 2.5),Mean,mcg/m3,CD,210,Throgs Neck and Co-op City (CD10),Summer 2019,06/01/2019,7.73,
168653,365,Fine particles (PM 2.5),Mean,mcg/m3,CD,212,Williamsbridge and Baychester (CD12),Winter 2012-13,12/01/2012,10.59,
170246,365,Fine particles (PM 2.5),Mean,mcg/m3,CD,212,Williamsbridge and Baychester (CD12),Annual Average 2010,12/01/2009,9.6,
669878,365,Fine particles (PM 2.5),Mean,mcg/m3,CD,212,Williamsbridge and Baychester (CD12),Winter 2019-20,12/01/2019,6.53,
170276,365,Fine particles (PM 2.5),Mean,mcg/m3,CD,412,Jamaica and Hollis (CD12),Annual Average 2010,12/01/2009,9.22,
411067,365,Fine particles (PM 2.5),Mean,mcg/m3,CD,310,Bay Ridge and Dyker Heights (CD10),Annual Average 2016,12/31/2015,7.39,
605993,365,Fine particles (PM 2.5),Mean,mcg/m3,CD,310,Bay Ridge and Dyker Heights (CD10),Annual Average 2018,01/01/2018,6.79,
169536,365,Fine particles (PM 2.5),Mean,mcg/m3,CD,210,Throgs Neck and Co-op City (CD10),Summer 2013,06/01/2013,10.25,
411031,365,Fine particles (PM 2.5),Mean,mcg/m3,CD,210,Throgs Neck and Co-op City (CD10),Annual Average 2016,12/31/2015,7.51,
169538,365,Fine particles (PM 2.5),Mean,mcg/m3,CD,212,Williamsbridge and Baychester (CD12),Summer 2013,06/01/2013,10.06,
742547,365,Fine particles (PM 2.5),Mean,mcg/m3,CD,410,South Ozone Park and Howard Beach (CD10),Summer 2021,06/01/2021,7.78,
169568,365,Fine particles (PM 2.5),Mean,mcg/m3,CD,412,Jamaica and Hollis (CD12),Summer 2013,06/01/2013,10.07,
547705,365,Fine particles (PM 2.5),Mean,mcg/m3,CD,312,Borough Park (CD12),Annual Average 2017,01/01/2017,7.29,
169312,365,Fine particles (PM 2.5),Mean,mcg/m3,CD,310,Bay Ridge and Dyker Heights (CD10),Summer 2009,06/01/2009,10.77,
170433,365,Fine particles (PM 2.5),Mean,mcg/m3,CD,310,Bay Ridge and Dyker Heights (CD10),Annual Average 2013,12/01/2012,8.41,
334284,365,Fine particles (PM 2.5),Mean,mcg/m3,CD,310,Bay Ridge and Dyker Heights (CD10),Winter 2014-15,12/01/2014,8.74,
"131403,657,Asthma emergency department visits due to PM2.5,Estimated annual rate (age 18+),""per 100,000 adults"",UHF42,503,Willowbrook,2009-2011,01/01/2009,16,"
"131326,661,Asthma hospitalizations due to Ozone,Estimated annual rate (age 18+),""per 100,000 adults"",UHF42,205,Sunset Park,2005-2007,01/01/2005,6.4,"
"131347,661,Asthma hospitalizations due to Ozone,Estimated annual rate (age 18+),""per 100,000 adults"",UHF42,405,Ridgewood - Forest Hills,2005-2007,01/01/2005,4.2,"
"518976,657,Asthma emergency department visits due to PM2.5,Estimated annual rate (age 18+),""per 100,000 adults"",UHF42,503,Willowbrook,2012-2014,01/02/2012,15.9,"
"628525,657,Asthma emergency department visits due to PM2.5,Estimated annual rate (age 18+),""per 100,000 adults"",UHF42,503,Willowbrook,2015-2017,01/01/2015,12.9,"
"628517,657,Asthma emergency department visits due to PM2.5,Estimated annual rate (age 18+),""per 100,000 adults"",UHF42,405,Ridgewood - Forest Hills,2015-2017,01/01/2015,12.8,"
741267,375,Nitrogen dioxide (NO2),Mean,ppb,CD,406,Rego Park and Forest Hills (CD6),Annual Average 2021,01/01/2021,15.83,
167794,375,Nitrogen dioxide (NO2),Mean,ppb,CD,408,Hillcrest and Fresh Meadows (CD8),Annual Average 2013,12/01/2012,18.69,
550139,375,Nitrogen dioxide (NO2),Mean,ppb,CD,408,Hillcrest and Fresh Meadows (CD8),Annual Average 2017,01/01/2017,17.66,
741273,375,Nitrogen dioxide (NO2),Mean,ppb,CD,408,Hillcrest and Fresh Meadows (CD8),Annual Average 2021,01/01/2021,14.66,
412807,375,Nitrogen dioxide (NO2),Mean,ppb,CD,408,Hillcrest and Fresh Meadows (CD8),Annual Average 2016,12/31/2015,17.63,
166830,375,Nitrogen dioxide (NO2),Mean,ppb,CD,306,Park Slope and Carroll Gardens (CD6),Summer 2012,06/01/2012,19.35,
"518918,648,Asthma emergency department visits due to PM2.5,Estimated annual rate (under age 18),""per 100,000 children"",UHF42,403,Flushing - Clearview,2012-2014,01/02/2012,29.26,"
"518928,648,Asthma emergency department visits due to PM2.5,Estimated annual rate (under age 18),""per 100,000 children"",UHF42,503,Willowbrook,2012-2014,01/02/2012,26.74,"
"628477,648,Asthma emergency department visits due to PM2.5,Estimated annual rate (under age 18),""per 100,000 children"",UHF42,503,Willowbrook,2015-2017,01/01/2015,18.8,"
"131441,648,Asthma emergency department visits due to PM2.5,Estimated annual rate (under age 18),""per 100,000 children"",UHF42,403,Flushing - Clearview,2009-2011,01/01/2009,38,"
"131443,648,Asthma emergency department visits due to PM2.5,Estimated annual rate (under age 18),""per 100,000 children"",UHF42,405,Ridgewood - Forest Hills,2009-2011,01/01/2009,51.1,"
"628469,648,Asthma emergency department visits due to PM2.5,Estimated annual rate (under age 18),""per 100,000 children"",UHF42,405,Ridgewood - Forest Hills,2015-2017,01/01/2015,32.2,"
"628467,648,Asthma emergency department visits due to PM2.5,Estimated annual rate (under age 18),""per 100,000 children"",UHF42,403,Flushing - Clearview,2015-2017,01/01/2015,29.4,"
"518920,648,Asthma emergency department visits due to PM2.5,Estimated annual rate (under age 18),""per 100,000 children"",UHF42,405,Ridgewood - Forest Hills,2012-2014,01/02/2012,43.55,"
"130789,648,Asthma emergency department visits due to PM2.5,Estimated annual rate (under age 18),""per 100,000 children"",UHF42,103,Fordham - Bronx Pk,2005-2007,01/01/2005,167.2,"
412088,386,Ozone (O3),Mean,ppb,CD,206,Belmont and East Tremont (CD6),Summer 2016,06/01/2016,32.5,
216393,386,Ozone (O3),Mean,ppb,CD,208,Riverdale and Fieldston (CD8),Summer 2010,06/01/2010,31.97,
741211,375,Nitrogen dioxide (NO2),Mean,ppb,CD,306,Park Slope and Carroll Gardens (CD6),Winter 2020-21,12/01/2020,23.8,
741217,375,Nitrogen dioxide (NO2),Mean,ppb,CD,308,Crown Heights and Prospect Heights (CD8),Winter 2020-21,12/01/2020,23.31,
166789,375,Nitrogen dioxide (NO2),Mean,ppb,CD,406,Rego Park and Forest Hills (CD6),Summer 2011,06/01/2011,19.58,
166730,375,Nitrogen dioxide (NO2),Mean,ppb,CD,406,Rego Park and Forest Hills (CD6),Summer 2010,06/01/2010,19.61,
211859,365,Fine particles (PM 2.5),Mean,mcg/m3,UHF34,102,Northeast Bronx,Winter 2013-14,12/01/2013,12.2,
669699,365,Fine particles (PM 2.5),Mean,mcg/m3,UHF34,201,Greenpoint,Winter 2019-20,12/01/2019,8.59,
649805,365,Fine particles (PM 2.5),Mean,mcg/m3,UHF34,202,Downtown - Heights - Slope,Summer 2019,06/01/2019,8.9,
174163,365,Fine particles (PM 2.5),Mean,mcg/m3,UHF34,402,West Queens,Annual Average 2010,12/01/2009,9.89,
173247,365,Fine particles (PM 2.5),Mean,mcg/m3,UHF34,405,Ridgewood - Forest Hills,Winter 2012-13,12/01/2012,10.07,
174165,365,Fine particles (PM 2.5),Mean,mcg/m3,UHF34,405,Ridgewood - Forest Hills,Annual Average 2010,12/01/2009,9.52,
334145,365,Fine particles (PM 2.5),Mean,mcg/m3,UHF34,405,Ridgewood - Forest Hills,Summer 2015,06/01/2015,9.33,
649856,365,Fine particles (PM 2.5),Mean,mcg/m3,UHF34,405,Ridgewood - Forest Hills,Summer 2019,06/01/2019,7.91,
605789,365,Fine particles (PM 2.5),Mean,mcg/m3,UHF34,101,Kingsbridge - Riverdale,Annual Average 2018,01/01/2018,6.95,
742289,365,Fine particles (PM 2.5),Mean,mcg/m3,UHF34,101,Kingsbridge - Riverdale,Summer 2021,06/01/2021,8.68,
173750,365,Fine particles (PM 2.5),Mean,mcg/m3,UHF34,301,Washington Heights,Summer 2013,06/01/2013,10.52,
173723,365,Fine particles (PM 2.5),Mean,mcg/m3,UHF34,405,Ridgewood - Forest Hills,Summer 2012,06/01/2012,10.2,
173717,365,Fine particles (PM 2.5),Mean,mcg/m3,UHF34,302,Central Harlem - Morningside Heights,Summer 2012,06/01/2012,10.85,
605837,365,Fine particles (PM 2.5),Mean,mcg/m3,UHF34,302,Central Harlem - Morningside Heights,Annual Average 2018,01/01/2018,7.53,
410908,365,Fine particles (PM 2.5),Mean,mcg/m3,UHF34,301,Washington Heights,Annual Average 2016,12/31/2015,7.81,
173757,365,Fine particles (PM 2.5),Mean,mcg/m3,UHF34,405,Ridgewood - Forest Hills,Summer 2013,06/01/2013,10.17,
410929,365,Fine particles (PM 2.5),Mean,mcg/m3,UHF34,405,Ridgewood - Forest Hills,Annual Average 2016,12/31/2015,7.56,
605855,365,Fine particles (PM 2.5),Mean,mcg/m3,UHF34,405,Ridgewood - Forest Hills,Annual Average 2018,01/01/2018,6.99,
742355,365,Fine particles (PM 2.5),Mean,mcg/m3,UHF34,405,Ridgewood - Forest Hills,Summer 2021,06/01/2021,8.34,
173755,365,Fine particles (PM 2.5),Mean,mcg/m3,UHF34,402,West Queens,Summer 2013,06/01/2013,10.71,
410923,365,Fine particles (PM 2.5),Mean,mcg/m3,UHF34,402,West Queens,Annual Average 2016,12/31/2015,8.14,
605849,365,Fine particles (PM 2.5),Mean,mcg/m3,UHF34,402,West Queens,Annual Average 2018,01/01/2018,7.57,
174192,365,Fine particles (PM 2.5),Mean,mcg/m3,UHF34,301,Washington Heights,Annual Average 2011,12/01/2010,11.12,
669667,365,Fine particles (PM 2.5),Mean,mcg/m3,UHF34,301,Washington Heights,Annual Average 2020,01/01/2020,6.29,
649836,365,Fine particles (PM 2.5),Mean,mcg/m3,UHF34,301,Washington Heights,Winter 2018-19,12/01/2018,7.76,
172669,375,Nitrogen dioxide (NO2),Mean,ppb,UHF34,405,Ridgewood - Forest Hills,Annual Average 2011,12/01/2010,23.26,
667441,375,Nitrogen dioxide (NO2),Mean,ppb,UHF34,405,Ridgewood - Forest Hills,Annual Average 2020,01/01/2020,15.74,
212566,375,Nitrogen dioxide (NO2),Mean,ppb,UHF42,307,Gramercy Park - Murray Hill,Annual Average 2014,12/01/2013,34.74,
602775,375,Nitrogen dioxide (NO2),Mean,ppb,UHF42,307,Gramercy Park - Murray Hill,Summer 2018,06/01/2018,26.13,
549834,375,Nitrogen dioxide (NO2),Mean,ppb,UHF42,307,Gramercy Park - Murray Hill,Winter 2016-17,12/01/2016,34.66,
175316,375,Nitrogen dioxide (NO2),Mean,ppb,UHF42,308,Greenwich Village - SoHo,Winter 2009-10,12/01/2009,33.62,
667209,375,Nitrogen dioxide (NO2),Mean,ppb,UHF42,308,Greenwich Village - SoHo,Summer 2020,06/01/2020,16.22,
334136,365,Fine particles (PM 2.5),Mean,mcg/m3,UHF34,401,Long Island City - Astoria,Summer 2015,06/01/2015,10.46,
649847,365,Fine particles (PM 2.5),Mean,mcg/m3,UHF34,401,Long Island City - Astoria,Summer 2019,06/01/2019,9.28,
173258,365,Fine particles (PM 2.5),Mean,mcg/m3,UHF34,105106107,South Bronx,Winter 2012-13,12/01/2012,11.98,
174176,365,Fine particles (PM 2.5),Mean,mcg/m3,UHF34,105106107,South Bronx,Annual Average 2010,12/01/2009,10.78,
334178,365,Fine particles (PM 2.5),Mean,mcg/m3,UHF34,105106107,South Bronx,Summer 2015,06/01/2015,10.32,
669612,365,Fine particles (PM 2.5),Mean,mcg/m3,UHF34,105106107,South Bronx,Winter 2019-20,12/01/2019,7.28,
649889,365,Fine particles (PM 2.5),Mean,mcg/m3,UHF34,105106107,South Bronx,Summer 2019,06/01/2019,8.45,
211687,375,Nitrogen dioxide (NO2),Mean,ppb,UHF34,105106107,South Bronx,Summer 2014,06/01/2014,17.35,
336715,375,Nitrogen dioxide (NO2),Mean,ppb,UHF34,105106107,South Bronx,Annual Average 2015,01/01/2015,21.57,
174167,365,Fine particles (PM 2.5),Mean,mcg/m3,UHF34,408,Jamaica,Annual Average 2010,12/01/2009,9.25,
173249,365,Fine particles (PM 2.5),Mean,mcg/m3,UHF34,408,Jamaica,Winter 2012-13,12/01/2012,9.79,
334151,365,Fine particles (PM 2.5),Mean,mcg/m3,UHF34,408,Jamaica,Summer 2015,06/01/2015,9.08,
649862,365,Fine particles (PM 2.5),Mean,mcg/m3,UHF34,408,Jamaica,Summer 2019,06/01/2019,7.48,
669639,365,Fine particles (PM 2.5),Mean,mcg/m3,UHF34,408,Jamaica,Winter 2019-20,12/01/2019,7.45,
334292,365,Fine particles (PM 2.5),Mean,mcg/m3,CD,313,Coney Island (CD13),Summer 2015,06/01/2015,8.69,
170277,365,Fine particles (PM 2.5),Mean,mcg/m3,CD,413,Queens Village (CD13),Annual Average 2010,12/01/2009,8.66,
168684,365,Fine particles (PM 2.5),Mean,mcg/m3,CD,413,Queens Village (CD13),Winter 2012-13,12/01/2012,9.29,
606002,365,Fine particles (PM 2.5),Mean,mcg/m3,CD,313,Coney Island (CD13),Annual Average 2018,01/01/2018,6.53,
742502,365,Fine particles (PM 2.5),Mean,mcg/m3,CD,313,Coney Island (CD13),Summer 2021,06/01/2021,7.99,
169494,365,Fine particles (PM 2.5),Mean,mcg/m3,CD,315,Sheepshead Bay (CD15),Summer 2012,06/01/2012,9.9,
169510,365,Fine particles (PM 2.5),Mean,mcg/m3,CD,413,Queens Village (CD13),Summer 2012,06/01/2012,9.63,
169569,365,Fine particles (PM 2.5),Mean,mcg/m3,CD,413,Queens Village (CD13),Summer 2013,06/01/2013,9.77,
168548,365,Fine particles (PM 2.5),Mean,mcg/m3,CD,313,Coney Island (CD13),Winter 2010-11,12/01/2010,11.46,
170436,365,Fine particles (PM 2.5),Mean,mcg/m3,CD,313,Coney Island (CD13),Annual Average 2013,12/01/2012,8.04,
169315,365,Fine particles (PM 2.5),Mean,mcg/m3,CD,313,Coney Island (CD13),Summer 2009,06/01/2009,10.36,
172603,375,Nitrogen dioxide (NO2),Mean,ppb,UHF34,408,Jamaica,Annual Average 2009,12/01/2008,22.29,
172671,375,Nitrogen dioxide (NO2),Mean,ppb,UHF34,408,Jamaica,Annual Average 2011,12/01/2010,21.55,
211678,375,Nitrogen dioxide (NO2),Mean,ppb,UHF34,408,Jamaica,Summer 2014,06/01/2014,13.5,
171714,375,Nitrogen dioxide (NO2),Mean,ppb,UHF34,401,Long Island City - Astoria,Winter 2012-13,12/01/2012,26.98,
643502,375,Nitrogen dioxide (NO2),Mean,ppb,UHF34,401,Long Island City - Astoria,Summer 2019,06/01/2019,17.72,
336716,375,Nitrogen dioxide (NO2),Mean,ppb,UHF34,105106107,South Bronx,Summer 2015,06/01/2015,17.36,
667508,375,Nitrogen dioxide (NO2),Mean,ppb,UHF34,105106107,South Bronx,Winter 2019-20,12/01/2019,25.27,
411130,365,Fine particles (PM 2.5),Mean,mcg/m3,CD,413,Queens Village (CD13),Annual Average 2016,12/31/2015,6.53,
606056,365,Fine particles (PM 2.5),Mean,mcg/m3,CD,413,Queens Village (CD13),Annual Average 2018,01/01/2018,6.44,
742556,365,Fine particles (PM 2.5),Mean,mcg/m3,CD,413,Queens Village (CD13),Summer 2021,06/01/2021,7.8,
410941,365,Fine particles (PM 2.5),Mean,mcg/m3,UHF34,410,Rockaways,Annual Average 2016,12/31/2015,5.98,
605867,365,Fine particles (PM 2.5),Mean,mcg/m3,UHF34,410,Rockaways,Annual Average 2018,01/01/2018,6.06,
742367,365,Fine particles (PM 2.5),Mean,mcg/m3,UHF34,410,Rockaways,Summer 2021,06/01/2021,7.25,
211986,365,Fine particles (PM 2.5),Mean,mcg/m3,UHF34,410,Rockaways,Summer 2014,06/01/2014,7.37,
334156,365,Fine particles (PM 2.5),Mean,mcg/m3,UHF34,410,Rockaways,Annual Average 2015,01/01/2015,7.16,
336694,375,Nitrogen dioxide (NO2),Mean,ppb,UHF34,410,Rockaways,Annual Average 2015,01/01/2015,13.55,
212455,375,Nitrogen dioxide (NO2),Mean,ppb,UHF42,502,Stapleton - St. George,Summer 2014,06/01/2014,10.62,
336607,375,Nitrogen dioxide (NO2),Mean,ppb,UHF42,502,Stapleton - St. George,Annual Average 2015,01/01/2015,15.28,
670940,386,Ozone (O3),Mean,ppb,UHF42,502,Stapleton - St. George,Summer 2020,06/01/2020,28.33,
549366,386,Ozone (O3),Mean,ppb,UHF42,502,Stapleton - St. George,Summer 2017,06/01/2017,28.83,
605269,386,Ozone (O3),Mean,ppb,UHF42,502,Stapleton - St. George,Summer 2018,06/01/2018,29.89,
649869,365,Fine particles (PM 2.5),Mean,mcg/m3,UHF34,410,Rockaways,Winter 2018-19,12/01/2018,6.28,
165907,375,Nitrogen dioxide (NO2),Mean,ppb,CD,409,Kew Gardens and Woodhaven (CD9),Winter 2010-11,12/01/2010,30.74,
166674,375,Nitrogen dioxide (NO2),Mean,ppb,CD,409,Kew Gardens and Woodhaven (CD9),Summer 2009,06/01/2009,19.99,
336873,375,Nitrogen dioxide (NO2),Mean,ppb,CD,409,Kew Gardens and Woodhaven (CD9),Winter 2014-15,12/01/2014,25.06,
166676,375,Nitrogen dioxide (NO2),Mean,ppb,CD,411,Bayside and Little Neck (CD11),Summer 2009,06/01/2009,17.21,
165909,375,Nitrogen dioxide (NO2),Mean,ppb,CD,411,Bayside and Little Neck (CD11),Winter 2010-11,12/01/2010,26.67,
167797,375,Nitrogen dioxide (NO2),Mean,ppb,CD,411,Bayside and Little Neck (CD11),Annual Average 2013,12/01/2012,16.82,
336879,375,Nitrogen dioxide (NO2),Mean,ppb,CD,411,Bayside and Little Neck (CD11),Winter 2014-15,12/01/2014,22.67,
334157,365,Fine particles (PM 2.5),Mean,mcg/m3,UHF34,410,Rockaways,Summer 2015,06/01/2015,8.29,
649868,365,Fine particles (PM 2.5),Mean,mcg/m3,UHF34,410,Rockaways,Summer 2019,06/01/2019,7.02,
669633,365,Fine particles (PM 2.5),Mean,mcg/m3,UHF34,410,Rockaways,Winter 2019-20,12/01/2019,6.12,
173251,365,Fine particles (PM 2.5),Mean,mcg/m3,UHF34,410,Rockaways,Winter 2012-13,12/01/2012,9.23,
334286,365,Fine particles (PM 2.5),Mean,mcg/m3,CD,311,Bensonhurst (CD11),Summer 2015,06/01/2015,8.89,
334244,365,Fine particles (PM 2.5),Mean,mcg/m3,CD,209,Parkchester and Soundview (CD9),Summer 2015,06/01/2015,9.76,
649955,365,Fine particles (PM 2.5),Mean,mcg/m3,CD,209,Parkchester and Soundview (CD9),Summer 2019,06/01/2019,7.91,
170245,365,Fine particles (PM 2.5),Mean,mcg/m3,CD,211,Morris Park and Bronxdale (CD11),Annual Average 2010,12/01/2009,9.71,
649961,365,Fine particles (PM 2.5),Mean,mcg/m3,CD,211,Morris Park and Bronxdale (CD11),Summer 2019,06/01/2019,7.73,
669959,365,Fine particles (PM 2.5),Mean,mcg/m3,CD,409,Kew Gardens and Woodhaven (CD9),Winter 2019-20,12/01/2019,7.71,
605918,365,Fine particles (PM 2.5),Mean,mcg/m3,CD,109,Morningside Heights and Hamilton Heights (CD9),Annual Average 2018,01/01/2018,7.52,
742418,365,Fine particles (PM 2.5),Mean,mcg/m3,CD,109,Morningside Heights and Hamilton Heights (CD9),Summer 2021,06/01/2021,8.78,
169506,365,Fine particles (PM 2.5),Mean,mcg/m3,CD,409,Kew Gardens and Woodhaven (CD9),Summer 2012,06/01/2012,10.08,
169565,365,Fine particles (PM 2.5),Mean,mcg/m3,CD,409,Kew Gardens and Woodhaven (CD9),Summer 2013,06/01/2013,10.09,
221893,386,Ozone (O3),Mean,ppb,UHF34,303,East Harlem,Summer 2011,06/01/2011,30.25,
412053,386,Ozone (O3),Mean,ppb,UHF34,303,East Harlem,Summer 2016,06/01/2016,31.62,
221916,386,Ozone (O3),Mean,ppb,UHF34,403,Flushing - Clearview,Summer 2010,06/01/2010,33.99,
221917,386,Ozone (O3),Mean,ppb,UHF34,403,Flushing - Clearview,Summer 2011,06/01/2011,33.92,
412057,386,Ozone (O3),Mean,ppb,UHF34,403,Flushing - Clearview,Summer 2016,06/01/2016,33.45,
605299,386,Ozone (O3),Mean,ppb,UHF34,305307,Upper East Side-Gramercy,Summer 2018,06/01/2018,25.57,
549396,386,Ozone (O3),Mean,ppb,UHF34,305307,Upper East Side-Gramercy,Summer 2017,06/01/2017,23.78,
549397,386,Ozone (O3),Mean,ppb,UHF34,306308,Chelsea-Village,Summer 2017,06/01/2017,24.04,
670909,386,Ozone (O3),Mean,ppb,UHF34,306308,Chelsea-Village,Summer 2020,06/01/2020,28.06,
549969,375,Nitrogen dioxide (NO2),Mean,ppb,UHF34,305307,Upper East Side-Gramercy,Winter 2016-17,12/01/2016,32.3,
602910,375,Nitrogen dioxide (NO2),Mean,ppb,UHF34,305307,Upper East Side-Gramercy,Summer 2018,06/01/2018,22.81,
549967,375,Nitrogen dioxide (NO2),Mean,ppb,UHF34,305307,Upper East Side-Gramercy,Summer 2017,06/01/2017,25.05,
667473,375,Nitrogen dioxide (NO2),Mean,ppb,UHF34,305307,Upper East Side-Gramercy,Summer 2020,06/01/2020,17.92,
605289,386,Ozone (O3),Mean,ppb,UHF34,303,East Harlem,Summer 2018,06/01/2018,28.83,
670920,386,Ozone (O3),Mean,ppb,UHF34,303,East Harlem,Summer 2020,06/01/2020,30.19,
549390,386,Ozone (O3),Mean,ppb,UHF34,403,Flushing - Clearview,Summer 2017,06/01/2017,30.27,
171565,375,Nitrogen dioxide (NO2),Mean,ppb,UHF34,203,Bedford Stuyvesant - Crown Heights,Winter 2008-09,12/01/2008,32.54,
602848,375,Nitrogen dioxide (NO2),Mean,ppb,UHF34,203,Bedford Stuyvesant - Crown Heights,Winter 2017-18,12/01/2017,26.16,
171566,375,Nitrogen dioxide (NO2),Mean,ppb,UHF34,204,East New York,Winter 2008-09,12/01/2008,30.02,
173184,365,Fine particles (PM 2.5),Mean,mcg/m3,UHF34,305307,Upper East Side-Gramercy,Winter 2010-11,12/01/2010,15.38,
173626,365,Fine particles (PM 2.5),Mean,mcg/m3,UHF34,305307,Upper East Side-Gramercy,Summer 2009,06/01/2009,13.91,
174272,365,Fine particles (PM 2.5),Mean,mcg/m3,UHF34,305307,Upper East Side-Gramercy,Annual Average 2013,12/01/2012,12.09,
334161,365,Fine particles (PM 2.5),Mean,mcg/m3,UHF34,305307,Upper East Side-Gramercy,Winter 2014-15,12/01/2014,11.75,
173185,365,Fine particles (PM 2.5),Mean,mcg/m3,UHF34,306308,Chelsea-Village,Winter 2010-11,12/01/2010,15.35,
174273,365,Fine particles (PM 2.5),Mean,mcg/m3,UHF34,306308,Chelsea-Village,Annual Average 2013,12/01/2012,11.87,
334164,365,Fine particles (PM 2.5),Mean,mcg/m3,UHF34,306308,Chelsea-Village,Winter 2014-15,12/01/2014,11.74,
547579,365,Fine particles (PM 2.5),Mean,mcg/m3,UHF34,306308,Chelsea-Village,Annual Average 2017,01/01/2017,9.61,
742374,365,Fine particles (PM 2.5),Mean,mcg/m3,UHF34,306308,Chelsea-Village,Annual Average 2021,01/01/2021,8.37,
211966,365,Fine particles (PM 2.5),Mean,mcg/m3,UHF34,203,Bedford Stuyvesant - Crown Heights,Summer 2014,06/01/2014,8.97,
334096,365,Fine particles (PM 2.5),Mean,mcg/m3,UHF34,203,Bedford Stuyvesant - Crown Heights,Annual Average 2015,01/01/2015,8.87,
334099,365,Fine particles (PM 2.5),Mean,mcg/m3,UHF34,204,East New York,Annual Average 2015,01/01/2015,8.72,
174179,365,Fine particles (PM 2.5),Mean,mcg/m3,UHF34,103,Fordham - Bronx Pk,Annual Average 2011,12/01/2010,10.77,
334084,365,Fine particles (PM 2.5),Mean,mcg/m3,UHF34,103,Fordham - Bronx Pk,Annual Average 2015,01/01/2015,9.14,
412800,375,Nitrogen dioxide (NO2),Mean,ppb,CD,406,Rego Park and Forest Hills (CD6),Summer 2016,06/01/2016,14.49,
412799,375,Nitrogen dioxide (NO2),Mean,ppb,CD,406,Rego Park and Forest Hills (CD6),Winter 2015-16,12/01/2015,23.94,
741265,375,Nitrogen dioxide (NO2),Mean,ppb,CD,406,Rego Park and Forest Hills (CD6),Winter 2020-21,12/01/2020,21.14,
166832,375,Nitrogen dioxide (NO2),Mean,ppb,CD,308,Crown Heights and Prospect Heights (CD8),Summer 2012,06/01/2012,19.65,
166891,375,Nitrogen dioxide (NO2),Mean,ppb,CD,308,Crown Heights and Prospect Heights (CD8),Summer 2013,06/01/2013,19.36,
412753,375,Nitrogen dioxide (NO2),Mean,ppb,CD,308,Crown Heights and Prospect Heights (CD8),Annual Average 2016,12/31/2015,20.74,
603026,375,Nitrogen dioxide (NO2),Mean,ppb,CD,308,Crown Heights and Prospect Heights (CD8),Annual Average 2018,01/01/2018,19.9,
165886,375,Nitrogen dioxide (NO2),Mean,ppb,CD,306,Park Slope and Carroll Gardens (CD6),Winter 2010-11,12/01/2010,32.5,
154607,643,Annual vehicle miles traveled,million miles,per km2,CD,406,Rego Park and Forest Hills (CD6),2005,01/01/2005,43.1,
325230,643,Annual vehicle miles traveled,million miles,per km2,UHF42,405,Ridgewood - Forest Hills,2016,01/01/2016,27.4,
151663,643,Annual vehicle miles traveled,million miles,per km2,UHF42,503,Willowbrook,2005,01/01/2005,13.1,
325238,643,Annual vehicle miles traveled,million miles,per km2,UHF42,503,Willowbrook,2016,01/01/2016,13.4,
325228,643,Annual vehicle miles traveled,million miles,per km2,UHF42,403,Flushing - Clearview,2016,01/01/2016,21.1,
325290,643,Annual vehicle miles traveled,million miles,per km2,CD,408,Hillcrest and Fresh Meadows (CD8),2016,01/01/2016,36,
154589,643,Annual vehicle miles traveled,million miles,per km2,CD,306,Park Slope and Carroll Gardens (CD6),2005,01/01/2005,32.4,
166653,375,Nitrogen dioxide (NO2),Mean,ppb,CD,306,Park Slope and Carroll Gardens (CD6),Summer 2009,06/01/2009,24.63,
167774,375,Nitrogen dioxide (NO2),Mean,ppb,CD,306,Park Slope and Carroll Gardens (CD6),Annual Average 2013,12/01/2012,22.74,
670949,386,Ozone (O3),Mean,ppb,UHF42,403,Flushing - Clearview,Summer 2020,06/01/2020,31.59,
122028,386,Ozone (O3),Mean,ppb,UHF42,403,Flushing - Clearview,2-Year Summer Average 2009-2010,06/01/2009,28.58,
549357,386,Ozone (O3),Mean,ppb,UHF42,403,Flushing - Clearview,Summer 2017,06/01/2017,30.26,
222584,386,Ozone (O3),Mean,ppb,UHF42,403,Flushing - Clearview,Summer 2012,06/01/2012,34.46,
740984,375,Nitrogen dioxide (NO2),Mean,ppb,UHF42,403,Flushing - Clearview,Summer 2021,06/01/2021,11.69,
176037,375,Nitrogen dioxide (NO2),Mean,ppb,UHF42,405,Ridgewood - Forest Hills,Summer 2012,06/01/2012,17.24,
176675,375,Nitrogen dioxide (NO2),Mean,ppb,UHF42,503,Willowbrook,Annual Average 2012,12/01/2011,15.31,
176667,375,Nitrogen dioxide (NO2),Mean,ppb,UHF42,405,Ridgewood - Forest Hills,Annual Average 2012,12/01/2011,20.99,
176665,375,Nitrogen dioxide (NO2),Mean,ppb,UHF42,403,Flushing - Clearview,Annual Average 2012,12/01/2011,19.83,
165845,375,Nitrogen dioxide (NO2),Mean,ppb,CD,406,Rego Park and Forest Hills (CD6),Winter 2009-10,12/01/2009,27.19,
165963,375,Nitrogen dioxide (NO2),Mean,ppb,CD,406,Rego Park and Forest Hills (CD6),Winter 2011-12,12/01/2011,25.06,
550132,375,Nitrogen dioxide (NO2),Mean,ppb,CD,406,Rego Park and Forest Hills (CD6),Summer 2017,06/01/2017,14.86,
550134,375,Nitrogen dioxide (NO2),Mean,ppb,CD,406,Rego Park and Forest Hills (CD6),Winter 2016-17,12/01/2016,25.77,
603075,375,Nitrogen dioxide (NO2),Mean,ppb,CD,406,Rego Park and Forest Hills (CD6),Summer 2018,06/01/2018,13.04,
172608,375,Nitrogen dioxide (NO2),Mean,ppb,UHF34,309310,Union Square-Lower Manhattan,Annual Average 2009,12/01/2008,33.96,
172676,375,Nitrogen dioxide (NO2),Mean,ppb,UHF34,309310,Union Square-Lower Manhattan,Annual Average 2011,12/01/2010,31.41,
211666,375,Nitrogen dioxide (NO2),Mean,ppb,UHF34,209,Bensonhurst - Bay Ridge,Summer 2014,06/01/2014,13.79,
650995,386,Ozone (O3),Mean,ppb,UHF34,501502,Northern SI,Summer 2019,06/01/2019,28.46,
650993,386,Ozone (O3),Mean,ppb,UHF34,309310,Union Square-Lower Manhattan,Summer 2019,06/01/2019,25.41,
338243,386,Ozone (O3),Mean,ppb,UHF34,309310,Union Square-Lower Manhattan,Summer 2015,06/01/2015,27.49,
338245,386,Ozone (O3),Mean,ppb,UHF34,501502,Northern SI,Summer 2015,06/01/2015,31.19,
216335,386,Ozone (O3),Mean,ppb,CD,110,Central Harlem (CD10),Summer 2012,06/01/2012,31.8,
216336,386,Ozone (O3),Mean,ppb,CD,110,Central Harlem (CD10),Summer 2013,06/01/2013,28.5,
216348,386,Ozone (O3),Mean,ppb,CD,112,Washington Heights and Inwood (CD12),Summer 2013,06/01/2013,29.5,
743638,386,Ozone (O3),Mean,ppb,CD,112,Washington Heights and Inwood (CD12),Summer 2021,06/01/2021,27.64,
547699,365,Fine particles (PM 2.5),Mean,mcg/m3,CD,310,Bay Ridge and Dyker Heights (CD10),Annual Average 2017,01/01/2017,7.26,
742553,365,Fine particles (PM 2.5),Mean,mcg/m3,CD,412,Jamaica and Hollis (CD12),Summer 2021,06/01/2021,7.87,
606053,365,Fine particles (PM 2.5),Mean,mcg/m3,CD,412,Jamaica and Hollis (CD12),Annual Average 2018,01/01/2018,6.7,
169566,365,Fine particles (PM 2.5),Mean,mcg/m3,CD,410,South Ozone Park and Howard Beach (CD10),Summer 2013,06/01/2013,9.73,
169507,365,Fine particles (PM 2.5),Mean,mcg/m3,CD,410,South Ozone Park and Howard Beach (CD10),Summer 2012,06/01/2012,9.72,
411121,365,Fine particles (PM 2.5),Mean,mcg/m3,CD,410,South Ozone Park and Howard Beach (CD10),Annual Average 2016,12/31/2015,6.85,
606047,365,Fine particles (PM 2.5),Mean,mcg/m3,CD,410,South Ozone Park and Howard Beach (CD10),Annual Average 2018,01/01/2018,6.4,
216599,386,Ozone (O3),Mean,ppb,CD,412,Jamaica and Hollis (CD12),Summer 2012,06/01/2012,33.94,
216420,386,Ozone (O3),Mean,ppb,CD,212,Williamsbridge and Baychester (CD12),Summer 2013,06/01/2013,31.61,
216587,386,Ozone (O3),Mean,ppb,CD,410,South Ozone Park and Howard Beach (CD10),Summer 2012,06/01/2012,34.79,
216588,386,Ozone (O3),Mean,ppb,CD,410,South Ozone Park and Howard Beach (CD10),Summer 2013,06/01/2013,32.27,
743598,386,Ozone (O3),Mean,ppb,CD,410,South Ozone Park and Howard Beach (CD10),Summer 2021,06/01/2021,32.38,
743596,386,Ozone (O3),Mean,ppb,CD,412,Jamaica and Hollis (CD12),Summer 2021,06/01/2021,31.41,
603092,375,Nitrogen dioxide (NO2),Mean,ppb,CD,412,Jamaica and Hollis (CD12),Annual Average 2018,01/01/2018,17.71,
169509,365,Fine particles (PM 2.5),Mean,mcg/m3,CD,412,Jamaica and Hollis (CD12),Summer 2012,06/01/2012,9.98,
411127,365,Fine particles (PM 2.5),Mean,mcg/m3,CD,412,Jamaica and Hollis (CD12),Annual Average 2016,12/31/2015,6.98,
605999,365,Fine particles (PM 2.5),Mean,mcg/m3,CD,312,Borough Park (CD12),Annual Average 2018,01/01/2018,7.06,
742499,365,Fine particles (PM 2.5),Mean,mcg/m3,CD,312,Borough Park (CD12),Summer 2021,06/01/2021,8.38,
169489,365,Fine particles (PM 2.5),Mean,mcg/m3,CD,310,Bay Ridge and Dyker Heights (CD10),Summer 2012,06/01/2012,10.19,
169548,365,Fine particles (PM 2.5),Mean,mcg/m3,CD,310,Bay Ridge and Dyker Heights (CD10),Summer 2013,06/01/2013,9.91,
211982,365,Fine particles (PM 2.5),Mean,mcg/m3,UHF34,405,Ridgewood - Forest Hills,Summer 2014,06/01/2014,8.49,
669663,365,Fine particles (PM 2.5),Mean,mcg/m3,UHF34,302,Central Harlem - Morningside Heights,Winter 2019-20,12/01/2019,7.56,
649838,365,Fine particles (PM 2.5),Mean,mcg/m3,UHF34,302,Central Harlem - Morningside Heights,Summer 2019,06/01/2019,8.19,
334124,365,Fine particles (PM 2.5),Mean,mcg/m3,UHF34,301,Washington Heights,Summer 2015,06/01/2015,9.91,
669666,365,Fine particles (PM 2.5),Mean,mcg/m3,UHF34,301,Washington Heights,Winter 2019-20,12/01/2019,7.35,
605225,386,Ozone (O3),Mean,ppb,Borough,1,Bronx,Summer 2018,06/01/2018,30.78,
670984,386,Ozone (O3),Mean,ppb,Borough,1,Bronx,Summer 2020,06/01/2020,30.85,
122011,386,Ozone (O3),Mean,ppb,UHF42,207,East Flatbush - Flatbush,2-Year Summer Average 2009-2010,06/01/2009,27.11,
122012,386,Ozone (O3),Mean,ppb,UHF42,208,Canarsie - Flatlands,2-Year Summer Average 2009-2010,06/01/2009,29,
122033,386,Ozone (O3),Mean,ppb,UHF42,408,Jamaica,2-Year Summer Average 2009-2010,06/01/2009,27.77,
122032,386,Ozone (O3),Mean,ppb,UHF42,407,Southwest Queens,2-Year Summer Average 2009-2010,06/01/2009,28.36,
336855,375,Nitrogen dioxide (NO2),Mean,ppb,CD,403,Jackson Heights (CD3),Winter 2014-15,12/01/2014,25.94,
334144,365,Fine particles (PM 2.5),Mean,mcg/m3,UHF34,405,Ridgewood - Forest Hills,Annual Average 2015,01/01/2015,8.51,
669646,365,Fine particles (PM 2.5),Mean,mcg/m3,UHF34,405,Ridgewood - Forest Hills,Annual Average 2020,01/01/2020,6.11,
649857,365,Fine particles (PM 2.5),Mean,mcg/m3,UHF34,405,Ridgewood - Forest Hills,Winter 2018-19,12/01/2018,7.17,
211980,365,Fine particles (PM 2.5),Mean,mcg/m3,UHF34,402,West Queens,Summer 2014,06/01/2014,9.05,
649851,365,Fine particles (PM 2.5),Mean,mcg/m3,UHF34,402,West Queens,Winter 2018-19,12/01/2018,8.01,
669652,365,Fine particles (PM 2.5),Mean,mcg/m3,UHF34,402,West Queens,Annual Average 2020,01/01/2020,6.56,
168674,365,Fine particles (PM 2.5),Mean,mcg/m3,CD,403,Jackson Heights (CD3),Winter 2012-13,12/01/2012,10.1,
334316,365,Fine particles (PM 2.5),Mean,mcg/m3,CD,403,Jackson Heights (CD3),Summer 2015,06/01/2015,9.21,
170268,365,Fine particles (PM 2.5),Mean,mcg/m3,CD,404,Elmhurst and Corona (CD4),Annual Average 2010,12/01/2009,9.79,
669944,365,Fine particles (PM 2.5),Mean,mcg/m3,CD,404,Elmhurst and Corona (CD4),Winter 2019-20,12/01/2019,8.36,
650030,365,Fine particles (PM 2.5),Mean,mcg/m3,CD,404,Elmhurst and Corona (CD4),Summer 2019,06/01/2019,8.08,
168670,365,Fine particles (PM 2.5),Mean,mcg/m3,CD,317,East Flatbush (CD17),Winter 2012-13,12/01/2012,10.32,
669929,365,Fine particles (PM 2.5),Mean,mcg/m3,CD,317,East Flatbush (CD17),Winter 2019-20,12/01/2019,7.41,
170264,365,Fine particles (PM 2.5),Mean,mcg/m3,CD,318,Flatlands and Canarsie (CD18),Annual Average 2010,12/01/2009,9.09,
169529,365,Fine particles (PM 2.5),Mean,mcg/m3,CD,203,Morrisania and Crotona (CD3),Summer 2013,06/01/2013,10.62,
169470,365,Fine particles (PM 2.5),Mean,mcg/m3,CD,203,Morrisania and Crotona (CD3),Summer 2012,06/01/2012,10.7,
169458,365,Fine particles (PM 2.5),Mean,mcg/m3,CD,103,Lower East Side and Chinatown (CD3),Summer 2012,06/01/2012,11.35,
411100,365,Fine particles (PM 2.5),Mean,mcg/m3,CD,403,Jackson Heights (CD3),Annual Average 2016,12/31/2015,7.27,
606026,365,Fine particles (PM 2.5),Mean,mcg/m3,CD,403,Jackson Heights (CD3),Annual Average 2018,01/01/2018,6.88,
411103,365,Fine particles (PM 2.5),Mean,mcg/m3,CD,404,Elmhurst and Corona (CD4),Annual Average 2016,12/31/2015,7.71,
169496,365,Fine particles (PM 2.5),Mean,mcg/m3,CD,317,East Flatbush (CD17),Summer 2012,06/01/2012,10.39,
167525,375,Nitrogen dioxide (NO2),Mean,ppb,CD,205,Fordham and University Heights (CD5),Annual Average 2009,12/01/2008,29.65,
549859,375,Nitrogen dioxide (NO2),Mean,ppb,UHF42,406,Fresh Meadows,Summer 2017,06/01/2017,13.83,
549861,375,Nitrogen dioxide (NO2),Mean,ppb,UHF42,406,Fresh Meadows,Winter 2016-17,12/01/2016,24.91,
602802,375,Nitrogen dioxide (NO2),Mean,ppb,UHF42,406,Fresh Meadows,Summer 2018,06/01/2018,12.36,
667257,375,Nitrogen dioxide (NO2),Mean,ppb,UHF42,406,Fresh Meadows,Summer 2020,06/01/2020,9.49,
222540,386,Ozone (O3),Mean,ppb,UHF42,306,Chelsea - Clinton,Summer 2010,06/01/2010,25.62,
412498,375,Nitrogen dioxide (NO2),Mean,ppb,UHF42,306,Chelsea - Clinton,Annual Average 2016,12/31/2015,28.36,
602771,375,Nitrogen dioxide (NO2),Mean,ppb,UHF42,306,Chelsea - Clinton,Annual Average 2018,01/01/2018,27.57,
602759,375,Nitrogen dioxide (NO2),Mean,ppb,UHF42,302,Central Harlem - Morningside Heights,Annual Average 2018,01/01/2018,21.66,
740951,375,Nitrogen dioxide (NO2),Mean,ppb,UHF42,302,Central Harlem - Morningside Heights,Summer 2021,06/01/2021,14.42,
175324,375,Nitrogen dioxide (NO2),Mean,ppb,UHF42,406,Fresh Meadows,Winter 2009-10,12/01/2009,25.28,
175408,375,Nitrogen dioxide (NO2),Mean,ppb,UHF42,406,Fresh Meadows,Winter 2011-12,12/01/2011,23.12,
549830,375,Nitrogen dioxide (NO2),Mean,ppb,UHF42,306,Chelsea - Clinton,Annual Average 2017,01/01/2017,28.46,
336549,375,Nitrogen dioxide (NO2),Mean,ppb,UHF42,302,Central Harlem - Morningside Heights,Winter 2014-15,12/01/2014,26.74,
740952,375,Nitrogen dioxide (NO2),Mean,ppb,UHF42,302,Central Harlem - Morningside Heights,Annual Average 2021,01/01/2021,18.21,
154488,645,Annual vehicle miles travelled (trucks),million miles,per km2,CD,405,Ridgewood and Maspeth (CD5),2005,01/01/2005,1.1,
325217,643,Annual vehicle miles traveled,million miles,per km2,UHF42,302,Central Harlem - Morningside Heights,2016,01/01/2016,39.4,
151646,643,Annual vehicle miles traveled,million miles,per km2,UHF42,306,Chelsea - Clinton,2005,01/01/2005,46.1,
325328,644,Annual vehicle miles travelled (cars),million miles,per km2,UHF42,306,Chelsea - Clinton,2016,01/01/2016,40.9,
325306,644,Annual vehicle miles travelled (cars),million miles,per km2,UHF42,102,Northeast Bronx,2016,01/01/2016,15.5,
151690,644,Annual vehicle miles travelled (cars),million miles,per km2,UHF42,302,Central Harlem - Morningside Heights,2005,01/01/2005,35.7,
325324,644,Annual vehicle miles travelled (cars),million miles,per km2,UHF42,302,Central Harlem - Morningside Heights,2016,01/01/2016,38,
325114,645,Annual vehicle miles travelled (trucks),million miles,per km2,UHF42,306,Chelsea - Clinton,2016,01/01/2016,3.8,
"518704,652,Cardiac and respiratory deaths due to Ozone,Estimated annual rate,""per 100,000"",UHF42,202,Downtown - Heights - Slope,2012-2014,01/02/2012,4.3,"
"629165,652,Cardiac and respiratory deaths due to Ozone,Estimated annual rate,""per 100,000"",UHF42,202,Downtown - Heights - Slope,2015-2017,01/01/2015,3.2,"
"130820,648,Asthma emergency department visits due to PM2.5,Estimated annual rate (under age 18),""per 100,000 children"",UHF42,406,Fresh Meadows,2005-2007,01/01/2005,54.8,"
"518907,648,Asthma emergency department visits due to PM2.5,Estimated annual rate (under age 18),""per 100,000 children"",UHF42,302,Central Harlem - Morningside Heights,2012-2014,01/02/2012,253.14,"
"628456,648,Asthma emergency department visits due to PM2.5,Estimated annual rate (under age 18),""per 100,000 children"",UHF42,302,Central Harlem - Morningside Heights,2015-2017,01/01/2015,193.1,"
"518911,648,Asthma emergency department visits due to PM2.5,Estimated annual rate (under age 18),""per 100,000 children"",UHF42,306,Chelsea - Clinton,2012-2014,01/02/2012,75.56,"
"628460,648,Asthma emergency department visits due to PM2.5,Estimated annual rate (under age 18),""per 100,000 children"",UHF42,306,Chelsea - Clinton,2015-2017,01/01/2015,53.6,"
216605,386,Ozone (O3),Mean,ppb,CD,413,Queens Village (CD13),Summer 2012,06/01/2012,34.95,
216606,386,Ozone (O3),Mean,ppb,CD,413,Queens Village (CD13),Summer 2013,06/01/2013,31.93,
743595,386,Ozone (O3),Mean,ppb,CD,413,Queens Village (CD13),Summer 2021,06/01/2021,31.35,
743613,386,Ozone (O3),Mean,ppb,CD,313,Coney Island (CD13),Summer 2021,06/01/2021,32.37,
216510,386,Ozone (O3),Mean,ppb,CD,315,Sheepshead Bay (CD15),Summer 2013,06/01/2013,33.64,
169492,365,Fine particles (PM 2.5),Mean,mcg/m3,CD,313,Coney Island (CD13),Summer 2012,06/01/2012,9.86,
169551,365,Fine particles (PM 2.5),Mean,mcg/m3,CD,313,Coney Island (CD13),Summer 2013,06/01/2013,9.63,
742508,365,Fine particles (PM 2.5),Mean,mcg/m3,CD,315,Sheepshead Bay (CD15),Summer 2021,06/01/2021,7.99,
169553,365,Fine particles (PM 2.5),Mean,mcg/m3,CD,315,Sheepshead Bay (CD15),Summer 2013,06/01/2013,9.75,
334345,365,Fine particles (PM 2.5),Mean,mcg/m3,CD,413,Queens Village (CD13),Annual Average 2015,01/01/2015,7.91,
650058,365,Fine particles (PM 2.5),Mean,mcg/m3,CD,413,Queens Village (CD13),Winter 2018-19,12/01/2018,6.74,
669970,365,Fine particles (PM 2.5),Mean,mcg/m3,CD,413,Queens Village (CD13),Annual Average 2020,01/01/2020,5.78,
334346,365,Fine particles (PM 2.5),Mean,mcg/m3,CD,413,Queens Village (CD13),Summer 2015,06/01/2015,8.76,
669971,365,Fine particles (PM 2.5),Mean,mcg/m3,CD,413,Queens Village (CD13),Winter 2019-20,12/01/2019,7.15,
650057,365,Fine particles (PM 2.5),Mean,mcg/m3,CD,413,Queens Village (CD13),Summer 2019,06/01/2019,7.2,
166855,375,Nitrogen dioxide (NO2),Mean,ppb,CD,413,Queens Village (CD13),Summer 2012,06/01/2012,14.35,
603095,375,Nitrogen dioxide (NO2),Mean,ppb,CD,413,Queens Village (CD13),Annual Average 2018,01/01/2018,16.26,
741287,375,Nitrogen dioxide (NO2),Mean,ppb,CD,413,Queens Village (CD13),Summer 2021,06/01/2021,10.4,
336883,375,Nitrogen dioxide (NO2),Mean,ppb,CD,413,Queens Village (CD13),Annual Average 2015,01/01/2015,17.22,
667843,375,Nitrogen dioxide (NO2),Mean,ppb,CD,413,Queens Village (CD13),Annual Average 2020,01/01/2020,13.08,
651053,386,Ozone (O3),Mean,ppb,CD,413,Queens Village (CD13),Summer 2019,06/01/2019,33.58,
338303,386,Ozone (O3),Mean,ppb,CD,413,Queens Village (CD13),Summer 2015,06/01/2015,32.64,
166029,375,Nitrogen dioxide (NO2),Mean,ppb,CD,413,Queens Village (CD13),Winter 2012-13,12/01/2012,20.59,
167740,375,Nitrogen dioxide (NO2),Mean,ppb,CD,413,Queens Village (CD13),Annual Average 2012,12/01/2011,17.39,
"131265,657,Asthma emergency department visits due to PM2.5,Estimated annual rate (age 18+),""per 100,000 adults"",Borough,4,Queens,2005-2007,01/01/2005,26,"
412768,375,Nitrogen dioxide (NO2),Mean,ppb,CD,313,Coney Island (CD13),Annual Average 2016,12/31/2015,14.64,
166839,375,Nitrogen dioxide (NO2),Mean,ppb,CD,315,Sheepshead Bay (CD15),Summer 2012,06/01/2012,12.62,
166898,375,Nitrogen dioxide (NO2),Mean,ppb,CD,315,Sheepshead Bay (CD15),Summer 2013,06/01/2013,11.46,
166896,375,Nitrogen dioxide (NO2),Mean,ppb,CD,313,Coney Island (CD13),Summer 2013,06/01/2013,9.53,
166837,375,Nitrogen dioxide (NO2),Mean,ppb,CD,313,Coney Island (CD13),Summer 2012,06/01/2012,10.96,
741239,375,Nitrogen dioxide (NO2),Mean,ppb,CD,315,Sheepshead Bay (CD15),Summer 2021,06/01/2021,8.66,
216507,386,Ozone (O3),Mean,ppb,CD,315,Sheepshead Bay (CD15),Summer 2010,06/01/2010,36.2,
166737,375,Nitrogen dioxide (NO2),Mean,ppb,CD,413,Queens Village (CD13),Summer 2010,06/01/2010,16.19,
412821,375,Nitrogen dioxide (NO2),Mean,ppb,CD,413,Queens Village (CD13),Summer 2016,06/01/2016,12.15,
174112,365,Fine particles (PM 2.5),Mean,mcg/m3,UHF34,104,Pelham - Throgs Neck,Annual Average 2009,12/01/2008,10.59,
211981,365,Fine particles (PM 2.5),Mean,mcg/m3,UHF34,403,Flushing - Clearview,Summer 2014,06/01/2014,8.19,
669649,365,Fine particles (PM 2.5),Mean,mcg/m3,UHF34,403,Flushing - Clearview,Annual Average 2020,01/01/2020,6.24,
211977,365,Fine particles (PM 2.5),Mean,mcg/m3,UHF34,303,East Harlem,Summer 2014,06/01/2014,9.27,
334132,365,Fine particles (PM 2.5),Mean,mcg/m3,UHF34,304,Upper West Side,Annual Average 2015,01/01/2015,9.78,
211978,365,Fine particles (PM 2.5),Mean,mcg/m3,UHF34,304,Upper West Side,Summer 2014,06/01/2014,9.79,
547576,365,Fine particles (PM 2.5),Mean,mcg/m3,UHF34,305307,Upper East Side-Gramercy,Annual Average 2017,01/01/2017,9.54,
174266,365,Fine particles (PM 2.5),Mean,mcg/m3,UHF34,403,Flushing - Clearview,Annual Average 2013,12/01/2012,8.39,
173620,365,Fine particles (PM 2.5),Mean,mcg/m3,UHF34,403,Flushing - Clearview,Summer 2009,06/01/2009,10.23,
173178,365,Fine particles (PM 2.5),Mean,mcg/m3,UHF34,403,Flushing - Clearview,Winter 2010-11,12/01/2010,12.56,
334143,365,Fine particles (PM 2.5),Mean,mcg/m3,UHF34,403,Flushing - Clearview,Winter 2014-15,12/01/2014,9.23,
547558,365,Fine particles (PM 2.5),Mean,mcg/m3,UHF34,403,Flushing - Clearview,Annual Average 2017,01/01/2017,7.27,
742353,365,Fine particles (PM 2.5),Mean,mcg/m3,UHF34,403,Flushing - Clearview,Annual Average 2021,01/01/2021,6.45,
178594,365,Fine particles (PM 2.5),Mean,mcg/m3,UHF42,310,Lower Manhattan,Annual Average 2013,12/01/2012,11.06,
334035,365,Fine particles (PM 2.5),Mean,mcg/m3,UHF42,310,Lower Manhattan,Winter 2014-15,12/01/2014,10.94,
547450,365,Fine particles (PM 2.5),Mean,mcg/m3,UHF42,310,Lower Manhattan,Annual Average 2017,01/01/2017,9.01,
742245,365,Fine particles (PM 2.5),Mean,mcg/m3,UHF42,310,Lower Manhattan,Annual Average 2021,01/01/2021,7.58,
177249,365,Fine particles (PM 2.5),Mean,mcg/m3,UHF42,309,Union Square - Lower East Side,Winter 2010-11,12/01/2010,14,
334032,365,Fine particles (PM 2.5),Mean,mcg/m3,UHF42,309,Union Square - Lower East Side,Winter 2014-15,12/01/2014,10.46,
547447,365,Fine particles (PM 2.5),Mean,mcg/m3,UHF42,309,Union Square - Lower East Side,Annual Average 2017,01/01/2017,8.52,
177250,365,Fine particles (PM 2.5),Mean,mcg/m3,UHF42,310,Lower Manhattan,Winter 2010-11,12/01/2010,14.81,
177796,365,Fine particles (PM 2.5),Mean,mcg/m3,UHF42,310,Lower Manhattan,Summer 2009,06/01/2009,13.16,
742242,365,Fine particles (PM 2.5),Mean,mcg/m3,UHF42,309,Union Square - Lower East Side,Annual Average 2021,01/01/2021,7.8,
605699,365,Fine particles (PM 2.5),Mean,mcg/m3,UHF42,206,Borough Park,Annual Average 2018,01/01/2018,6.99,
742199,365,Fine particles (PM 2.5),Mean,mcg/m3,UHF42,206,Borough Park,Summer 2021,06/01/2021,8.34,
177922,365,Fine particles (PM 2.5),Mean,mcg/m3,UHF42,310,Lower Manhattan,Summer 2012,06/01/2012,12.25,
179590,365,Fine particles (PM 2.5),Mean,mcg/m3,Borough,3,Manhattan,Summer 2013,06/01/2013,11.81,
173144,365,Fine particles (PM 2.5),Mean,mcg/m3,UHF34,403,Flushing - Clearview,Winter 2009-10,12/01/2009,9.54,
173212,365,Fine particles (PM 2.5),Mean,mcg/m3,UHF34,403,Flushing - Clearview,Winter 2011-12,12/01/2011,9.22,
547559,365,Fine particles (PM 2.5),Mean,mcg/m3,UHF34,403,Flushing - Clearview,Winter 2016-17,12/01/2016,8.01,
605853,365,Fine particles (PM 2.5),Mean,mcg/m3,UHF34,403,Flushing - Clearview,Summer 2018,06/01/2018,8.35,
177921,365,Fine particles (PM 2.5),Mean,mcg/m3,UHF42,309,Union Square - Lower East Side,Summer 2012,06/01/2012,11.54,
410845,365,Fine particles (PM 2.5),Mean,mcg/m3,UHF42,409,Southeast Queens,Annual Average 2016,12/31/2015,6.51,
170333,365,Fine particles (PM 2.5),Mean,mcg/m3,CD,410,South Ozone Park and Howard Beach (CD10),Annual Average 2011,12/01/2010,9.24,
170215,365,Fine particles (PM 2.5),Mean,mcg/m3,CD,410,South Ozone Park and Howard Beach (CD10),Annual Average 2009,12/01/2008,9.76,
334336,365,Fine particles (PM 2.5),Mean,mcg/m3,CD,410,South Ozone Park and Howard Beach (CD10),Annual Average 2015,01/01/2015,7.89,
669961,365,Fine particles (PM 2.5),Mean,mcg/m3,CD,410,South Ozone Park and Howard Beach (CD10),Annual Average 2020,01/01/2020,5.79,
650049,365,Fine particles (PM 2.5),Mean,mcg/m3,CD,410,South Ozone Park and Howard Beach (CD10),Winter 2018-19,12/01/2018,6.72,
334342,365,Fine particles (PM 2.5),Mean,mcg/m3,CD,412,Jamaica and Hollis (CD12),Annual Average 2015,01/01/2015,8.21,
669967,365,Fine particles (PM 2.5),Mean,mcg/m3,CD,412,Jamaica and Hollis (CD12),Annual Average 2020,01/01/2020,5.94,
650055,365,Fine particles (PM 2.5),Mean,mcg/m3,CD,412,Jamaica and Hollis (CD12),Winter 2018-19,12/01/2018,6.92,
166852,375,Nitrogen dioxide (NO2),Mean,ppb,CD,410,South Ozone Park and Howard Beach (CD10),Summer 2012,06/01/2012,15.49,
166911,375,Nitrogen dioxide (NO2),Mean,ppb,CD,410,South Ozone Park and Howard Beach (CD10),Summer 2013,06/01/2013,15.84,
741284,375,Nitrogen dioxide (NO2),Mean,ppb,CD,412,Jamaica and Hollis (CD12),Summer 2021,06/01/2021,10.53,
167560,375,Nitrogen dioxide (NO2),Mean,ppb,CD,410,South Ozone Park and Howard Beach (CD10),Annual Average 2009,12/01/2008,22.17,
167678,375,Nitrogen dioxide (NO2),Mean,ppb,CD,410,South Ozone Park and Howard Beach (CD10),Annual Average 2011,12/01/2010,21.48,
213451,375,Nitrogen dioxide (NO2),Mean,ppb,CD,410,South Ozone Park and Howard Beach (CD10),Summer 2014,06/01/2014,12.93,
336874,375,Nitrogen dioxide (NO2),Mean,ppb,CD,410,South Ozone Park and Howard Beach (CD10),Annual Average 2015,01/01/2015,18.17,
667837,375,Nitrogen dioxide (NO2),Mean,ppb,CD,412,Jamaica and Hollis (CD12),Annual Average 2020,01/01/2020,14.28,
643710,375,Nitrogen dioxide (NO2),Mean,ppb,CD,412,Jamaica and Hollis (CD12),Winter 2018-19,12/01/2018,19.91,
651020,386,Ozone (O3),Mean,ppb,CD,210,Throgs Neck and Co-op City (CD10),Summer 2019,06/01/2019,31.45,
338300,386,Ozone (O3),Mean,ppb,CD,410,South Ozone Park and Howard Beach (CD10),Summer 2015,06/01/2015,33.12,
651050,386,Ozone (O3),Mean,ppb,CD,410,South Ozone Park and Howard Beach (CD10),Summer 2019,06/01/2019,33.94,
216600,386,Ozone (O3),Mean,ppb,CD,412,Jamaica and Hollis (CD12),Summer 2013,06/01/2013,31.27,
412813,375,Nitrogen dioxide (NO2),Mean,ppb,CD,410,South Ozone Park and Howard Beach (CD10),Annual Average 2016,12/31/2015,17.21,
603086,375,Nitrogen dioxide (NO2),Mean,ppb,CD,410,South Ozone Park and Howard Beach (CD10),Annual Average 2018,01/01/2018,16.55,
166913,375,Nitrogen dioxide (NO2),Mean,ppb,CD,412,Jamaica and Hollis (CD12),Summer 2013,06/01/2013,16.72,
166854,375,Nitrogen dioxide (NO2),Mean,ppb,CD,412,Jamaica and Hollis (CD12),Summer 2012,06/01/2012,16.28,
412819,375,Nitrogen dioxide (NO2),Mean,ppb,CD,412,Jamaica and Hollis (CD12),Annual Average 2016,12/31/2015,17.63,
167719,375,Nitrogen dioxide (NO2),Mean,ppb,CD,310,Bay Ridge and Dyker Heights (CD10),Annual Average 2012,12/01/2011,20.08,
167707,375,Nitrogen dioxide (NO2),Mean,ppb,CD,210,Throgs Neck and Co-op City (CD10),Annual Average 2012,12/01/2011,19.02,
167737,375,Nitrogen dioxide (NO2),Mean,ppb,CD,410,South Ozone Park and Howard Beach (CD10),Annual Average 2012,12/01/2011,19.34,
667803,375,Nitrogen dioxide (NO2),Mean,ppb,CD,406,Rego Park and Forest Hills (CD6),Summer 2020,06/01/2020,10.56,
"518966,657,Asthma emergency department visits due to PM2.5,Estimated annual rate (age 18+),""per 100,000 adults"",UHF42,403,Flushing - Clearview,2012-2014,01/02/2012,9.56,"
"628515,657,Asthma emergency department visits due to PM2.5,Estimated annual rate (age 18+),""per 100,000 adults"",UHF42,403,Flushing - Clearview,2015-2017,01/01/2015,7.9,"
"518968,657,Asthma emergency department visits due to PM2.5,Estimated annual rate (age 18+),""per 100,000 adults"",UHF42,405,Ridgewood - Forest Hills,2012-2014,01/02/2012,14.54,"
"628505,657,Asthma emergency department visits due to PM2.5,Estimated annual rate (age 18+),""per 100,000 adults"",UHF42,303,East Harlem,2015-2017,01/01/2015,111.6,"
"518956,657,Asthma emergency department visits due to PM2.5,Estimated annual rate (age 18+),""per 100,000 adults"",UHF42,303,East Harlem,2012-2014,01/02/2012,129.63,"
"628957,659,Asthma emergency departments visits due to Ozone,Estimated annual rate (age 18+),""per 100,000 adults"",UHF42,503,Willowbrook,2015-2017,01/01/2015,21.4,"
650036,365,Fine particles (PM 2.5),Mean,mcg/m3,CD,406,Rego Park and Forest Hills (CD6),Summer 2019,06/01/2019,7.73,
176035,375,Nitrogen dioxide (NO2),Mean,ppb,UHF42,403,Flushing - Clearview,Summer 2012,06/01/2012,16.49,
216573,386,Ozone (O3),Mean,ppb,CD,408,Hillcrest and Fresh Meadows (CD8),Summer 2010,06/01/2010,32.91,
170390,365,Fine particles (PM 2.5),Mean,mcg/m3,CD,408,Hillcrest and Fresh Meadows (CD8),Annual Average 2012,12/01/2011,8.61,
170388,365,Fine particles (PM 2.5),Mean,mcg/m3,CD,406,Rego Park and Forest Hills (CD6),Annual Average 2012,12/01/2011,9.05,
170372,365,Fine particles (PM 2.5),Mean,mcg/m3,CD,308,Crown Heights and Prospect Heights (CD8),Annual Average 2012,12/01/2011,9.18,
"130915,650,Respiratory hospitalizations due to PM2.5 (age 20+),Estimated annual rate,""per 100,000 adults"",UHF42,405,Ridgewood - Forest Hills,2005-2007,01/01/2005,18.3,"
"130923,650,Respiratory hospitalizations due to PM2.5 (age 20+),Estimated annual rate,""per 100,000 adults"",UHF42,503,Willowbrook,2005-2007,01/01/2005,17.8,"
"130903,650,Respiratory hospitalizations due to PM2.5 (age 20+),Estimated annual rate,""per 100,000 adults"",UHF42,303,East Harlem,2005-2007,01/01/2005,44.8,"
"518812,650,Respiratory hospitalizations due to PM2.5 (age 20+),Estimated annual rate,""per 100,000 adults"",UHF42,303,East Harlem,2012-2014,01/02/2012,22.18,"
"628542,650,Respiratory hospitalizations due to PM2.5 (age 20+),Estimated annual rate,""per 100,000 adults"",UHF42,203,Bedford Stuyvesant - Crown Heights,2015-2017,01/01/2015,12.4,"
"518872,651,Cardiovascular hospitalizations due to PM2.5 (age 40+),Estimated annual rate,""per 100,000 adults"",UHF42,405,Ridgewood - Forest Hills,2012-2014,01/02/2012,11.24,"
605983,365,Fine particles (PM 2.5),Mean,mcg/m3,CD,306,Park Slope and Carroll Gardens (CD6),Winter 2017-18,12/01/2017,9.5,
605989,365,Fine particles (PM 2.5),Mean,mcg/m3,CD,308,Crown Heights and Prospect Heights (CD8),Winter 2017-18,12/01/2017,8.69,
213801,365,Fine particles (PM 2.5),Mean,mcg/m3,CD,406,Rego Park and Forest Hills (CD6),Winter 2013-14,12/01/2013,11.73,
213803,365,Fine particles (PM 2.5),Mean,mcg/m3,CD,408,Hillcrest and Fresh Meadows (CD8),Winter 2013-14,12/01/2013,11.06,
168443,365,Fine particles (PM 2.5),Mean,mcg/m3,CD,408,Hillcrest and Fresh Meadows (CD8),Winter 2008-09,12/01/2008,12.79,
606043,365,Fine particles (PM 2.5),Mean,mcg/m3,CD,408,Hillcrest and Fresh Meadows (CD8),Winter 2017-18,12/01/2017,7.64,
650041,365,Fine particles (PM 2.5),Mean,mcg/m3,CD,408,Hillcrest and Fresh Meadows (CD8),Annual Average 2019,01/01/2019,6.2,
216574,386,Ozone (O3),Mean,ppb,CD,408,Hillcrest and Fresh Meadows (CD8),Summer 2011,06/01/2011,32.52,
165888,375,Nitrogen dioxide (NO2),Mean,ppb,CD,308,Crown Heights and Prospect Heights (CD8),Winter 2010-11,12/01/2010,32.73,
169555,365,Fine particles (PM 2.5),Mean,mcg/m3,CD,317,East Flatbush (CD17),Summer 2013,06/01/2013,10.28,
411046,365,Fine particles (PM 2.5),Mean,mcg/m3,CD,303,Bedford Stuyvesant (CD3),Annual Average 2016,12/31/2015,8.09,
168570,365,Fine particles (PM 2.5),Mean,mcg/m3,CD,503,Tottenville and Great Kills (CD3),Winter 2010-11,12/01/2010,11.52,
169337,365,Fine particles (PM 2.5),Mean,mcg/m3,CD,503,Tottenville and Great Kills (CD3),Summer 2009,06/01/2009,10.39,
742518,365,Fine particles (PM 2.5),Mean,mcg/m3,CD,318,Flatlands and Canarsie (CD18),Annual Average 2021,01/01/2021,6.25,
650968,386,Ozone (O3),Mean,ppb,UHF34,201,Greenpoint,Summer 2019,06/01/2019,27.77,
338234,386,Ozone (O3),Mean,ppb,UHF34,402,West Queens,Summer 2015,06/01/2015,31.57,
650984,386,Ozone (O3),Mean,ppb,UHF34,402,West Queens,Summer 2019,06/01/2019,29.95,
338236,386,Ozone (O3),Mean,ppb,UHF34,405,Ridgewood - Forest Hills,Summer 2015,06/01/2015,31.81,
650979,386,Ozone (O3),Mean,ppb,UHF34,301,Washington Heights,Summer 2019,06/01/2019,27.73,
216371,386,Ozone (O3),Mean,ppb,CD,204,Highbridge and Concourse (CD4),Summer 2012,06/01/2012,33.02,
216372,386,Ozone (O3),Mean,ppb,CD,204,Highbridge and Concourse (CD4),Summer 2013,06/01/2013,29.73,
216293,386,Ozone (O3),Mean,ppb,CD,103,Lower East Side and Chinatown (CD3),Summer 2012,06/01/2012,28.81,
216294,386,Ozone (O3),Mean,ppb,CD,103,Lower East Side and Chinatown (CD3),Summer 2013,06/01/2013,26.1,
216521,386,Ozone (O3),Mean,ppb,CD,317,East Flatbush (CD17),Summer 2012,06/01/2012,33.63,
216629,386,Ozone (O3),Mean,ppb,CD,503,Tottenville and Great Kills (CD3),Summer 2012,06/01/2012,35.26,
216443,386,Ozone (O3),Mean,ppb,CD,304,Bushwick (CD4),Summer 2012,06/01/2012,32.9,
216444,386,Ozone (O3),Mean,ppb,CD,304,Bushwick (CD4),Summer 2013,06/01/2013,30.37,
743591,386,Ozone (O3),Mean,ppb,CD,503,Tottenville and Great Kills (CD3),Summer 2021,06/01/2021,30.23,
743605,386,Ozone (O3),Mean,ppb,CD,403,Jackson Heights (CD3),Summer 2021,06/01/2021,30.45,
743604,386,Ozone (O3),Mean,ppb,CD,404,Elmhurst and Corona (CD4),Summer 2021,06/01/2021,30.3,
216545,386,Ozone (O3),Mean,ppb,CD,403,Jackson Heights (CD3),Summer 2012,06/01/2012,33.72,
216546,386,Ozone (O3),Mean,ppb,CD,403,Jackson Heights (CD3),Summer 2013,06/01/2013,30.74,
743622,386,Ozone (O3),Mean,ppb,CD,304,Bushwick (CD4),Summer 2021,06/01/2021,30.39,
411088,365,Fine particles (PM 2.5),Mean,mcg/m3,CD,317,East Flatbush (CD17),Annual Average 2016,12/31/2015,7.79,
606014,365,Fine particles (PM 2.5),Mean,mcg/m3,CD,317,East Flatbush (CD17),Annual Average 2018,01/01/2018,7.13,
742514,365,Fine particles (PM 2.5),Mean,mcg/m3,CD,317,East Flatbush (CD17),Summer 2021,06/01/2021,8.31,
411142,365,Fine particles (PM 2.5),Mean,mcg/m3,CD,503,Tottenville and Great Kills (CD3),Annual Average 2016,12/31/2015,6.62,
606068,365,Fine particles (PM 2.5),Mean,mcg/m3,CD,503,Tottenville and Great Kills (CD3),Annual Average 2018,01/01/2018,6.19,
742568,365,Fine particles (PM 2.5),Mean,mcg/m3,CD,503,Tottenville and Great Kills (CD3),Summer 2021,06/01/2021,7.58,
742526,365,Fine particles (PM 2.5),Mean,mcg/m3,CD,403,Jackson Heights (CD3),Summer 2021,06/01/2021,8.5,
606029,365,Fine particles (PM 2.5),Mean,mcg/m3,CD,404,Elmhurst and Corona (CD4),Annual Average 2018,01/01/2018,7.16,
742529,365,Fine particles (PM 2.5),Mean,mcg/m3,CD,404,Elmhurst and Corona (CD4),Summer 2021,06/01/2021,8.51,
169500,365,Fine particles (PM 2.5),Mean,mcg/m3,CD,403,Jackson Heights (CD3),Summer 2012,06/01/2012,10.04,
741286,375,Nitrogen dioxide (NO2),Mean,ppb,CD,413,Queens Village (CD13),Winter 2020-21,12/01/2020,20.09,
412774,375,Nitrogen dioxide (NO2),Mean,ppb,CD,315,Sheepshead Bay (CD15),Annual Average 2016,12/31/2015,15.91,
603047,375,Nitrogen dioxide (NO2),Mean,ppb,CD,315,Sheepshead Bay (CD15),Annual Average 2018,01/01/2018,14.49,
154614,643,Annual vehicle miles traveled,million miles,per km2,CD,413,Queens Village (CD13),2005,01/01/2005,30.4,
325295,643,Annual vehicle miles traveled,million miles,per km2,CD,413,Queens Village (CD13),2016,01/01/2016,30.8,
219987,386,Ozone (O3),Mean,ppb,Borough,4,Queens,Summer 2013,06/01/2013,31.6,
550100,375,Nitrogen dioxide (NO2),Mean,ppb,CD,313,Coney Island (CD13),Annual Average 2017,01/01/2017,15.09,
167783,375,Nitrogen dioxide (NO2),Mean,ppb,CD,315,Sheepshead Bay (CD15),Annual Average 2013,12/01/2012,16.78,
165895,375,Nitrogen dioxide (NO2),Mean,ppb,CD,315,Sheepshead Bay (CD15),Winter 2010-11,12/01/2010,26.08,
166662,375,Nitrogen dioxide (NO2),Mean,ppb,CD,315,Sheepshead Bay (CD15),Summer 2009,06/01/2009,15.63,
165893,375,Nitrogen dioxide (NO2),Mean,ppb,CD,313,Coney Island (CD13),Winter 2010-11,12/01/2010,24.44,
166660,375,Nitrogen dioxide (NO2),Mean,ppb,CD,313,Coney Island (CD13),Summer 2009,06/01/2009,13.73,
167781,375,Nitrogen dioxide (NO2),Mean,ppb,CD,313,Coney Island (CD13),Annual Average 2013,12/01/2012,15.06,
741240,375,Nitrogen dioxide (NO2),Mean,ppb,CD,315,Sheepshead Bay (CD15),Annual Average 2021,01/01/2021,14.85,
165970,375,Nitrogen dioxide (NO2),Mean,ppb,CD,413,Queens Village (CD13),Winter 2011-12,12/01/2011,20.6,
165852,375,Nitrogen dioxide (NO2),Mean,ppb,CD,413,Queens Village (CD13),Winter 2009-10,12/01/2009,23.48,
213631,375,Nitrogen dioxide (NO2),Mean,ppb,CD,413,Queens Village (CD13),Annual Average 2014,12/01/2013,17.34,
550153,375,Nitrogen dioxide (NO2),Mean,ppb,CD,413,Queens Village (CD13),Summer 2017,06/01/2017,12.64,
550155,375,Nitrogen dioxide (NO2),Mean,ppb,CD,413,Queens Village (CD13),Winter 2016-17,12/01/2016,24.09,
603096,375,Nitrogen dioxide (NO2),Mean,ppb,CD,413,Queens Village (CD13),Summer 2018,06/01/2018,12.27,
667845,375,Nitrogen dioxide (NO2),Mean,ppb,CD,413,Queens Village (CD13),Summer 2020,06/01/2020,8.42,
669917,365,Fine particles (PM 2.5),Mean,mcg/m3,CD,313,Coney Island (CD13),Winter 2019-20,12/01/2019,6.97,
650003,365,Fine particles (PM 2.5),Mean,mcg/m3,CD,313,Coney Island (CD13),Summer 2019,06/01/2019,7.6,
411082,365,Fine particles (PM 2.5),Mean,mcg/m3,CD,315,Sheepshead Bay (CD15),Annual Average 2016,12/31/2015,6.78,
170395,365,Fine particles (PM 2.5),Mean,mcg/m3,CD,413,Queens Village (CD13),Annual Average 2012,12/01/2011,8.05,
170377,365,Fine particles (PM 2.5),Mean,mcg/m3,CD,313,Coney Island (CD13),Annual Average 2012,12/01/2011,8.24,
168448,365,Fine particles (PM 2.5),Mean,mcg/m3,CD,413,Queens Village (CD13),Winter 2008-09,12/01/2008,11.72,
213808,365,Fine particles (PM 2.5),Mean,mcg/m3,CD,413,Queens Village (CD13),Winter 2013-14,12/01/2013,10.35,
650056,365,Fine particles (PM 2.5),Mean,mcg/m3,CD,413,Queens Village (CD13),Annual Average 2019,01/01/2019,6.03,
606058,365,Fine particles (PM 2.5),Mean,mcg/m3,CD,413,Queens Village (CD13),Winter 2017-18,12/01/2017,7.47,
168489,365,Fine particles (PM 2.5),Mean,mcg/m3,CD,313,Coney Island (CD13),Winter 2009-10,12/01/2009,8.85,
168607,365,Fine particles (PM 2.5),Mean,mcg/m3,CD,313,Coney Island (CD13),Winter 2011-12,12/01/2011,7.86,
214144,365,Fine particles (PM 2.5),Mean,mcg/m3,CD,313,Coney Island (CD13),Annual Average 2014,12/01/2013,8.32,
168550,365,Fine particles (PM 2.5),Mean,mcg/m3,CD,315,Sheepshead Bay (CD15),Winter 2010-11,12/01/2010,11.6,
166655,375,Nitrogen dioxide (NO2),Mean,ppb,CD,308,Crown Heights and Prospect Heights (CD8),Summer 2009,06/01/2009,24.26,
167776,375,Nitrogen dioxide (NO2),Mean,ppb,CD,308,Crown Heights and Prospect Heights (CD8),Annual Average 2013,12/01/2012,22.84,
336816,375,Nitrogen dioxide (NO2),Mean,ppb,CD,308,Crown Heights and Prospect Heights (CD8),Winter 2014-15,12/01/2014,26.73,
550085,375,Nitrogen dioxide (NO2),Mean,ppb,CD,308,Crown Heights and Prospect Heights (CD8),Annual Average 2017,01/01/2017,20.54,
740985,375,Nitrogen dioxide (NO2),Mean,ppb,UHF42,403,Flushing - Clearview,Annual Average 2021,01/01/2021,15.66,
175365,375,Nitrogen dioxide (NO2),Mean,ppb,UHF42,405,Ridgewood - Forest Hills,Winter 2010-11,12/01/2010,30.69,
175911,375,Nitrogen dioxide (NO2),Mean,ppb,UHF42,405,Ridgewood - Forest Hills,Summer 2009,06/01/2009,19.91,
336588,375,Nitrogen dioxide (NO2),Mean,ppb,UHF42,405,Ridgewood - Forest Hills,Winter 2014-15,12/01/2014,24.7,
168441,365,Fine particles (PM 2.5),Mean,mcg/m3,CD,406,Rego Park and Forest Hills (CD6),Winter 2008-09,12/01/2008,13.51,
606037,365,Fine particles (PM 2.5),Mean,mcg/m3,CD,406,Rego Park and Forest Hills (CD6),Winter 2017-18,12/01/2017,8.02,
169532,365,Fine particles (PM 2.5),Mean,mcg/m3,CD,206,Belmont and East Tremont (CD6),Summer 2013,06/01/2013,10.7,
169473,365,Fine particles (PM 2.5),Mean,mcg/m3,CD,206,Belmont and East Tremont (CD6),Summer 2012,06/01/2012,10.77,
411019,365,Fine particles (PM 2.5),Mean,mcg/m3,CD,206,Belmont and East Tremont (CD6),Annual Average 2016,12/31/2015,7.96,
170313,365,Fine particles (PM 2.5),Mean,mcg/m3,CD,308,Crown Heights and Prospect Heights (CD8),Annual Average 2011,12/01/2010,10.36,
213962,365,Fine particles (PM 2.5),Mean,mcg/m3,CD,308,Crown Heights and Prospect Heights (CD8),Summer 2014,06/01/2014,9.02,
170195,365,Fine particles (PM 2.5),Mean,mcg/m3,CD,308,Crown Heights and Prospect Heights (CD8),Annual Average 2009,12/01/2008,10.79,
649989,365,Fine particles (PM 2.5),Mean,mcg/m3,CD,308,Crown Heights and Prospect Heights (CD8),Winter 2018-19,12/01/2018,7.34,
179767,640,Boiler Emissions- Total SO2 Emissions,Number per km2,number,UHF42,503,Willowbrook,2015,01/01/2015,0,
179781,640,Boiler Emissions- Total SO2 Emissions,Number per km2,number,UHF42,405,Ridgewood - Forest Hills,2015,01/01/2015,1.3,
179779,640,Boiler Emissions- Total SO2 Emissions,Number per km2,number,UHF42,403,Flushing - Clearview,2015,01/01/2015,3,
179795,640,Boiler Emissions- Total SO2 Emissions,Number per km2,number,UHF42,303,East Harlem,2015,01/01/2015,4.8,
605723,365,Fine particles (PM 2.5),Mean,mcg/m3,UHF42,303,East Harlem,Annual Average 2018,01/01/2018,7.39,
742223,365,Fine particles (PM 2.5),Mean,mcg/m3,UHF42,303,East Harlem,Summer 2021,06/01/2021,8.69,
410797,365,Fine particles (PM 2.5),Mean,mcg/m3,UHF42,303,East Harlem,Annual Average 2016,12/31/2015,8.19,
168602,365,Fine particles (PM 2.5),Mean,mcg/m3,CD,308,Crown Heights and Prospect Heights (CD8),Winter 2011-12,12/01/2011,9.62,
168484,365,Fine particles (PM 2.5),Mean,mcg/m3,CD,308,Crown Heights and Prospect Heights (CD8),Winter 2009-10,12/01/2009,10.35,
214139,365,Fine particles (PM 2.5),Mean,mcg/m3,CD,308,Crown Heights and Prospect Heights (CD8),Annual Average 2014,12/01/2013,9.2,
547692,365,Fine particles (PM 2.5),Mean,mcg/m3,CD,308,Crown Heights and Prospect Heights (CD8),Summer 2017,06/01/2017,9.17,
178545,365,Fine particles (PM 2.5),Mean,mcg/m3,UHF42,303,East Harlem,Annual Average 2012,12/01/2011,9.98,
178547,365,Fine particles (PM 2.5),Mean,mcg/m3,UHF42,305,Upper East Side,Annual Average 2012,12/01/2011,11.19,
742496,365,Fine particles (PM 2.5),Mean,mcg/m3,CD,311,Bensonhurst (CD11),Summer 2021,06/01/2021,8.24,
411028,365,Fine particles (PM 2.5),Mean,mcg/m3,CD,209,Parkchester and Soundview (CD9),Annual Average 2016,12/31/2015,7.6,
605954,365,Fine particles (PM 2.5),Mean,mcg/m3,CD,209,Parkchester and Soundview (CD9),Annual Average 2018,01/01/2018,7.11,
742454,365,Fine particles (PM 2.5),Mean,mcg/m3,CD,209,Parkchester and Soundview (CD9),Summer 2021,06/01/2021,8.63,
411118,365,Fine particles (PM 2.5),Mean,mcg/m3,CD,409,Kew Gardens and Woodhaven (CD9),Annual Average 2016,12/31/2015,7.29,
650990,386,Ozone (O3),Mean,ppb,UHF34,410,Rockaways,Summer 2019,06/01/2019,37.44,
216593,386,Ozone (O3),Mean,ppb,CD,411,Bayside and Little Neck (CD11),Summer 2012,06/01/2012,33.89,
216594,386,Ozone (O3),Mean,ppb,CD,411,Bayside and Little Neck (CD11),Summer 2013,06/01/2013,30.83,
169311,365,Fine particles (PM 2.5),Mean,mcg/m3,CD,309,South Crown Heights and Lefferts Gardens (CD9),Summer 2009,06/01/2009,10.84,
334281,365,Fine particles (PM 2.5),Mean,mcg/m3,CD,309,South Crown Heights and Lefferts Gardens (CD9),Winter 2014-15,12/01/2014,8.94,
547696,365,Fine particles (PM 2.5),Mean,mcg/m3,CD,309,South Crown Heights and Lefferts Gardens (CD9),Annual Average 2017,01/01/2017,7.38,
742491,365,Fine particles (PM 2.5),Mean,mcg/m3,CD,309,South Crown Heights and Lefferts Gardens (CD9),Annual Average 2021,01/01/2021,6.5,
742461,365,Fine particles (PM 2.5),Mean,mcg/m3,CD,211,Morris Park and Bronxdale (CD11),Annual Average 2021,01/01/2021,6.55,
411064,365,Fine particles (PM 2.5),Mean,mcg/m3,CD,309,South Crown Heights and Lefferts Gardens (CD9),Annual Average 2016,12/31/2015,7.77,
606044,365,Fine particles (PM 2.5),Mean,mcg/m3,CD,409,Kew Gardens and Woodhaven (CD9),Annual Average 2018,01/01/2018,6.79,
742544,365,Fine particles (PM 2.5),Mean,mcg/m3,CD,409,Kew Gardens and Woodhaven (CD9),Summer 2021,06/01/2021,8.13,
169508,365,Fine particles (PM 2.5),Mean,mcg/m3,CD,411,Bayside and Little Neck (CD11),Summer 2012,06/01/2012,9.81,
169567,365,Fine particles (PM 2.5),Mean,mcg/m3,CD,411,Bayside and Little Neck (CD11),Summer 2013,06/01/2013,9.91,
411124,365,Fine particles (PM 2.5),Mean,mcg/m3,CD,411,Bayside and Little Neck (CD11),Annual Average 2016,12/31/2015,6.87,
216414,386,Ozone (O3),Mean,ppb,CD,211,Morris Park and Bronxdale (CD11),Summer 2013,06/01/2013,31.59,
743627,386,Ozone (O3),Mean,ppb,CD,211,Morris Park and Bronxdale (CD11),Summer 2021,06/01/2021,30.32,
743599,386,Ozone (O3),Mean,ppb,CD,409,Kew Gardens and Woodhaven (CD9),Summer 2021,06/01/2021,31.09,
216581,386,Ozone (O3),Mean,ppb,CD,409,Kew Gardens and Woodhaven (CD9),Summer 2012,06/01/2012,33.2,
412756,375,Nitrogen dioxide (NO2),Mean,ppb,CD,309,South Crown Heights and Lefferts Gardens (CD9),Annual Average 2016,12/31/2015,20.11,
603029,375,Nitrogen dioxide (NO2),Mean,ppb,CD,309,South Crown Heights and Lefferts Gardens (CD9),Annual Average 2018,01/01/2018,19.12,
603083,375,Nitrogen dioxide (NO2),Mean,ppb,CD,409,Kew Gardens and Woodhaven (CD9),Annual Average 2018,01/01/2018,18.17,
741275,375,Nitrogen dioxide (NO2),Mean,ppb,CD,409,Kew Gardens and Woodhaven (CD9),Summer 2021,06/01/2021,10.83,
606050,365,Fine particles (PM 2.5),Mean,mcg/m3,CD,411,Bayside and Little Neck (CD11),Annual Average 2018,01/01/2018,6.48,
742550,365,Fine particles (PM 2.5),Mean,mcg/m3,CD,411,Bayside and Little Neck (CD11),Summer 2021,06/01/2021,7.91,
605990,365,Fine particles (PM 2.5),Mean,mcg/m3,CD,309,South Crown Heights and Lefferts Gardens (CD9),Annual Average 2018,01/01/2018,7.13,
167739,375,Nitrogen dioxide (NO2),Mean,ppb,CD,412,Jamaica and Hollis (CD12),Annual Average 2012,12/01/2011,19.41,
671094,386,Ozone (O3),Mean,ppb,CD,412,Jamaica and Hollis (CD12),Summer 2020,06/01/2020,29.45,
"151582,661,Asthma hospitalizations due to Ozone,Estimated annual rate (age 18+),""per 100,000 adults"",UHF42,201,Greenpoint,2009-2011,01/01/2009,3.5,"
"151593,661,Asthma hospitalizations due to Ozone,Estimated annual rate (age 18+),""per 100,000 adults"",UHF42,301,Washington Heights,2009-2011,01/01/2009,5.8,"
"151613,661,Asthma hospitalizations due to Ozone,Estimated annual rate (age 18+),""per 100,000 adults"",UHF42,501,Port Richmond,2009-2011,01/01/2009,12.1,"
"131322,661,Asthma hospitalizations due to Ozone,Estimated annual rate (age 18+),""per 100,000 adults"",UHF42,201,Greenpoint,2005-2007,01/01/2005,5.8,"
"131353,661,Asthma hospitalizations due to Ozone,Estimated annual rate (age 18+),""per 100,000 adults"",UHF42,501,Port Richmond,2005-2007,01/01/2005,8,"
"131333,661,Asthma hospitalizations due to Ozone,Estimated annual rate (age 18+),""per 100,000 adults"",UHF42,301,Washington Heights,2005-2007,01/01/2005,6.6,"
"131315,661,Asthma hospitalizations due to Ozone,Estimated annual rate (age 18+),""per 100,000 adults"",UHF42,101,Kingsbridge - Riverdale,2005-2007,01/01/2005,6.3,"
"131247,657,Asthma emergency department visits due to PM2.5,Estimated annual rate (age 18+),""per 100,000 adults"",UHF42,401,Long Island City - Astoria,2005-2007,01/01/2005,18.2,"
"518974,657,Asthma emergency department visits due to PM2.5,Estimated annual rate (age 18+),""per 100,000 adults"",UHF42,501,Port Richmond,2012-2014,01/02/2012,53.99,"
"628523,657,Asthma emergency department visits due to PM2.5,Estimated annual rate (age 18+),""per 100,000 adults"",UHF42,501,Port Richmond,2015-2017,01/01/2015,45.6,"
165910,375,Nitrogen dioxide (NO2),Mean,ppb,CD,412,Jamaica and Hollis (CD12),Winter 2010-11,12/01/2010,28.4,
166677,375,Nitrogen dioxide (NO2),Mean,ppb,CD,412,Jamaica and Hollis (CD12),Summer 2009,06/01/2009,18.47,
336882,375,Nitrogen dioxide (NO2),Mean,ppb,CD,412,Jamaica and Hollis (CD12),Winter 2014-15,12/01/2014,24.09,
603038,375,Nitrogen dioxide (NO2),Mean,ppb,CD,312,Borough Park (CD12),Annual Average 2018,01/01/2018,18.5,
741230,375,Nitrogen dioxide (NO2),Mean,ppb,CD,312,Borough Park (CD12),Summer 2021,06/01/2021,11.63,
412759,375,Nitrogen dioxide (NO2),Mean,ppb,CD,310,Bay Ridge and Dyker Heights (CD10),Annual Average 2016,12/31/2015,18.54,
603032,375,Nitrogen dioxide (NO2),Mean,ppb,CD,310,Bay Ridge and Dyker Heights (CD10),Annual Average 2018,01/01/2018,17.7,
"131449,648,Asthma emergency department visits due to PM2.5,Estimated annual rate (under age 18),""per 100,000 children"",UHF42,501,Port Richmond,2009-2011,01/01/2009,92,"
"518916,648,Asthma emergency department visits due to PM2.5,Estimated annual rate (under age 18),""per 100,000 children"",UHF42,401,Long Island City - Astoria,2012-2014,01/02/2012,48.83,"
"628465,648,Asthma emergency department visits due to PM2.5,Estimated annual rate (under age 18),""per 100,000 children"",UHF42,401,Long Island City - Astoria,2015-2017,01/01/2015,46.1,"
216585,386,Ozone (O3),Mean,ppb,CD,410,South Ozone Park and Howard Beach (CD10),Summer 2010,06/01/2010,34.6,
216586,386,Ozone (O3),Mean,ppb,CD,410,South Ozone Park and Howard Beach (CD10),Summer 2011,06/01/2011,34.17,
412122,386,Ozone (O3),Mean,ppb,CD,410,South Ozone Park and Howard Beach (CD10),Summer 2016,06/01/2016,34.86,
166734,375,Nitrogen dioxide (NO2),Mean,ppb,CD,410,South Ozone Park and Howard Beach (CD10),Summer 2010,06/01/2010,17.03,
166793,375,Nitrogen dioxide (NO2),Mean,ppb,CD,410,South Ozone Park and Howard Beach (CD10),Summer 2011,06/01/2011,16.78,
412812,375,Nitrogen dioxide (NO2),Mean,ppb,CD,410,South Ozone Park and Howard Beach (CD10),Summer 2016,06/01/2016,12.12,
741283,375,Nitrogen dioxide (NO2),Mean,ppb,CD,412,Jamaica and Hollis (CD12),Winter 2020-21,12/01/2020,20.86,
171561,375,Nitrogen dioxide (NO2),Mean,ppb,UHF34,103,Fordham - Bronx Pk,Winter 2008-09,12/01/2008,29.69,
211573,375,Nitrogen dioxide (NO2),Mean,ppb,UHF34,403,Flushing - Clearview,Winter 2013-14,12/01/2013,26.95,
171587,375,Nitrogen dioxide (NO2),Mean,ppb,UHF34,306308,Chelsea-Village,Winter 2008-09,12/01/2008,42.67,
171576,375,Nitrogen dioxide (NO2),Mean,ppb,UHF34,303,East Harlem,Winter 2008-09,12/01/2008,34.29,
643495,375,Nitrogen dioxide (NO2),Mean,ppb,UHF34,303,East Harlem,Annual Average 2019,01/01/2019,19.4,
211570,375,Nitrogen dioxide (NO2),Mean,ppb,UHF34,304,Upper West Side,Winter 2013-14,12/01/2013,30.99,
667346,375,Nitrogen dioxide (NO2),Mean,ppb,UHF34,203,Bedford Stuyvesant - Crown Heights,Winter 2019-20,12/01/2019,27.58,
171702,375,Nitrogen dioxide (NO2),Mean,ppb,UHF34,204,East New York,Winter 2012-13,12/01/2012,25.3,
336638,375,Nitrogen dioxide (NO2),Mean,ppb,UHF34,204,East New York,Summer 2015,06/01/2015,13.88,
172615,375,Nitrogen dioxide (NO2),Mean,ppb,UHF34,103,Fordham - Bronx Pk,Annual Average 2010,12/01/2009,22.06,
336623,375,Nitrogen dioxide (NO2),Mean,ppb,UHF34,103,Fordham - Bronx Pk,Summer 2015,06/01/2015,16.04,
667436,375,Nitrogen dioxide (NO2),Mean,ppb,UHF34,403,Flushing - Clearview,Winter 2019-20,12/01/2019,22.92,
171723,375,Nitrogen dioxide (NO2),Mean,ppb,UHF34,306308,Chelsea-Village,Winter 2012-13,12/01/2012,34.64,
221829,386,Ozone (O3),Mean,ppb,UHF34,203,Bedford Stuyvesant - Crown Heights,Summer 2013,06/01/2013,29.66,
221828,386,Ozone (O3),Mean,ppb,UHF34,203,Bedford Stuyvesant - Crown Heights,Summer 2012,06/01/2012,32.12,
221961,386,Ozone (O3),Mean,ppb,UHF34,306308,Chelsea-Village,Summer 2013,06/01/2013,24.1,
221960,386,Ozone (O3),Mean,ppb,UHF34,306308,Chelsea-Village,Summer 2012,06/01/2012,26.62,
221955,386,Ozone (O3),Mean,ppb,UHF34,305307,Upper East Side-Gramercy,Summer 2013,06/01/2013,24.26,
221804,386,Ozone (O3),Mean,ppb,UHF34,103,Fordham - Bronx Pk,Summer 2012,06/01/2012,34.08,
221805,386,Ozone (O3),Mean,ppb,UHF34,103,Fordham - Bronx Pk,Summer 2013,06/01/2013,30.79,
221918,386,Ozone (O3),Mean,ppb,UHF34,403,Flushing - Clearview,Summer 2012,06/01/2012,34.46,
221954,386,Ozone (O3),Mean,ppb,UHF34,305307,Upper East Side-Gramercy,Summer 2012,06/01/2012,26.81,
743656,386,Ozone (O3),Mean,ppb,UHF34,306308,Chelsea-Village,Summer 2021,06/01/2021,27.39,
177932,365,Fine particles (PM 2.5),Mean,mcg/m3,UHF42,410,Rockaways,Summer 2012,06/01/2012,9.41,
177974,365,Fine particles (PM 2.5),Mean,mcg/m3,UHF42,410,Rockaways,Summer 2013,06/01/2013,9.45,
410848,365,Fine particles (PM 2.5),Mean,mcg/m3,UHF42,410,Rockaways,Annual Average 2016,12/31/2015,5.98,
742271,365,Fine particles (PM 2.5),Mean,mcg/m3,UHF42,409,Southeast Queens,Summer 2021,06/01/2021,7.69,
605771,365,Fine particles (PM 2.5),Mean,mcg/m3,UHF42,409,Southeast Queens,Annual Average 2018,01/01/2018,6.42,
410880,365,Fine particles (PM 2.5),Mean,mcg/m3,UHF34,203,Bedford Stuyvesant - Crown Heights,Summer 2016,06/01/2016,8.28,
173640,365,Fine particles (PM 2.5),Mean,mcg/m3,UHF34,204,East New York,Summer 2010,06/01/2010,11.93,
173674,365,Fine particles (PM 2.5),Mean,mcg/m3,UHF34,204,East New York,Summer 2011,06/01/2011,11.57,
173635,365,Fine particles (PM 2.5),Mean,mcg/m3,UHF34,103,Fordham - Bronx Pk,Summer 2010,06/01/2010,11.97,
410868,365,Fine particles (PM 2.5),Mean,mcg/m3,UHF34,103,Fordham - Bronx Pk,Summer 2016,06/01/2016,8.05,
410912,365,Fine particles (PM 2.5),Mean,mcg/m3,UHF34,303,East Harlem,Winter 2015-16,12/01/2015,8.59,
173695,365,Fine particles (PM 2.5),Mean,mcg/m3,UHF34,306308,Chelsea-Village,Summer 2011,06/01/2011,13.86,
"628445,648,Asthma emergency department visits due to PM2.5,Estimated annual rate (under age 18),""per 100,000 children"",UHF42,202,Downtown - Heights - Slope,2015-2017,01/01/2015,46.4,"
170321,365,Fine particles (PM 2.5),Mean,mcg/m3,CD,316,Brownsville (CD16),Annual Average 2011,12/01/2010,10.3,
334300,365,Fine particles (PM 2.5),Mean,mcg/m3,CD,316,Brownsville (CD16),Annual Average 2015,01/01/2015,8.88,
178474,365,Fine particles (PM 2.5),Mean,mcg/m3,UHF42,406,Fresh Meadows,Annual Average 2010,12/01/2009,9.25,
177340,365,Fine particles (PM 2.5),Mean,mcg/m3,UHF42,406,Fresh Meadows,Winter 2012-13,12/01/2012,9.68,
177830,365,Fine particles (PM 2.5),Mean,mcg/m3,UHF42,302,Central Harlem - Morningside Heights,Summer 2010,06/01/2010,12.49,
177872,365,Fine particles (PM 2.5),Mean,mcg/m3,UHF42,302,Central Harlem - Morningside Heights,Summer 2011,06/01/2011,11.93,
410792,365,Fine particles (PM 2.5),Mean,mcg/m3,UHF42,302,Central Harlem - Morningside Heights,Winter 2015-16,12/01/2015,8.42,
177284,365,Fine particles (PM 2.5),Mean,mcg/m3,UHF42,302,Central Harlem - Morningside Heights,Winter 2011-12,12/01/2011,10.85,
177200,365,Fine particles (PM 2.5),Mean,mcg/m3,UHF42,302,Central Harlem - Morningside Heights,Winter 2009-10,12/01/2009,11.46,
547425,365,Fine particles (PM 2.5),Mean,mcg/m3,UHF42,302,Central Harlem - Morningside Heights,Summer 2017,06/01/2017,9.91,
547427,365,Fine particles (PM 2.5),Mean,mcg/m3,UHF42,302,Central Harlem - Morningside Heights,Winter 2016-17,12/01/2016,8.28,
212943,365,Fine particles (PM 2.5),Mean,mcg/m3,UHF42,306,Chelsea - Clinton,Annual Average 2014,12/01/2013,12.53,
547439,365,Fine particles (PM 2.5),Mean,mcg/m3,UHF42,306,Chelsea - Clinton,Winter 2016-17,12/01/2016,10.05,
547437,365,Fine particles (PM 2.5),Mean,mcg/m3,UHF42,306,Chelsea - Clinton,Summer 2017,06/01/2017,11.34,
669767,365,Fine particles (PM 2.5),Mean,mcg/m3,UHF42,306,Chelsea - Clinton,Summer 2020,06/01/2020,8.7,
742188,365,Fine particles (PM 2.5),Mean,mcg/m3,UHF42,202,Downtown - Heights - Slope,Annual Average 2021,01/01/2021,7.1,
177792,365,Fine particles (PM 2.5),Mean,mcg/m3,UHF42,306,Chelsea - Clinton,Summer 2009,06/01/2009,14.29,
178590,365,Fine particles (PM 2.5),Mean,mcg/m3,UHF42,306,Chelsea - Clinton,Annual Average 2013,12/01/2012,12.41,
178502,365,Fine particles (PM 2.5),Mean,mcg/m3,UHF42,302,Central Harlem - Morningside Heights,Annual Average 2011,12/01/2010,11.13,
178418,365,Fine particles (PM 2.5),Mean,mcg/m3,UHF42,302,Central Harlem - Morningside Heights,Annual Average 2009,12/01/2008,11.6,
334009,365,Fine particles (PM 2.5),Mean,mcg/m3,UHF42,302,Central Harlem - Morningside Heights,Annual Average 2015,01/01/2015,9.36,
649722,365,Fine particles (PM 2.5),Mean,mcg/m3,UHF42,302,Central Harlem - Morningside Heights,Winter 2018-19,12/01/2018,7.59,
178422,365,Fine particles (PM 2.5),Mean,mcg/m3,UHF42,306,Chelsea - Clinton,Annual Average 2009,12/01/2008,14.24,
212817,365,Fine particles (PM 2.5),Mean,mcg/m3,UHF42,306,Chelsea - Clinton,Summer 2014,06/01/2014,11.83,
649734,365,Fine particles (PM 2.5),Mean,mcg/m3,UHF42,306,Chelsea - Clinton,Winter 2018-19,12/01/2018,11.75,
130416,640,Boiler Emissions- Total SO2 Emissions,Number per km2,number,UHF42,302,Central Harlem - Morningside Heights,2013,01/01/2013,15.7,
410804,365,Fine particles (PM 2.5),Mean,mcg/m3,UHF42,306,Chelsea - Clinton,Winter 2015-16,12/01/2015,10.66,
410760,365,Fine particles (PM 2.5),Mean,mcg/m3,UHF42,202,Downtown - Heights - Slope,Summer 2016,06/01/2016,9.15,
130420,640,Boiler Emissions- Total SO2 Emissions,Number per km2,number,UHF42,306,Chelsea - Clinton,2013,01/01/2013,67.4,
168610,365,Fine particles (PM 2.5),Mean,mcg/m3,CD,316,Brownsville (CD16),Winter 2011-12,12/01/2011,9.37,
169501,365,Fine particles (PM 2.5),Mean,mcg/m3,CD,404,Elmhurst and Corona (CD4),Summer 2012,06/01/2012,10.47,
169560,365,Fine particles (PM 2.5),Mean,mcg/m3,CD,404,Elmhurst and Corona (CD4),Summer 2013,06/01/2013,10.46,
169514,365,Fine particles (PM 2.5),Mean,mcg/m3,CD,503,Tottenville and Great Kills (CD3),Summer 2012,06/01/2012,9.8,
169573,365,Fine particles (PM 2.5),Mean,mcg/m3,CD,503,Tottenville and Great Kills (CD3),Summer 2013,06/01/2013,9.13,
606017,365,Fine particles (PM 2.5),Mean,mcg/m3,CD,318,Flatlands and Canarsie (CD18),Annual Average 2018,01/01/2018,6.66,
742517,365,Fine particles (PM 2.5),Mean,mcg/m3,CD,318,Flatlands and Canarsie (CD18),Summer 2021,06/01/2021,7.97,
169541,365,Fine particles (PM 2.5),Mean,mcg/m3,CD,303,Bedford Stuyvesant (CD3),Summer 2013,06/01/2013,10.37,
169482,365,Fine particles (PM 2.5),Mean,mcg/m3,CD,303,Bedford Stuyvesant (CD3),Summer 2012,06/01/2012,10.47,
169556,365,Fine particles (PM 2.5),Mean,mcg/m3,CD,318,Flatlands and Canarsie (CD18),Summer 2013,06/01/2013,9.82,
169497,365,Fine particles (PM 2.5),Mean,mcg/m3,CD,318,Flatlands and Canarsie (CD18),Summer 2012,06/01/2012,9.93,
411091,365,Fine particles (PM 2.5),Mean,mcg/m3,CD,318,Flatlands and Canarsie (CD18),Annual Average 2016,12/31/2015,7.08,
170309,365,Fine particles (PM 2.5),Mean,mcg/m3,CD,304,Bushwick (CD4),Annual Average 2011,12/01/2010,10.31,
170340,365,Fine particles (PM 2.5),Mean,mcg/m3,CD,503,Tottenville and Great Kills (CD3),Annual Average 2011,12/01/2010,9.33,
168671,365,Fine particles (PM 2.5),Mean,mcg/m3,CD,318,Flatlands and Canarsie (CD18),Winter 2012-13,12/01/2012,9.81,
168656,365,Fine particles (PM 2.5),Mean,mcg/m3,CD,303,Bedford Stuyvesant (CD3),Winter 2012-13,12/01/2012,10.41,
669887,365,Fine particles (PM 2.5),Mean,mcg/m3,CD,303,Bedford Stuyvesant (CD3),Winter 2019-20,12/01/2019,7.99,
168657,365,Fine particles (PM 2.5),Mean,mcg/m3,CD,304,Bushwick (CD4),Winter 2012-13,12/01/2012,10.39,
170250,365,Fine particles (PM 2.5),Mean,mcg/m3,CD,304,Bushwick (CD4),Annual Average 2010,12/01/2009,9.84,
649976,365,Fine particles (PM 2.5),Mean,mcg/m3,CD,304,Bushwick (CD4),Summer 2019,06/01/2019,8.56,
669890,365,Fine particles (PM 2.5),Mean,mcg/m3,CD,304,Bushwick (CD4),Winter 2019-20,12/01/2019,8.07,
170281,365,Fine particles (PM 2.5),Mean,mcg/m3,CD,503,Tottenville and Great Kills (CD3),Annual Average 2010,12/01/2009,8.75,
669983,365,Fine particles (PM 2.5),Mean,mcg/m3,CD,503,Tottenville and Great Kills (CD3),Winter 2019-20,12/01/2019,5.95,
166904,375,Nitrogen dioxide (NO2),Mean,ppb,CD,403,Jackson Heights (CD3),Summer 2013,06/01/2013,17.84,
412792,375,Nitrogen dioxide (NO2),Mean,ppb,CD,403,Jackson Heights (CD3),Annual Average 2016,12/31/2015,20.32,
603065,375,Nitrogen dioxide (NO2),Mean,ppb,CD,403,Jackson Heights (CD3),Annual Average 2018,01/01/2018,19.09,
166846,375,Nitrogen dioxide (NO2),Mean,ppb,CD,404,Elmhurst and Corona (CD4),Summer 2012,06/01/2012,20.2,
166905,375,Nitrogen dioxide (NO2),Mean,ppb,CD,404,Elmhurst and Corona (CD4),Summer 2013,06/01/2013,19.38,
741299,375,Nitrogen dioxide (NO2),Mean,ppb,CD,503,Tottenville and Great Kills (CD3),Summer 2021,06/01/2021,5.09,
167671,375,Nitrogen dioxide (NO2),Mean,ppb,CD,403,Jackson Heights (CD3),Annual Average 2011,12/01/2010,24.74,
167554,375,Nitrogen dioxide (NO2),Mean,ppb,CD,404,Elmhurst and Corona (CD4),Annual Average 2009,12/01/2008,26.86,
336856,375,Nitrogen dioxide (NO2),Mean,ppb,CD,404,Elmhurst and Corona (CD4),Annual Average 2015,01/01/2015,21.87,
667789,375,Nitrogen dioxide (NO2),Mean,ppb,CD,404,Elmhurst and Corona (CD4),Annual Average 2020,01/01/2020,17.52,
169428,365,Fine particles (PM 2.5),Mean,mcg/m3,CD,308,Crown Heights and Prospect Heights (CD8),Summer 2011,06/01/2011,11.53,
169369,365,Fine particles (PM 2.5),Mean,mcg/m3,CD,308,Crown Heights and Prospect Heights (CD8),Summer 2010,06/01/2010,11.96,
411059,365,Fine particles (PM 2.5),Mean,mcg/m3,CD,308,Crown Heights and Prospect Heights (CD8),Winter 2015-16,12/01/2015,8.84,
411060,365,Fine particles (PM 2.5),Mean,mcg/m3,CD,308,Crown Heights and Prospect Heights (CD8),Summer 2016,06/01/2016,8.28,
742486,365,Fine particles (PM 2.5),Mean,mcg/m3,CD,308,Crown Heights and Prospect Heights (CD8),Winter 2020-21,12/01/2020,6.89,
547694,365,Fine particles (PM 2.5),Mean,mcg/m3,CD,308,Crown Heights and Prospect Heights (CD8),Winter 2016-17,12/01/2016,7.88,
605988,365,Fine particles (PM 2.5),Mean,mcg/m3,CD,308,Crown Heights and Prospect Heights (CD8),Summer 2018,06/01/2018,8.47,
669903,365,Fine particles (PM 2.5),Mean,mcg/m3,CD,308,Crown Heights and Prospect Heights (CD8),Summer 2020,06/01/2020,7.03,
605982,365,Fine particles (PM 2.5),Mean,mcg/m3,CD,306,Park Slope and Carroll Gardens (CD6),Summer 2018,06/01/2018,9,
169296,365,Fine particles (PM 2.5),Mean,mcg/m3,CD,206,Belmont and East Tremont (CD6),Summer 2009,06/01/2009,11.05,
168529,365,Fine particles (PM 2.5),Mean,mcg/m3,CD,206,Belmont and East Tremont (CD6),Winter 2010-11,12/01/2010,14.37,
170417,365,Fine particles (PM 2.5),Mean,mcg/m3,CD,206,Belmont and East Tremont (CD6),Annual Average 2013,12/01/2012,9.46,
334236,365,Fine particles (PM 2.5),Mean,mcg/m3,CD,206,Belmont and East Tremont (CD6),Winter 2014-15,12/01/2014,10.44,
547651,365,Fine particles (PM 2.5),Mean,mcg/m3,CD,206,Belmont and East Tremont (CD6),Annual Average 2017,01/01/2017,7.94,
179733,642,Boiler Emissions- Total NOx Emissions,Number per km2,number,UHF42,405,Ridgewood - Forest Hills,2015,01/01/2015,22.5,
179829,641,Boiler Emissions- Total PM2.5 Emissions,Number per km2,number,UHF42,405,Ridgewood - Forest Hills,2015,01/01/2015,0.2,
179749,642,Boiler Emissions- Total NOx Emissions,Number per km2,number,UHF42,103,Fordham - Bronx Pk,2015,01/01/2015,65,
742224,365,Fine particles (PM 2.5),Mean,mcg/m3,UHF42,303,East Harlem,Annual Average 2021,01/01/2021,6.79,
177789,365,Fine particles (PM 2.5),Mean,mcg/m3,UHF42,303,East Harlem,Summer 2009,06/01/2009,10.95,
177243,365,Fine particles (PM 2.5),Mean,mcg/m3,UHF42,303,East Harlem,Winter 2010-11,12/01/2010,13.86,
334014,365,Fine particles (PM 2.5),Mean,mcg/m3,UHF42,303,East Harlem,Winter 2014-15,12/01/2014,10.33,
741213,375,Nitrogen dioxide (NO2),Mean,ppb,CD,306,Park Slope and Carroll Gardens (CD6),Annual Average 2021,01/01/2021,18.6,
741015,375,Nitrogen dioxide (NO2),Mean,ppb,UHF42,503,Willowbrook,Annual Average 2021,01/01/2021,13.26,
222595,386,Ozone (O3),Mean,ppb,UHF42,405,Ridgewood - Forest Hills,Summer 2011,06/01/2011,32.97,
222594,386,Ozone (O3),Mean,ppb,UHF42,405,Ridgewood - Forest Hills,Summer 2010,06/01/2010,33.32,
412026,386,Ozone (O3),Mean,ppb,UHF42,405,Ridgewood - Forest Hills,Summer 2016,06/01/2016,33.48,
412016,386,Ozone (O3),Mean,ppb,UHF42,305,Upper East Side,Summer 2016,06/01/2016,30.17,
175995,375,Nitrogen dioxide (NO2),Mean,ppb,UHF42,405,Ridgewood - Forest Hills,Summer 2011,06/01/2011,18.51,
412523,375,Nitrogen dioxide (NO2),Mean,ppb,UHF42,405,Ridgewood - Forest Hills,Winter 2015-16,12/01/2015,23.39,
175961,375,Nitrogen dioxide (NO2),Mean,ppb,UHF42,503,Willowbrook,Summer 2010,06/01/2010,13.07,
176003,375,Nitrogen dioxide (NO2),Mean,ppb,UHF42,503,Willowbrook,Summer 2011,06/01/2011,12.83,
169317,365,Fine particles (PM 2.5),Mean,mcg/m3,CD,315,Sheepshead Bay (CD15),Summer 2009,06/01/2009,10.38,
170438,365,Fine particles (PM 2.5),Mean,mcg/m3,CD,315,Sheepshead Bay (CD15),Annual Average 2013,12/01/2012,8.14,
606008,365,Fine particles (PM 2.5),Mean,mcg/m3,CD,315,Sheepshead Bay (CD15),Annual Average 2018,01/01/2018,6.54,
170200,365,Fine particles (PM 2.5),Mean,mcg/m3,CD,313,Coney Island (CD13),Annual Average 2009,12/01/2008,9.43,
170318,365,Fine particles (PM 2.5),Mean,mcg/m3,CD,313,Coney Island (CD13),Annual Average 2011,12/01/2010,9.37,
213967,365,Fine particles (PM 2.5),Mean,mcg/m3,CD,313,Coney Island (CD13),Summer 2014,06/01/2014,7.9,
650004,365,Fine particles (PM 2.5),Mean,mcg/m3,CD,313,Coney Island (CD13),Winter 2018-19,12/01/2018,6.61,
669916,365,Fine particles (PM 2.5),Mean,mcg/m3,CD,313,Coney Island (CD13),Annual Average 2020,01/01/2020,5.69,
170202,365,Fine particles (PM 2.5),Mean,mcg/m3,CD,315,Sheepshead Bay (CD15),Annual Average 2009,12/01/2008,9.59,
170320,365,Fine particles (PM 2.5),Mean,mcg/m3,CD,315,Sheepshead Bay (CD15),Annual Average 2011,12/01/2010,9.46,
213969,365,Fine particles (PM 2.5),Mean,mcg/m3,CD,315,Sheepshead Bay (CD15),Summer 2014,06/01/2014,8.03,
334297,365,Fine particles (PM 2.5),Mean,mcg/m3,CD,315,Sheepshead Bay (CD15),Annual Average 2015,01/01/2015,7.76,
742507,365,Fine particles (PM 2.5),Mean,mcg/m3,CD,315,Sheepshead Bay (CD15),Winter 2020-21,12/01/2020,6.58,
169433,365,Fine particles (PM 2.5),Mean,mcg/m3,CD,313,Coney Island (CD13),Summer 2011,06/01/2011,11.02,
169374,365,Fine particles (PM 2.5),Mean,mcg/m3,CD,313,Coney Island (CD13),Summer 2010,06/01/2010,11.32,
169376,365,Fine particles (PM 2.5),Mean,mcg/m3,CD,315,Sheepshead Bay (CD15),Summer 2010,06/01/2010,11.37,
169435,365,Fine particles (PM 2.5),Mean,mcg/m3,CD,315,Sheepshead Bay (CD15),Summer 2011,06/01/2011,11.06,
168491,365,Fine particles (PM 2.5),Mean,mcg/m3,CD,315,Sheepshead Bay (CD15),Winter 2009-10,12/01/2009,9.12,
606009,365,Fine particles (PM 2.5),Mean,mcg/m3,CD,315,Sheepshead Bay (CD15),Summer 2018,06/01/2018,7.88,
336837,375,Nitrogen dioxide (NO2),Mean,ppb,CD,315,Sheepshead Bay (CD15),Winter 2014-15,12/01/2014,24.25,
550106,375,Nitrogen dioxide (NO2),Mean,ppb,CD,315,Sheepshead Bay (CD15),Annual Average 2017,01/01/2017,16.39,
412767,375,Nitrogen dioxide (NO2),Mean,ppb,CD,313,Coney Island (CD13),Summer 2016,06/01/2016,9.5,
166780,375,Nitrogen dioxide (NO2),Mean,ppb,CD,315,Sheepshead Bay (CD15),Summer 2011,06/01/2011,14.61,
166721,375,Nitrogen dioxide (NO2),Mean,ppb,CD,315,Sheepshead Bay (CD15),Summer 2010,06/01/2010,14.44,
412772,375,Nitrogen dioxide (NO2),Mean,ppb,CD,315,Sheepshead Bay (CD15),Winter 2015-16,12/01/2015,21.6,
154598,643,Annual vehicle miles traveled,million miles,per km2,CD,315,Sheepshead Bay (CD15),2005,01/01/2005,19.9,
154596,643,Annual vehicle miles traveled,million miles,per km2,CD,313,Coney Island (CD13),2005,01/01/2005,17.1,
154555,644,Annual vehicle miles travelled (cars),million miles,per km2,CD,413,Queens Village (CD13),2005,01/01/2005,29.7,
325402,644,Annual vehicle miles travelled (cars),million miles,per km2,CD,413,Queens Village (CD13),2016,01/01/2016,30.1,
154496,645,Annual vehicle miles travelled (trucks),million miles,per km2,CD,413,Queens Village (CD13),2005,01/01/2005,0.6,
325188,645,Annual vehicle miles travelled (trucks),million miles,per km2,CD,413,Queens Village (CD13),2016,01/01/2016,0.6,
667735,375,Nitrogen dioxide (NO2),Mean,ppb,CD,313,Coney Island (CD13),Annual Average 2020,01/01/2020,13.04,
166778,375,Nitrogen dioxide (NO2),Mean,ppb,CD,313,Coney Island (CD13),Summer 2011,06/01/2011,12.93,
741224,375,Nitrogen dioxide (NO2),Mean,ppb,CD,310,Bay Ridge and Dyker Heights (CD10),Summer 2021,06/01/2021,11.52,
166895,375,Nitrogen dioxide (NO2),Mean,ppb,CD,312,Borough Park (CD12),Summer 2013,06/01/2013,16.33,
166836,375,Nitrogen dioxide (NO2),Mean,ppb,CD,312,Borough Park (CD12),Summer 2012,06/01/2012,17,
412765,375,Nitrogen dioxide (NO2),Mean,ppb,CD,312,Borough Park (CD12),Annual Average 2016,12/31/2015,19.12,
166824,375,Nitrogen dioxide (NO2),Mean,ppb,CD,212,Williamsbridge and Baychester (CD12),Summer 2012,06/01/2012,15.7,
154611,643,Annual vehicle miles traveled,million miles,per km2,CD,410,South Ozone Park and Howard Beach (CD10),2005,01/01/2005,28.5,
325292,643,Annual vehicle miles traveled,million miles,per km2,CD,410,South Ozone Park and Howard Beach (CD10),2016,01/01/2016,32.3,
154613,643,Annual vehicle miles traveled,million miles,per km2,CD,412,Jamaica and Hollis (CD12),2005,01/01/2005,18.7,
325294,643,Annual vehicle miles traveled,million miles,per km2,CD,412,Jamaica and Hollis (CD12),2016,01/01/2016,16.8,
176075,375,Nitrogen dioxide (NO2),Mean,ppb,UHF42,401,Long Island City - Astoria,Summer 2013,06/01/2013,18.02,
176673,375,Nitrogen dioxide (NO2),Mean,ppb,UHF42,501,Port Richmond,Annual Average 2012,12/01/2011,18.78,
176663,375,Nitrogen dioxide (NO2),Mean,ppb,UHF42,401,Long Island City - Astoria,Annual Average 2012,12/01/2011,23.14,
550091,375,Nitrogen dioxide (NO2),Mean,ppb,CD,310,Bay Ridge and Dyker Heights (CD10),Annual Average 2017,01/01/2017,18.24,
165967,375,Nitrogen dioxide (NO2),Mean,ppb,CD,410,South Ozone Park and Howard Beach (CD10),Winter 2011-12,12/01/2011,23.04,
165849,375,Nitrogen dioxide (NO2),Mean,ppb,CD,410,South Ozone Park and Howard Beach (CD10),Winter 2009-10,12/01/2009,25.64,
213628,375,Nitrogen dioxide (NO2),Mean,ppb,CD,410,South Ozone Park and Howard Beach (CD10),Annual Average 2014,12/01/2013,18.6,
550150,375,Nitrogen dioxide (NO2),Mean,ppb,CD,412,Jamaica and Hollis (CD12),Summer 2017,06/01/2017,13.81,
667839,375,Nitrogen dioxide (NO2),Mean,ppb,CD,412,Jamaica and Hollis (CD12),Summer 2020,06/01/2020,9.38,
"518964,657,Asthma emergency department visits due to PM2.5,Estimated annual rate (age 18+),""per 100,000 adults"",UHF42,401,Long Island City - Astoria,2012-2014,01/02/2012,25.09,"
"628513,657,Asthma emergency department visits due to PM2.5,Estimated annual rate (age 18+),""per 100,000 adults"",UHF42,401,Long Island City - Astoria,2015-2017,01/01/2015,21.8,"
"518954,657,Asthma emergency department visits due to PM2.5,Estimated annual rate (age 18+),""per 100,000 adults"",UHF42,301,Washington Heights,2012-2014,01/02/2012,40.42,"
550146,375,Nitrogen dioxide (NO2),Mean,ppb,CD,410,South Ozone Park and Howard Beach (CD10),Winter 2016-17,12/01/2016,24.45,
168681,365,Fine particles (PM 2.5),Mean,mcg/m3,CD,410,South Ozone Park and Howard Beach (CD10),Winter 2012-13,12/01/2012,9.6,
170274,365,Fine particles (PM 2.5),Mean,mcg/m3,CD,410,South Ozone Park and Howard Beach (CD10),Annual Average 2010,12/01/2009,9,
334337,365,Fine particles (PM 2.5),Mean,mcg/m3,CD,410,South Ozone Park and Howard Beach (CD10),Summer 2015,06/01/2015,8.78,
650048,365,Fine particles (PM 2.5),Mean,mcg/m3,CD,410,South Ozone Park and Howard Beach (CD10),Summer 2019,06/01/2019,7.42,
669962,365,Fine particles (PM 2.5),Mean,mcg/m3,CD,410,South Ozone Park and Howard Beach (CD10),Winter 2019-20,12/01/2019,7.19,
168683,365,Fine particles (PM 2.5),Mean,mcg/m3,CD,412,Jamaica and Hollis (CD12),Winter 2012-13,12/01/2012,9.79,
334343,365,Fine particles (PM 2.5),Mean,mcg/m3,CD,412,Jamaica and Hollis (CD12),Summer 2015,06/01/2015,9.08,
742490,365,Fine particles (PM 2.5),Mean,mcg/m3,CD,309,South Crown Heights and Lefferts Gardens (CD9),Summer 2021,06/01/2021,8.41,
605960,365,Fine particles (PM 2.5),Mean,mcg/m3,CD,211,Morris Park and Bronxdale (CD11),Annual Average 2018,01/01/2018,7.08,
742460,365,Fine particles (PM 2.5),Mean,mcg/m3,CD,211,Morris Park and Bronxdale (CD11),Summer 2021,06/01/2021,8.59,
170214,365,Fine particles (PM 2.5),Mean,mcg/m3,CD,409,Kew Gardens and Woodhaven (CD9),Annual Average 2009,12/01/2008,10.25,
213981,365,Fine particles (PM 2.5),Mean,mcg/m3,CD,409,Kew Gardens and Woodhaven (CD9),Summer 2014,06/01/2014,8.28,
334333,365,Fine particles (PM 2.5),Mean,mcg/m3,CD,409,Kew Gardens and Woodhaven (CD9),Annual Average 2015,01/01/2015,8.29,
649992,365,Fine particles (PM 2.5),Mean,mcg/m3,CD,309,South Crown Heights and Lefferts Gardens (CD9),Winter 2018-19,12/01/2018,6.95,
170334,365,Fine particles (PM 2.5),Mean,mcg/m3,CD,411,Bayside and Little Neck (CD11),Annual Average 2011,12/01/2010,9.69,
170216,365,Fine particles (PM 2.5),Mean,mcg/m3,CD,411,Bayside and Little Neck (CD11),Annual Average 2009,12/01/2008,9.72,
334339,365,Fine particles (PM 2.5),Mean,mcg/m3,CD,411,Bayside and Little Neck (CD11),Annual Average 2015,01/01/2015,8.22,
669964,365,Fine particles (PM 2.5),Mean,mcg/m3,CD,411,Bayside and Little Neck (CD11),Annual Average 2020,01/01/2020,5.99,
650052,365,Fine particles (PM 2.5),Mean,mcg/m3,CD,411,Bayside and Little Neck (CD11),Winter 2018-19,12/01/2018,6.89,
168680,365,Fine particles (PM 2.5),Mean,mcg/m3,CD,409,Kew Gardens and Woodhaven (CD9),Winter 2012-13,12/01/2012,9.95,
334334,365,Fine particles (PM 2.5),Mean,mcg/m3,CD,409,Kew Gardens and Woodhaven (CD9),Summer 2015,06/01/2015,9.17,
650045,365,Fine particles (PM 2.5),Mean,mcg/m3,CD,409,Kew Gardens and Woodhaven (CD9),Summer 2019,06/01/2019,7.72,
166851,375,Nitrogen dioxide (NO2),Mean,ppb,CD,409,Kew Gardens and Woodhaven (CD9),Summer 2012,06/01/2012,17.52,
166910,375,Nitrogen dioxide (NO2),Mean,ppb,CD,409,Kew Gardens and Woodhaven (CD9),Summer 2013,06/01/2013,17.63,
412810,375,Nitrogen dioxide (NO2),Mean,ppb,CD,409,Kew Gardens and Woodhaven (CD9),Annual Average 2016,12/31/2015,18.69,
167559,375,Nitrogen dioxide (NO2),Mean,ppb,CD,409,Kew Gardens and Woodhaven (CD9),Annual Average 2009,12/01/2008,24.07,
167677,375,Nitrogen dioxide (NO2),Mean,ppb,CD,409,Kew Gardens and Woodhaven (CD9),Annual Average 2011,12/01/2010,23.3,
338257,386,Ozone (O3),Mean,ppb,CD,109,Morningside Heights and Hamilton Heights (CD9),Summer 2015,06/01/2015,28.77,
338269,386,Ozone (O3),Mean,ppb,CD,209,Parkchester and Soundview (CD9),Summer 2015,06/01/2015,31.19,
338301,386,Ozone (O3),Mean,ppb,CD,411,Bayside and Little Neck (CD11),Summer 2015,06/01/2015,31.36,
336818,375,Nitrogen dioxide (NO2),Mean,ppb,CD,309,South Crown Heights and Lefferts Gardens (CD9),Summer 2015,06/01/2015,15.88,
216582,386,Ozone (O3),Mean,ppb,CD,409,Kew Gardens and Woodhaven (CD9),Summer 2013,06/01/2013,30.81,
743597,386,Ozone (O3),Mean,ppb,CD,411,Bayside and Little Neck (CD11),Summer 2021,06/01/2021,30.34,
166853,375,Nitrogen dioxide (NO2),Mean,ppb,CD,411,Bayside and Little Neck (CD11),Summer 2012,06/01/2012,14.96,
166912,375,Nitrogen dioxide (NO2),Mean,ppb,CD,411,Bayside and Little Neck (CD11),Summer 2013,06/01/2013,14.43,
412816,375,Nitrogen dioxide (NO2),Mean,ppb,CD,411,Bayside and Little Neck (CD11),Annual Average 2016,12/31/2015,16.78,
603089,375,Nitrogen dioxide (NO2),Mean,ppb,CD,411,Bayside and Little Neck (CD11),Annual Average 2018,01/01/2018,16.09,
410945,365,Fine particles (PM 2.5),Mean,mcg/m3,UHF34,306308,Chelsea-Village,Winter 2015-16,12/01/2015,10.51,
173694,365,Fine particles (PM 2.5),Mean,mcg/m3,UHF34,305307,Upper East Side-Gramercy,Summer 2011,06/01/2011,13.92,
410942,365,Fine particles (PM 2.5),Mean,mcg/m3,UHF34,305307,Upper East Side-Gramercy,Winter 2015-16,12/01/2015,10.1,
410943,365,Fine particles (PM 2.5),Mean,mcg/m3,UHF34,305307,Upper East Side-Gramercy,Summer 2016,06/01/2016,10.37,
173660,365,Fine particles (PM 2.5),Mean,mcg/m3,UHF34,305307,Upper East Side-Gramercy,Summer 2010,06/01/2010,14.46,
173661,365,Fine particles (PM 2.5),Mean,mcg/m3,UHF34,306308,Chelsea-Village,Summer 2010,06/01/2010,14.42,
410946,365,Fine particles (PM 2.5),Mean,mcg/m3,UHF34,306308,Chelsea-Village,Summer 2016,06/01/2016,10.44,
742372,365,Fine particles (PM 2.5),Mean,mcg/m3,UHF34,306308,Chelsea-Village,Winter 2020-21,12/01/2020,8.5,
742369,365,Fine particles (PM 2.5),Mean,mcg/m3,UHF34,305307,Upper East Side-Gramercy,Winter 2020-21,12/01/2020,7.66,
605774,365,Fine particles (PM 2.5),Mean,mcg/m3,UHF42,410,Rockaways,Annual Average 2018,01/01/2018,6.06,
742274,365,Fine particles (PM 2.5),Mean,mcg/m3,UHF42,410,Rockaways,Summer 2021,06/01/2021,7.25,
177973,365,Fine particles (PM 2.5),Mean,mcg/m3,UHF42,409,Southeast Queens,Summer 2013,06/01/2013,9.75,
177931,365,Fine particles (PM 2.5),Mean,mcg/m3,UHF42,409,Southeast Queens,Summer 2012,06/01/2012,9.61,
173708,365,Fine particles (PM 2.5),Mean,mcg/m3,UHF34,204,East New York,Summer 2012,06/01/2012,10.41,
173737,365,Fine particles (PM 2.5),Mean,mcg/m3,UHF34,103,Fordham - Bronx Pk,Summer 2013,06/01/2013,10.29,
605798,365,Fine particles (PM 2.5),Mean,mcg/m3,UHF34,104,Pelham - Throgs Neck,Annual Average 2018,01/01/2018,7,
742298,365,Fine particles (PM 2.5),Mean,mcg/m3,UHF34,104,Pelham - Throgs Neck,Summer 2021,06/01/2021,8.53,
177964,365,Fine particles (PM 2.5),Mean,mcg/m3,UHF42,310,Lower Manhattan,Summer 2013,06/01/2013,12.22,
410818,365,Fine particles (PM 2.5),Mean,mcg/m3,UHF42,310,Lower Manhattan,Annual Average 2016,12/31/2015,9.53,
605744,365,Fine particles (PM 2.5),Mean,mcg/m3,UHF42,310,Lower Manhattan,Annual Average 2018,01/01/2018,8.94,
742244,365,Fine particles (PM 2.5),Mean,mcg/m3,UHF42,310,Lower Manhattan,Summer 2021,06/01/2021,9.6,
177963,365,Fine particles (PM 2.5),Mean,mcg/m3,UHF42,309,Union Square - Lower East Side,Summer 2013,06/01/2013,11.46,
605741,365,Fine particles (PM 2.5),Mean,mcg/m3,UHF42,309,Union Square - Lower East Side,Annual Average 2018,01/01/2018,8.14,
742241,365,Fine particles (PM 2.5),Mean,mcg/m3,UHF42,309,Union Square - Lower East Side,Summer 2021,06/01/2021,9.8,
178478,365,Fine particles (PM 2.5),Mean,mcg/m3,UHF42,410,Rockaways,Annual Average 2010,12/01/2009,7.99,
177344,365,Fine particles (PM 2.5),Mean,mcg/m3,UHF42,410,Rockaways,Winter 2012-13,12/01/2012,9.23,
178456,365,Fine particles (PM 2.5),Mean,mcg/m3,UHF42,209,Bensonhurst - Bay Ridge,Annual Average 2010,12/01/2009,9.18,
333998,365,Fine particles (PM 2.5),Mean,mcg/m3,UHF42,209,Bensonhurst - Bay Ridge,Summer 2015,06/01/2015,8.95,
334061,365,Fine particles (PM 2.5),Mean,mcg/m3,UHF42,409,Southeast Queens,Summer 2015,06/01/2015,8.75,
669729,365,Fine particles (PM 2.5),Mean,mcg/m3,UHF42,409,Southeast Queens,Winter 2019-20,12/01/2019,7.16,
649772,365,Fine particles (PM 2.5),Mean,mcg/m3,UHF42,409,Southeast Queens,Summer 2019,06/01/2019,7.18,
221895,386,Ozone (O3),Mean,ppb,UHF34,303,East Harlem,Summer 2013,06/01/2013,28.87,
221919,386,Ozone (O3),Mean,ppb,UHF34,403,Flushing - Clearview,Summer 2013,06/01/2013,31.43,
743663,386,Ozone (O3),Mean,ppb,UHF34,403,Flushing - Clearview,Summer 2021,06/01/2021,30.79,
743657,386,Ozone (O3),Mean,ppb,UHF34,305307,Upper East Side-Gramercy,Summer 2021,06/01/2021,27.41,
172223,375,Nitrogen dioxide (NO2),Mean,ppb,UHF34,304,Upper West Side,Summer 2013,06/01/2013,22.74,
602909,375,Nitrogen dioxide (NO2),Mean,ppb,UHF34,305307,Upper East Side-Gramercy,Annual Average 2018,01/01/2018,25.89,
172199,375,Nitrogen dioxide (NO2),Mean,ppb,UHF34,306308,Chelsea-Village,Summer 2012,06/01/2012,31,
412639,375,Nitrogen dioxide (NO2),Mean,ppb,UHF34,306308,Chelsea-Village,Annual Average 2016,12/31/2015,27.55,
602912,375,Nitrogen dioxide (NO2),Mean,ppb,UHF34,306308,Chelsea-Village,Annual Average 2018,01/01/2018,26.64,
741104,375,Nitrogen dioxide (NO2),Mean,ppb,UHF34,306308,Chelsea-Village,Summer 2021,06/01/2021,19.44,
172198,375,Nitrogen dioxide (NO2),Mean,ppb,UHF34,305307,Upper East Side-Gramercy,Summer 2012,06/01/2012,31.46,
412636,375,Nitrogen dioxide (NO2),Mean,ppb,UHF34,305307,Upper East Side-Gramercy,Annual Average 2016,12/31/2015,27.31,
338220,386,Ozone (O3),Mean,ppb,UHF34,203,Bedford Stuyvesant - Crown Heights,Summer 2015,06/01/2015,31.18,
650970,386,Ozone (O3),Mean,ppb,UHF34,203,Bedford Stuyvesant - Crown Heights,Summer 2019,06/01/2019,30.46,
338221,386,Ozone (O3),Mean,ppb,UHF34,204,East New York,Summer 2015,06/01/2015,32.58,
649775,365,Fine particles (PM 2.5),Mean,mcg/m3,UHF42,410,Rockaways,Summer 2019,06/01/2019,7.02,
669726,365,Fine particles (PM 2.5),Mean,mcg/m3,UHF42,410,Rockaways,Winter 2019-20,12/01/2019,6.12,
178519,365,Fine particles (PM 2.5),Mean,mcg/m3,UHF42,409,Southeast Queens,Annual Average 2011,12/01/2010,9.17,
178435,365,Fine particles (PM 2.5),Mean,mcg/m3,UHF42,409,Southeast Queens,Annual Average 2009,12/01/2008,9.35,
173688,365,Fine particles (PM 2.5),Mean,mcg/m3,UHF34,403,Flushing - Clearview,Summer 2011,06/01/2011,11.24,
173654,365,Fine particles (PM 2.5),Mean,mcg/m3,UHF34,403,Flushing - Clearview,Summer 2010,06/01/2010,11.58,
410924,365,Fine particles (PM 2.5),Mean,mcg/m3,UHF34,403,Flushing - Clearview,Winter 2015-16,12/01/2015,7.68,
410925,365,Fine particles (PM 2.5),Mean,mcg/m3,UHF34,403,Flushing - Clearview,Summer 2016,06/01/2016,7.8,
742351,365,Fine particles (PM 2.5),Mean,mcg/m3,UHF34,403,Flushing - Clearview,Winter 2020-21,12/01/2020,6.5,
173095,365,Fine particles (PM 2.5),Mean,mcg/m3,UHF34,203,Bedford Stuyvesant - Crown Heights,Winter 2008-09,12/01/2008,13.62,
173096,365,Fine particles (PM 2.5),Mean,mcg/m3,UHF34,204,East New York,Winter 2008-09,12/01/2008,13.49,
173091,365,Fine particles (PM 2.5),Mean,mcg/m3,UHF34,103,Fordham - Bronx Pk,Winter 2008-09,12/01/2008,14.47,
649795,365,Fine particles (PM 2.5),Mean,mcg/m3,UHF34,103,Fordham - Bronx Pk,Annual Average 2019,01/01/2019,6.7,
173092,365,Fine particles (PM 2.5),Mean,mcg/m3,UHF34,104,Pelham - Throgs Neck,Winter 2008-09,12/01/2008,13.3,
649808,365,Fine particles (PM 2.5),Mean,mcg/m3,UHF34,203,Bedford Stuyvesant - Crown Heights,Summer 2019,06/01/2019,8.11,
173232,365,Fine particles (PM 2.5),Mean,mcg/m3,UHF34,204,East New York,Winter 2012-13,12/01/2012,10.29,
334100,365,Fine particles (PM 2.5),Mean,mcg/m3,UHF34,204,East New York,Summer 2015,06/01/2015,9.52,
173228,365,Fine particles (PM 2.5),Mean,mcg/m3,UHF34,104,Pelham - Throgs Neck,Winter 2012-13,12/01/2012,10.53,
174146,365,Fine particles (PM 2.5),Mean,mcg/m3,UHF34,104,Pelham - Throgs Neck,Annual Average 2010,12/01/2009,9.68,
649853,365,Fine particles (PM 2.5),Mean,mcg/m3,UHF34,403,Flushing - Clearview,Summer 2019,06/01/2019,7.76,
605840,365,Fine particles (PM 2.5),Mean,mcg/m3,UHF34,303,East Harlem,Annual Average 2018,01/01/2018,7.39,
412548,375,Nitrogen dioxide (NO2),Mean,ppb,UHF42,503,Willowbrook,Summer 2016,06/01/2016,10.16,
412547,375,Nitrogen dioxide (NO2),Mean,ppb,UHF42,503,Willowbrook,Winter 2015-16,12/01/2015,18.34,
741013,375,Nitrogen dioxide (NO2),Mean,ppb,UHF42,503,Willowbrook,Winter 2020-21,12/01/2020,18.87,
216454,386,Ozone (O3),Mean,ppb,CD,306,Park Slope and Carroll Gardens (CD6),Summer 2011,06/01/2011,29.87,
216453,386,Ozone (O3),Mean,ppb,CD,306,Park Slope and Carroll Gardens (CD6),Summer 2010,06/01/2010,31.31,
412100,386,Ozone (O3),Mean,ppb,CD,306,Park Slope and Carroll Gardens (CD6),Summer 2016,06/01/2016,32.27,
216466,386,Ozone (O3),Mean,ppb,CD,308,Crown Heights and Prospect Heights (CD8),Summer 2011,06/01/2011,30.7,
216465,386,Ozone (O3),Mean,ppb,CD,308,Crown Heights and Prospect Heights (CD8),Summer 2010,06/01/2010,31.68,
412102,386,Ozone (O3),Mean,ppb,CD,308,Crown Heights and Prospect Heights (CD8),Summer 2016,06/01/2016,32.54,
412805,375,Nitrogen dioxide (NO2),Mean,ppb,CD,408,Hillcrest and Fresh Meadows (CD8),Winter 2015-16,12/01/2015,22.27,
412806,375,Nitrogen dioxide (NO2),Mean,ppb,CD,408,Hillcrest and Fresh Meadows (CD8),Summer 2016,06/01/2016,13.27,
741271,375,Nitrogen dioxide (NO2),Mean,ppb,CD,408,Hillcrest and Fresh Meadows (CD8),Winter 2020-21,12/01/2020,19.89,
166712,375,Nitrogen dioxide (NO2),Mean,ppb,CD,306,Park Slope and Carroll Gardens (CD6),Summer 2010,06/01/2010,21.9,
166771,375,Nitrogen dioxide (NO2),Mean,ppb,CD,306,Park Slope and Carroll Gardens (CD6),Summer 2011,06/01/2011,21.44,
740989,375,Nitrogen dioxide (NO2),Mean,ppb,UHF42,405,Ridgewood - Forest Hills,Winter 2020-21,12/01/2020,21.48,
549851,375,Nitrogen dioxide (NO2),Mean,ppb,UHF42,403,Flushing - Clearview,Annual Average 2017,01/01/2017,18.5,
154591,643,Annual vehicle miles traveled,million miles,per km2,CD,308,Crown Heights and Prospect Heights (CD8),2005,01/01/2005,26.4,
325272,643,Annual vehicle miles traveled,million miles,per km2,CD,308,Crown Heights and Prospect Heights (CD8),2016,01/01/2016,26.4,
151655,643,Annual vehicle miles traveled,million miles,per km2,UHF42,405,Ridgewood - Forest Hills,2005,01/01/2005,26.3,
151653,643,Annual vehicle miles traveled,million miles,per km2,UHF42,403,Flushing - Clearview,2005,01/01/2005,19.6,
154532,644,Annual vehicle miles travelled (cars),million miles,per km2,CD,308,Crown Heights and Prospect Heights (CD8),2005,01/01/2005,25.3,
325379,644,Annual vehicle miles travelled (cars),million miles,per km2,CD,308,Crown Heights and Prospect Heights (CD8),2016,01/01/2016,25.1,
325365,644,Annual vehicle miles travelled (cars),million miles,per km2,CD,206,Belmont and East Tremont (CD6),2016,01/01/2016,32.5,
154518,644,Annual vehicle miles travelled (cars),million miles,per km2,CD,206,Belmont and East Tremont (CD6),2005,01/01/2005,34.6,
325367,644,Annual vehicle miles travelled (cars),million miles,per km2,CD,208,Riverdale and Fieldston (CD8),2016,01/01/2016,15.4,
154550,644,Annual vehicle miles travelled (cars),million miles,per km2,CD,408,Hillcrest and Fresh Meadows (CD8),2005,01/01/2005,34.9,
213449,375,Nitrogen dioxide (NO2),Mean,ppb,CD,408,Hillcrest and Fresh Meadows (CD8),Summer 2014,06/01/2014,13.67,
336868,375,Nitrogen dioxide (NO2),Mean,ppb,CD,408,Hillcrest and Fresh Meadows (CD8),Annual Average 2015,01/01/2015,18.34,
175363,375,Nitrogen dioxide (NO2),Mean,ppb,UHF42,403,Flushing - Clearview,Winter 2010-11,12/01/2010,28.98,
175909,375,Nitrogen dioxide (NO2),Mean,ppb,UHF42,403,Flushing - Clearview,Summer 2009,06/01/2009,19.25,
669968,365,Fine particles (PM 2.5),Mean,mcg/m3,CD,412,Jamaica and Hollis (CD12),Winter 2019-20,12/01/2019,7.37,
650054,365,Fine particles (PM 2.5),Mean,mcg/m3,CD,412,Jamaica and Hollis (CD12),Summer 2019,06/01/2019,7.48,
603087,375,Nitrogen dioxide (NO2),Mean,ppb,CD,410,South Ozone Park and Howard Beach (CD10),Summer 2018,06/01/2018,11.25,
412513,375,Nitrogen dioxide (NO2),Mean,ppb,UHF42,401,Long Island City - Astoria,Annual Average 2016,12/31/2015,20.91,
602786,375,Nitrogen dioxide (NO2),Mean,ppb,UHF42,401,Long Island City - Astoria,Annual Average 2018,01/01/2018,20.89,
740978,375,Nitrogen dioxide (NO2),Mean,ppb,UHF42,401,Long Island City - Astoria,Summer 2021,06/01/2021,15.47,
176033,375,Nitrogen dioxide (NO2),Mean,ppb,UHF42,401,Long Island City - Astoria,Summer 2012,06/01/2012,18.77,
742493,365,Fine particles (PM 2.5),Mean,mcg/m3,CD,310,Bay Ridge and Dyker Heights (CD10),Summer 2021,06/01/2021,8.46,
170362,365,Fine particles (PM 2.5),Mean,mcg/m3,CD,210,Throgs Neck and Co-op City (CD10),Annual Average 2012,12/01/2011,9.13,
170364,365,Fine particles (PM 2.5),Mean,mcg/m3,CD,212,Williamsbridge and Baychester (CD12),Annual Average 2012,12/01/2011,9.03,
170394,365,Fine particles (PM 2.5),Mean,mcg/m3,CD,412,Jamaica and Hollis (CD12),Annual Average 2012,12/01/2011,8.45,
170392,365,Fine particles (PM 2.5),Mean,mcg/m3,CD,410,South Ozone Park and Howard Beach (CD10),Annual Average 2012,12/01/2011,8.12,
170374,365,Fine particles (PM 2.5),Mean,mcg/m3,CD,310,Bay Ridge and Dyker Heights (CD10),Annual Average 2012,12/01/2011,8.81,
168415,365,Fine particles (PM 2.5),Mean,mcg/m3,CD,210,Throgs Neck and Co-op City (CD10),Winter 2008-09,12/01/2008,13.04,
649957,365,Fine particles (PM 2.5),Mean,mcg/m3,CD,210,Throgs Neck and Co-op City (CD10),Annual Average 2019,01/01/2019,6.7,
213777,365,Fine particles (PM 2.5),Mean,mcg/m3,CD,212,Williamsbridge and Baychester (CD12),Winter 2013-14,12/01/2013,12.16,
606049,365,Fine particles (PM 2.5),Mean,mcg/m3,CD,410,South Ozone Park and Howard Beach (CD10),Winter 2017-18,12/01/2017,7.46,
168447,365,Fine particles (PM 2.5),Mean,mcg/m3,CD,412,Jamaica and Hollis (CD12),Winter 2008-09,12/01/2008,12.64,
650053,365,Fine particles (PM 2.5),Mean,mcg/m3,CD,412,Jamaica and Hollis (CD12),Annual Average 2019,01/01/2019,6.23,
667827,375,Nitrogen dioxide (NO2),Mean,ppb,CD,410,South Ozone Park and Howard Beach (CD10),Summer 2020,06/01/2020,8.99,
165969,375,Nitrogen dioxide (NO2),Mean,ppb,CD,412,Jamaica and Hollis (CD12),Winter 2011-12,12/01/2011,22.86,
165851,375,Nitrogen dioxide (NO2),Mean,ppb,CD,412,Jamaica and Hollis (CD12),Winter 2009-10,12/01/2009,25.48,
547704,365,Fine particles (PM 2.5),Mean,mcg/m3,CD,312,Borough Park (CD12),Summer 2017,06/01/2017,8.84,
606000,365,Fine particles (PM 2.5),Mean,mcg/m3,CD,312,Borough Park (CD12),Summer 2018,06/01/2018,8.22,
547706,365,Fine particles (PM 2.5),Mean,mcg/m3,CD,312,Borough Park (CD12),Winter 2016-17,12/01/2016,7.63,
669915,365,Fine particles (PM 2.5),Mean,mcg/m3,CD,312,Borough Park (CD12),Summer 2020,06/01/2020,6.78,
168486,365,Fine particles (PM 2.5),Mean,mcg/m3,CD,310,Bay Ridge and Dyker Heights (CD10),Winter 2009-10,12/01/2009,9.77,
214141,365,Fine particles (PM 2.5),Mean,mcg/m3,CD,310,Bay Ridge and Dyker Heights (CD10),Annual Average 2014,12/01/2013,8.83,
742494,365,Fine particles (PM 2.5),Mean,mcg/m3,CD,310,Bay Ridge and Dyker Heights (CD10),Annual Average 2021,01/01/2021,6.53,
168547,365,Fine particles (PM 2.5),Mean,mcg/m3,CD,312,Borough Park (CD12),Winter 2010-11,12/01/2010,12.59,
643686,375,Nitrogen dioxide (NO2),Mean,ppb,CD,404,Elmhurst and Corona (CD4),Winter 2018-19,12/01/2018,23.86,
336895,375,Nitrogen dioxide (NO2),Mean,ppb,CD,503,Tottenville and Great Kills (CD3),Annual Average 2015,01/01/2015,11.81,
651043,386,Ozone (O3),Mean,ppb,CD,403,Jackson Heights (CD3),Summer 2019,06/01/2019,30.34,
167608,375,Nitrogen dioxide (NO2),Mean,ppb,CD,317,East Flatbush (CD17),Annual Average 2010,12/01/2009,23.63,
167609,375,Nitrogen dioxide (NO2),Mean,ppb,CD,318,Flatlands and Canarsie (CD18),Annual Average 2010,12/01/2009,19.16,
336845,375,Nitrogen dioxide (NO2),Mean,ppb,CD,318,Flatlands and Canarsie (CD18),Summer 2015,06/01/2015,10.83,
166001,375,Nitrogen dioxide (NO2),Mean,ppb,CD,303,Bedford Stuyvesant (CD3),Winter 2012-13,12/01/2012,27.47,
167594,375,Nitrogen dioxide (NO2),Mean,ppb,CD,303,Bedford Stuyvesant (CD3),Annual Average 2010,12/01/2009,25.68,
643628,375,Nitrogen dioxide (NO2),Mean,ppb,CD,303,Bedford Stuyvesant (CD3),Summer 2019,06/01/2019,15.35,
166019,375,Nitrogen dioxide (NO2),Mean,ppb,CD,403,Jackson Heights (CD3),Winter 2012-13,12/01/2012,25.64,
167613,375,Nitrogen dioxide (NO2),Mean,ppb,CD,404,Elmhurst and Corona (CD4),Annual Average 2010,12/01/2009,25.25,
166020,375,Nitrogen dioxide (NO2),Mean,ppb,CD,404,Elmhurst and Corona (CD4),Winter 2012-13,12/01/2012,26.7,
412834,375,Nitrogen dioxide (NO2),Mean,ppb,CD,503,Tottenville and Great Kills (CD3),Annual Average 2016,12/31/2015,11.44,
603107,375,Nitrogen dioxide (NO2),Mean,ppb,CD,503,Tottenville and Great Kills (CD3),Annual Average 2018,01/01/2018,11.01,
741257,375,Nitrogen dioxide (NO2),Mean,ppb,CD,403,Jackson Heights (CD3),Summer 2021,06/01/2021,12.68,
741260,375,Nitrogen dioxide (NO2),Mean,ppb,CD,404,Elmhurst and Corona (CD4),Summer 2021,06/01/2021,13.13,
412795,375,Nitrogen dioxide (NO2),Mean,ppb,CD,404,Elmhurst and Corona (CD4),Annual Average 2016,12/31/2015,21.21,
603068,375,Nitrogen dioxide (NO2),Mean,ppb,CD,404,Elmhurst and Corona (CD4),Annual Average 2018,01/01/2018,19.94,
167700,375,Nitrogen dioxide (NO2),Mean,ppb,CD,203,Morrisania and Crotona (CD3),Annual Average 2012,12/01/2011,23.02,
167727,375,Nitrogen dioxide (NO2),Mean,ppb,CD,318,Flatlands and Canarsie (CD18),Annual Average 2012,12/01/2011,17.25,
167712,375,Nitrogen dioxide (NO2),Mean,ppb,CD,303,Bedford Stuyvesant (CD3),Annual Average 2012,12/01/2011,23.5,
167730,375,Nitrogen dioxide (NO2),Mean,ppb,CD,403,Jackson Heights (CD3),Annual Average 2012,12/01/2011,22.55,
167731,375,Nitrogen dioxide (NO2),Mean,ppb,CD,404,Elmhurst and Corona (CD4),Annual Average 2012,12/01/2011,23.73,
165960,375,Nitrogen dioxide (NO2),Mean,ppb,CD,403,Jackson Heights (CD3),Winter 2011-12,12/01/2011,25.55,
603066,375,Nitrogen dioxide (NO2),Mean,ppb,CD,403,Jackson Heights (CD3),Summer 2018,06/01/2018,14.08,
667785,375,Nitrogen dioxide (NO2),Mean,ppb,CD,403,Jackson Heights (CD3),Summer 2020,06/01/2020,11.93,
165843,375,Nitrogen dioxide (NO2),Mean,ppb,CD,404,Elmhurst and Corona (CD4),Winter 2009-10,12/01/2009,28.7,
165961,375,Nitrogen dioxide (NO2),Mean,ppb,CD,404,Elmhurst and Corona (CD4),Winter 2011-12,12/01/2011,26.72,
213622,375,Nitrogen dioxide (NO2),Mean,ppb,CD,404,Elmhurst and Corona (CD4),Annual Average 2014,12/01/2013,22.8,
121670,386,Ozone (O3),Mean,ppb,CD,303,Bedford Stuyvesant (CD3),2-Year Summer Average 2009-2010,06/01/2009,26.17,
671120,386,Ozone (O3),Mean,ppb,CD,304,Bushwick (CD4),Summer 2020,06/01/2020,29.65,
549462,386,Ozone (O3),Mean,ppb,CD,503,Tottenville and Great Kills (CD3),Summer 2017,06/01/2017,28.81,
173719,365,Fine particles (PM 2.5),Mean,mcg/m3,UHF34,304,Upper West Side,Summer 2012,06/01/2012,11.44,
605843,365,Fine particles (PM 2.5),Mean,mcg/m3,UHF34,304,Upper West Side,Annual Average 2018,01/01/2018,8.16,
173729,365,Fine particles (PM 2.5),Mean,mcg/m3,UHF34,306308,Chelsea-Village,Summer 2012,06/01/2012,12.92,
410947,365,Fine particles (PM 2.5),Mean,mcg/m3,UHF34,306308,Chelsea-Village,Annual Average 2016,12/31/2015,10.05,
605873,365,Fine particles (PM 2.5),Mean,mcg/m3,UHF34,306308,Chelsea-Village,Annual Average 2018,01/01/2018,9.58,
742373,365,Fine particles (PM 2.5),Mean,mcg/m3,UHF34,306308,Chelsea-Village,Summer 2021,06/01/2021,10.36,
173762,365,Fine particles (PM 2.5),Mean,mcg/m3,UHF34,305307,Upper East Side-Gramercy,Summer 2013,06/01/2013,13.1,
410944,365,Fine particles (PM 2.5),Mean,mcg/m3,UHF34,305307,Upper East Side-Gramercy,Annual Average 2016,12/31/2015,9.86,
173728,365,Fine particles (PM 2.5),Mean,mcg/m3,UHF34,305307,Upper East Side-Gramercy,Summer 2012,06/01/2012,13.01,
173763,365,Fine particles (PM 2.5),Mean,mcg/m3,UHF34,306308,Chelsea-Village,Summer 2013,06/01/2013,12.93,
605870,365,Fine particles (PM 2.5),Mean,mcg/m3,UHF34,305307,Upper East Side-Gramercy,Annual Average 2018,01/01/2018,9.44,
742370,365,Fine particles (PM 2.5),Mean,mcg/m3,UHF34,305307,Upper East Side-Gramercy,Summer 2021,06/01/2021,9.45,
173756,365,Fine particles (PM 2.5),Mean,mcg/m3,UHF34,403,Flushing - Clearview,Summer 2013,06/01/2013,10.09,
173722,365,Fine particles (PM 2.5),Mean,mcg/m3,UHF34,403,Flushing - Clearview,Summer 2012,06/01/2012,10.07,
410926,365,Fine particles (PM 2.5),Mean,mcg/m3,UHF34,403,Flushing - Clearview,Annual Average 2016,12/31/2015,7.22,
605852,365,Fine particles (PM 2.5),Mean,mcg/m3,UHF34,403,Flushing - Clearview,Annual Average 2018,01/01/2018,6.9,
742352,365,Fine particles (PM 2.5),Mean,mcg/m3,UHF34,403,Flushing - Clearview,Summer 2021,06/01/2021,8.24,
174205,365,Fine particles (PM 2.5),Mean,mcg/m3,UHF34,306308,Chelsea-Village,Annual Average 2011,12/01/2010,12.85,
669628,365,Fine particles (PM 2.5),Mean,mcg/m3,UHF34,306308,Chelsea-Village,Annual Average 2020,01/01/2020,8.41,
174136,365,Fine particles (PM 2.5),Mean,mcg/m3,UHF34,305307,Upper East Side-Gramercy,Annual Average 2009,12/01/2008,13.89,
211987,365,Fine particles (PM 2.5),Mean,mcg/m3,UHF34,305307,Upper East Side-Gramercy,Summer 2014,06/01/2014,11.35,
334159,365,Fine particles (PM 2.5),Mean,mcg/m3,UHF34,305307,Upper East Side-Gramercy,Annual Average 2015,01/01/2015,10.91,
174204,365,Fine particles (PM 2.5),Mean,mcg/m3,UHF34,305307,Upper East Side-Gramercy,Annual Average 2011,12/01/2010,12.96,
174137,365,Fine particles (PM 2.5),Mean,mcg/m3,UHF34,306308,Chelsea-Village,Annual Average 2009,12/01/2008,13.74,
211988,365,Fine particles (PM 2.5),Mean,mcg/m3,UHF34,306308,Chelsea-Village,Summer 2014,06/01/2014,11.48,
334162,365,Fine particles (PM 2.5),Mean,mcg/m3,UHF34,306308,Chelsea-Village,Annual Average 2015,01/01/2015,11.13,
649875,365,Fine particles (PM 2.5),Mean,mcg/m3,UHF34,306308,Chelsea-Village,Winter 2018-19,12/01/2018,11.51,
669631,365,Fine particles (PM 2.5),Mean,mcg/m3,UHF34,305307,Upper East Side-Gramercy,Annual Average 2020,01/01/2020,7.41,
643527,375,Nitrogen dioxide (NO2),Mean,ppb,UHF34,305307,Upper East Side-Gramercy,Winter 2018-19,12/01/2018,27.97,
667471,375,Nitrogen dioxide (NO2),Mean,ppb,UHF34,305307,Upper East Side-Gramercy,Annual Average 2020,01/01/2020,22.48,
122014,386,Ozone (O3),Mean,ppb,UHF42,210,Coney Island - Sheepshead Bay,2-Year Summer Average 2009-2010,06/01/2009,28.41,
670963,386,Ozone (O3),Mean,ppb,UHF42,210,Coney Island - Sheepshead Bay,Summer 2020,06/01/2020,30.89,
741281,375,Nitrogen dioxide (NO2),Mean,ppb,CD,411,Bayside and Little Neck (CD11),Summer 2021,06/01/2021,10.22,
167736,375,Nitrogen dioxide (NO2),Mean,ppb,CD,409,Kew Gardens and Woodhaven (CD9),Annual Average 2012,12/01/2011,21.02,
167738,375,Nitrogen dioxide (NO2),Mean,ppb,CD,411,Bayside and Little Neck (CD11),Annual Average 2012,12/01/2011,17.87,
"628524,657,Asthma emergency department visits due to PM2.5,Estimated annual rate (age 18+),""per 100,000 adults"",UHF42,502,Stapleton - St. George,2015-2017,01/01/2015,32,"
"518975,657,Asthma emergency department visits due to PM2.5,Estimated annual rate (age 18+),""per 100,000 adults"",UHF42,502,Stapleton - St. George,2012-2014,01/02/2012,39.59,"
121694,386,Ozone (O3),Mean,ppb,CD,409,Kew Gardens and Woodhaven (CD9),2-Year Summer Average 2009-2010,06/01/2009,27.87,
550148,375,Nitrogen dioxide (NO2),Mean,ppb,CD,411,Bayside and Little Neck (CD11),Annual Average 2017,01/01/2017,16.94,
741282,375,Nitrogen dioxide (NO2),Mean,ppb,CD,411,Bayside and Little Neck (CD11),Annual Average 2021,01/01/2021,14.17,
741221,375,Nitrogen dioxide (NO2),Mean,ppb,CD,309,South Crown Heights and Lefferts Gardens (CD9),Summer 2021,06/01/2021,11.63,
"628476,648,Asthma emergency department visits due to PM2.5,Estimated annual rate (under age 18),""per 100,000 children"",UHF42,502,Stapleton - St. George,2015-2017,01/01/2015,49.5,"
"131440,648,Asthma emergency department visits due to PM2.5,Estimated annual rate (under age 18),""per 100,000 children"",UHF42,402,West Queens,2009-2011,01/01/2009,75.2,"
"518927,648,Asthma emergency department visits due to PM2.5,Estimated annual rate (under age 18),""per 100,000 children"",UHF42,502,Stapleton - St. George,2012-2014,01/02/2012,66.09,"
"518917,648,Asthma emergency department visits due to PM2.5,Estimated annual rate (under age 18),""per 100,000 children"",UHF42,402,West Queens,2012-2014,01/02/2012,49.02,"
336871,375,Nitrogen dioxide (NO2),Mean,ppb,CD,409,Kew Gardens and Woodhaven (CD9),Annual Average 2015,01/01/2015,19.47,
412123,386,Ozone (O3),Mean,ppb,CD,411,Bayside and Little Neck (CD11),Summer 2016,06/01/2016,33.06,
412755,375,Nitrogen dioxide (NO2),Mean,ppb,CD,309,South Crown Heights and Lefferts Gardens (CD9),Summer 2016,06/01/2016,15.37,
741220,375,Nitrogen dioxide (NO2),Mean,ppb,CD,309,South Crown Heights and Lefferts Gardens (CD9),Winter 2020-21,12/01/2020,23.13,
741274,375,Nitrogen dioxide (NO2),Mean,ppb,CD,409,Kew Gardens and Woodhaven (CD9),Winter 2020-21,12/01/2020,21.63,
741191,375,Nitrogen dioxide (NO2),Mean,ppb,CD,211,Morris Park and Bronxdale (CD11),Summer 2021,06/01/2021,12.6,
166892,375,Nitrogen dioxide (NO2),Mean,ppb,CD,309,South Crown Heights and Lefferts Gardens (CD9),Summer 2013,06/01/2013,18.49,
166833,375,Nitrogen dioxide (NO2),Mean,ppb,CD,309,South Crown Heights and Lefferts Gardens (CD9),Summer 2012,06/01/2012,18.77,
166835,375,Nitrogen dioxide (NO2),Mean,ppb,CD,311,Bensonhurst (CD11),Summer 2012,06/01/2012,15.26,
166894,375,Nitrogen dioxide (NO2),Mean,ppb,CD,311,Bensonhurst (CD11),Summer 2013,06/01/2013,14.18,
603035,375,Nitrogen dioxide (NO2),Mean,ppb,CD,311,Bensonhurst (CD11),Annual Average 2018,01/01/2018,17.08,
166821,375,Nitrogen dioxide (NO2),Mean,ppb,CD,209,Parkchester and Soundview (CD9),Summer 2012,06/01/2012,17.1,
166880,375,Nitrogen dioxide (NO2),Mean,ppb,CD,209,Parkchester and Soundview (CD9),Summer 2013,06/01/2013,16.04,
325237,643,Annual vehicle miles traveled,million miles,per km2,UHF42,502,Stapleton - St. George,2016,01/01/2016,13.2,
154610,643,Annual vehicle miles traveled,million miles,per km2,CD,409,Kew Gardens and Woodhaven (CD9),2005,01/01/2005,21.1,
325291,643,Annual vehicle miles traveled,million miles,per km2,CD,409,Kew Gardens and Woodhaven (CD9),2016,01/01/2016,20.7,
176707,375,Nitrogen dioxide (NO2),Mean,ppb,UHF42,403,Flushing - Clearview,Annual Average 2013,12/01/2012,18.71,
549827,375,Nitrogen dioxide (NO2),Mean,ppb,UHF42,305,Upper East Side,Annual Average 2017,01/01/2017,25.04,
740961,375,Nitrogen dioxide (NO2),Mean,ppb,UHF42,305,Upper East Side,Annual Average 2021,01/01/2021,20.31,
549821,375,Nitrogen dioxide (NO2),Mean,ppb,UHF42,303,East Harlem,Annual Average 2017,01/01/2017,22.41,
176591,375,Nitrogen dioxide (NO2),Mean,ppb,UHF42,503,Willowbrook,Annual Average 2010,12/01/2009,16,
336611,375,Nitrogen dioxide (NO2),Mean,ppb,UHF42,503,Willowbrook,Summer 2015,06/01/2015,9.64,
643439,375,Nitrogen dioxide (NO2),Mean,ppb,UHF42,503,Willowbrook,Summer 2019,06/01/2019,10.36,
667298,375,Nitrogen dioxide (NO2),Mean,ppb,UHF42,503,Willowbrook,Winter 2019-20,12/01/2019,18.46,
667813,375,Nitrogen dioxide (NO2),Mean,ppb,CD,408,Hillcrest and Fresh Meadows (CD8),Annual Average 2020,01/01/2020,14.13,
167538,375,Nitrogen dioxide (NO2),Mean,ppb,CD,306,Park Slope and Carroll Gardens (CD6),Annual Average 2009,12/01/2008,27.7,
166773,375,Nitrogen dioxide (NO2),Mean,ppb,CD,308,Crown Heights and Prospect Heights (CD8),Summer 2011,06/01/2011,21.39,
166714,375,Nitrogen dioxide (NO2),Mean,ppb,CD,308,Crown Heights and Prospect Heights (CD8),Summer 2010,06/01/2010,21.63,
412752,375,Nitrogen dioxide (NO2),Mean,ppb,CD,308,Crown Heights and Prospect Heights (CD8),Summer 2016,06/01/2016,16.04,
175457,375,Nitrogen dioxide (NO2),Mean,ppb,UHF42,503,Willowbrook,Winter 2012-13,12/01/2012,19.93,
605260,386,Ozone (O3),Mean,ppb,UHF42,403,Flushing - Clearview,Summer 2018,06/01/2018,31.28,
175415,375,Nitrogen dioxide (NO2),Mean,ppb,UHF42,503,Willowbrook,Winter 2011-12,12/01/2011,18.73,
212582,375,Nitrogen dioxide (NO2),Mean,ppb,UHF42,503,Willowbrook,Annual Average 2014,12/01/2013,14.56,
549882,375,Nitrogen dioxide (NO2),Mean,ppb,UHF42,503,Willowbrook,Winter 2016-17,12/01/2016,18.77,
602823,375,Nitrogen dioxide (NO2),Mean,ppb,UHF42,503,Willowbrook,Summer 2018,06/01/2018,9.09,
175331,375,Nitrogen dioxide (NO2),Mean,ppb,UHF42,503,Willowbrook,Winter 2009-10,12/01/2009,19.5,
549880,375,Nitrogen dioxide (NO2),Mean,ppb,UHF42,503,Willowbrook,Summer 2017,06/01/2017,10.16,
667299,375,Nitrogen dioxide (NO2),Mean,ppb,UHF42,503,Willowbrook,Summer 2020,06/01/2020,7.84,
412751,375,Nitrogen dioxide (NO2),Mean,ppb,CD,308,Crown Heights and Prospect Heights (CD8),Winter 2015-16,12/01/2015,25.21,
216565,386,Ozone (O3),Mean,ppb,CD,406,Rego Park and Forest Hills (CD6),Summer 2014,06/01/2014,30.64,
216577,386,Ozone (O3),Mean,ppb,CD,408,Hillcrest and Fresh Meadows (CD8),Summer 2014,06/01/2014,31.68,
216457,386,Ozone (O3),Mean,ppb,CD,306,Park Slope and Carroll Gardens (CD6),Summer 2014,06/01/2014,29.68,
216469,386,Ozone (O3),Mean,ppb,CD,308,Crown Heights and Prospect Heights (CD8),Summer 2014,06/01/2014,29.83,
167658,375,Nitrogen dioxide (NO2),Mean,ppb,CD,308,Crown Heights and Prospect Heights (CD8),Annual Average 2011,12/01/2010,25.96,
167540,375,Nitrogen dioxide (NO2),Mean,ppb,CD,308,Crown Heights and Prospect Heights (CD8),Annual Average 2009,12/01/2008,27.75,
213431,375,Nitrogen dioxide (NO2),Mean,ppb,CD,308,Crown Heights and Prospect Heights (CD8),Summer 2014,06/01/2014,17.13,
643644,375,Nitrogen dioxide (NO2),Mean,ppb,CD,308,Crown Heights and Prospect Heights (CD8),Winter 2018-19,12/01/2018,23.59,
667693,375,Nitrogen dioxide (NO2),Mean,ppb,CD,306,Park Slope and Carroll Gardens (CD6),Annual Average 2020,01/01/2020,18.17,
336810,375,Nitrogen dioxide (NO2),Mean,ppb,CD,306,Park Slope and Carroll Gardens (CD6),Winter 2014-15,12/01/2014,26.63,
169491,365,Fine particles (PM 2.5),Mean,mcg/m3,CD,312,Borough Park (CD12),Summer 2012,06/01/2012,10.2,
169479,365,Fine particles (PM 2.5),Mean,mcg/m3,CD,212,Williamsbridge and Baychester (CD12),Summer 2012,06/01/2012,10.12,
169477,365,Fine particles (PM 2.5),Mean,mcg/m3,CD,210,Throgs Neck and Co-op City (CD10),Summer 2012,06/01/2012,10.27,
605957,365,Fine particles (PM 2.5),Mean,mcg/m3,CD,210,Throgs Neck and Co-op City (CD10),Annual Average 2018,01/01/2018,6.88,
742457,365,Fine particles (PM 2.5),Mean,mcg/m3,CD,210,Throgs Neck and Co-op City (CD10),Summer 2021,06/01/2021,8.41,
411037,365,Fine particles (PM 2.5),Mean,mcg/m3,CD,212,Williamsbridge and Baychester (CD12),Annual Average 2016,12/31/2015,7.46,
170315,365,Fine particles (PM 2.5),Mean,mcg/m3,CD,310,Bay Ridge and Dyker Heights (CD10),Annual Average 2011,12/01/2010,10.01,
170197,365,Fine particles (PM 2.5),Mean,mcg/m3,CD,310,Bay Ridge and Dyker Heights (CD10),Annual Average 2009,12/01/2008,10.18,
213964,365,Fine particles (PM 2.5),Mean,mcg/m3,CD,310,Bay Ridge and Dyker Heights (CD10),Summer 2014,06/01/2014,8.51,
334282,365,Fine particles (PM 2.5),Mean,mcg/m3,CD,310,Bay Ridge and Dyker Heights (CD10),Annual Average 2015,01/01/2015,8.42,
669907,365,Fine particles (PM 2.5),Mean,mcg/m3,CD,310,Bay Ridge and Dyker Heights (CD10),Annual Average 2020,01/01/2020,6.06,
649995,365,Fine particles (PM 2.5),Mean,mcg/m3,CD,310,Bay Ridge and Dyker Heights (CD10),Winter 2018-19,12/01/2018,7.04,
179768,640,Boiler Emissions- Total SO2 Emissions,Number per km2,number,UHF42,501,Port Richmond,2015,01/01/2015,0,
179787,640,Boiler Emissions- Total SO2 Emissions,Number per km2,number,UHF42,401,Long Island City - Astoria,2015,01/01/2015,5,
547698,365,Fine particles (PM 2.5),Mean,mcg/m3,CD,310,Bay Ridge and Dyker Heights (CD10),Summer 2017,06/01/2017,8.76,
178532,365,Fine particles (PM 2.5),Mean,mcg/m3,UHF42,201,Greenpoint,Annual Average 2012,12/01/2011,10.27,
742498,365,Fine particles (PM 2.5),Mean,mcg/m3,CD,312,Borough Park (CD12),Winter 2020-21,12/01/2020,6.66,
169371,365,Fine particles (PM 2.5),Mean,mcg/m3,CD,310,Bay Ridge and Dyker Heights (CD10),Summer 2010,06/01/2010,11.74,
169430,365,Fine particles (PM 2.5),Mean,mcg/m3,CD,310,Bay Ridge and Dyker Heights (CD10),Summer 2011,06/01/2011,11.35,
411065,365,Fine particles (PM 2.5),Mean,mcg/m3,CD,310,Bay Ridge and Dyker Heights (CD10),Winter 2015-16,12/01/2015,8.1,
411125,365,Fine particles (PM 2.5),Mean,mcg/m3,CD,412,Jamaica and Hollis (CD12),Winter 2015-16,12/01/2015,7.4,
742492,365,Fine particles (PM 2.5),Mean,mcg/m3,CD,310,Bay Ridge and Dyker Heights (CD10),Winter 2020-21,12/01/2020,6.77,
169302,365,Fine particles (PM 2.5),Mean,mcg/m3,CD,212,Williamsbridge and Baychester (CD12),Summer 2009,06/01/2009,10.24,
170421,365,Fine particles (PM 2.5),Mean,mcg/m3,CD,210,Throgs Neck and Co-op City (CD10),Annual Average 2013,12/01/2012,8.66,
334248,365,Fine particles (PM 2.5),Mean,mcg/m3,CD,210,Throgs Neck and Co-op City (CD10),Winter 2014-15,12/01/2014,9.89,
547663,365,Fine particles (PM 2.5),Mean,mcg/m3,CD,210,Throgs Neck and Co-op City (CD10),Annual Average 2017,01/01/2017,7.51,
742458,365,Fine particles (PM 2.5),Mean,mcg/m3,CD,210,Throgs Neck and Co-op City (CD10),Annual Average 2021,01/01/2021,6.52,
168521,365,Fine particles (PM 2.5),Mean,mcg/m3,CD,110,Central Harlem (CD10),Winter 2010-11,12/01/2010,14.3,
169288,365,Fine particles (PM 2.5),Mean,mcg/m3,CD,110,Central Harlem (CD10),Summer 2009,06/01/2009,11.3,
170409,365,Fine particles (PM 2.5),Mean,mcg/m3,CD,110,Central Harlem (CD10),Annual Average 2013,12/01/2012,9.64,
605365,386,Ozone (O3),Mean,ppb,CD,503,Tottenville and Great Kills (CD3),Summer 2018,06/01/2018,30.23,
671089,386,Ozone (O3),Mean,ppb,CD,503,Tottenville and Great Kills (CD3),Summer 2020,06/01/2020,29.67,
671102,386,Ozone (O3),Mean,ppb,CD,404,Elmhurst and Corona (CD4),Summer 2020,06/01/2020,30.98,
"151610,661,Asthma hospitalizations due to Ozone,Estimated annual rate (age 18+),""per 100,000 adults"",UHF42,408,Jamaica,2009-2011,01/01/2009,7.5,"
"151609,661,Asthma hospitalizations due to Ozone,Estimated annual rate (age 18+),""per 100,000 adults"",UHF42,407,Southwest Queens,2009-2011,01/01/2009,4.1,"
"131398,657,Asthma emergency department visits due to PM2.5,Estimated annual rate (age 18+),""per 100,000 adults"",UHF42,408,Jamaica,2009-2011,01/01/2009,41.6,"
"131397,657,Asthma emergency department visits due to PM2.5,Estimated annual rate (age 18+),""per 100,000 adults"",UHF42,407,Southwest Queens,2009-2011,01/01/2009,29.8,"
"518970,657,Asthma emergency department visits due to PM2.5,Estimated annual rate (age 18+),""per 100,000 adults"",UHF42,407,Southwest Queens,2012-2014,01/02/2012,23.62,"
"628519,657,Asthma emergency department visits due to PM2.5,Estimated annual rate (age 18+),""per 100,000 adults"",UHF42,407,Southwest Queens,2015-2017,01/01/2015,18.6,"
549431,386,Ozone (O3),Mean,ppb,CD,304,Bushwick (CD4),Summer 2017,06/01/2017,29.93,
605334,386,Ozone (O3),Mean,ppb,CD,304,Bushwick (CD4),Summer 2018,06/01/2018,30.55,
549448,386,Ozone (O3),Mean,ppb,CD,403,Jackson Heights (CD3),Summer 2017,06/01/2017,29.34,
550166,375,Nitrogen dioxide (NO2),Mean,ppb,CD,503,Tottenville and Great Kills (CD3),Annual Average 2017,01/01/2017,11.64,
741300,375,Nitrogen dioxide (NO2),Mean,ppb,CD,503,Tottenville and Great Kills (CD3),Annual Average 2021,01/01/2021,11.12,
741261,375,Nitrogen dioxide (NO2),Mean,ppb,CD,404,Elmhurst and Corona (CD4),Annual Average 2021,01/01/2021,17.49,
165902,375,Nitrogen dioxide (NO2),Mean,ppb,CD,404,Elmhurst and Corona (CD4),Winter 2010-11,12/01/2010,33.08,
336858,375,Nitrogen dioxide (NO2),Mean,ppb,CD,404,Elmhurst and Corona (CD4),Winter 2014-15,12/01/2014,26.92,
550127,375,Nitrogen dioxide (NO2),Mean,ppb,CD,404,Elmhurst and Corona (CD4),Annual Average 2017,01/01/2017,21.26,
166900,375,Nitrogen dioxide (NO2),Mean,ppb,CD,317,East Flatbush (CD17),Summer 2013,06/01/2013,16.68,
603053,375,Nitrogen dioxide (NO2),Mean,ppb,CD,317,East Flatbush (CD17),Annual Average 2018,01/01/2018,18.08,
741245,375,Nitrogen dioxide (NO2),Mean,ppb,CD,317,East Flatbush (CD17),Summer 2021,06/01/2021,10.91,
166859,375,Nitrogen dioxide (NO2),Mean,ppb,CD,503,Tottenville and Great Kills (CD3),Summer 2012,06/01/2012,8.03,
166918,375,Nitrogen dioxide (NO2),Mean,ppb,CD,503,Tottenville and Great Kills (CD3),Summer 2013,06/01/2013,7.59,
603056,375,Nitrogen dioxide (NO2),Mean,ppb,CD,318,Flatlands and Canarsie (CD18),Annual Average 2018,01/01/2018,14.45,
741248,375,Nitrogen dioxide (NO2),Mean,ppb,CD,318,Flatlands and Canarsie (CD18),Summer 2021,06/01/2021,8.12,
412783,375,Nitrogen dioxide (NO2),Mean,ppb,CD,318,Flatlands and Canarsie (CD18),Annual Average 2016,12/31/2015,15.36,
"518922,648,Asthma emergency department visits due to PM2.5,Estimated annual rate (under age 18),""per 100,000 children"",UHF42,407,Southwest Queens,2012-2014,01/02/2012,60.95,"
"628471,648,Asthma emergency department visits due to PM2.5,Estimated annual rate (under age 18),""per 100,000 children"",UHF42,407,Southwest Queens,2015-2017,01/01/2015,43,"
"518923,648,Asthma emergency department visits due to PM2.5,Estimated annual rate (under age 18),""per 100,000 children"",UHF42,408,Jamaica,2012-2014,01/02/2012,91.4,"
336853,375,Nitrogen dioxide (NO2),Mean,ppb,CD,403,Jackson Heights (CD3),Annual Average 2015,01/01/2015,20.98,
216519,386,Ozone (O3),Mean,ppb,CD,317,East Flatbush (CD17),Summer 2010,06/01/2010,33.57,
211392,375,Nitrogen dioxide (NO2),Mean,ppb,Borough,3,Manhattan,Annual Average 2014,12/01/2013,26.7,
602781,375,Nitrogen dioxide (NO2),Mean,ppb,UHF42,309,Union Square - Lower East Side,Summer 2018,06/01/2018,19.38,
175328,375,Nitrogen dioxide (NO2),Mean,ppb,UHF42,410,Rockaways,Winter 2009-10,12/01/2009,21.08,
212579,375,Nitrogen dioxide (NO2),Mean,ppb,UHF42,410,Rockaways,Annual Average 2014,12/01/2013,13.77,
649872,365,Fine particles (PM 2.5),Mean,mcg/m3,UHF34,305307,Upper East Side-Gramercy,Winter 2018-19,12/01/2018,10.23,
174130,365,Fine particles (PM 2.5),Mean,mcg/m3,UHF34,403,Flushing - Clearview,Annual Average 2009,12/01/2008,10.16,
174198,365,Fine particles (PM 2.5),Mean,mcg/m3,UHF34,403,Flushing - Clearview,Annual Average 2011,12/01/2010,10.05,
334141,365,Fine particles (PM 2.5),Mean,mcg/m3,UHF34,403,Flushing - Clearview,Annual Average 2015,01/01/2015,8.45,
649854,365,Fine particles (PM 2.5),Mean,mcg/m3,UHF34,403,Flushing - Clearview,Winter 2018-19,12/01/2018,7.24,
334133,365,Fine particles (PM 2.5),Mean,mcg/m3,UHF34,304,Upper West Side,Summer 2015,06/01/2015,10.39,
334163,365,Fine particles (PM 2.5),Mean,mcg/m3,UHF34,306308,Chelsea-Village,Summer 2015,06/01/2015,11.69,
669627,365,Fine particles (PM 2.5),Mean,mcg/m3,UHF34,306308,Chelsea-Village,Winter 2019-20,12/01/2019,11.26,
649874,365,Fine particles (PM 2.5),Mean,mcg/m3,UHF34,306308,Chelsea-Village,Summer 2019,06/01/2019,11.09,
173252,365,Fine particles (PM 2.5),Mean,mcg/m3,UHF34,305307,Upper East Side-Gramercy,Winter 2012-13,12/01/2012,13.99,
334160,365,Fine particles (PM 2.5),Mean,mcg/m3,UHF34,305307,Upper East Side-Gramercy,Summer 2015,06/01/2015,11.66,
174170,365,Fine particles (PM 2.5),Mean,mcg/m3,UHF34,305307,Upper East Side-Gramercy,Annual Average 2010,12/01/2009,12.96,
173253,365,Fine particles (PM 2.5),Mean,mcg/m3,UHF34,306308,Chelsea-Village,Winter 2012-13,12/01/2012,13.72,
174171,365,Fine particles (PM 2.5),Mean,mcg/m3,UHF34,306308,Chelsea-Village,Annual Average 2010,12/01/2009,12.66,
549339,386,Ozone (O3),Mean,ppb,UHF42,206,Borough Park,Summer 2017,06/01/2017,29.72,
605242,386,Ozone (O3),Mean,ppb,UHF42,206,Borough Park,Summer 2018,06/01/2018,30.44,
549342,386,Ozone (O3),Mean,ppb,UHF42,209,Bensonhurst - Bay Ridge,Summer 2017,06/01/2017,30.05,
336891,375,Nitrogen dioxide (NO2),Mean,ppb,CD,501,St. George and Stapleton (CD1),Winter 2014-15,12/01/2014,22.47,
550160,375,Nitrogen dioxide (NO2),Mean,ppb,CD,501,St. George and Stapleton (CD1),Annual Average 2017,01/01/2017,16.4,
741294,375,Nitrogen dioxide (NO2),Mean,ppb,CD,501,St. George and Stapleton (CD1),Annual Average 2021,01/01/2021,15.32,
165900,375,Nitrogen dioxide (NO2),Mean,ppb,CD,402,Woodside and Sunnyside (CD2),Winter 2010-11,12/01/2010,31.64,
166667,375,Nitrogen dioxide (NO2),Mean,ppb,CD,402,Woodside and Sunnyside (CD2),Summer 2009,06/01/2009,21.4,
167788,375,Nitrogen dioxide (NO2),Mean,ppb,CD,402,Woodside and Sunnyside (CD2),Annual Average 2013,12/01/2012,22.11,
667477,375,Nitrogen dioxide (NO2),Mean,ppb,UHF34,306308,Chelsea-Village,Annual Average 2020,01/01/2020,23.02,
649871,365,Fine particles (PM 2.5),Mean,mcg/m3,UHF34,305307,Upper East Side-Gramercy,Summer 2019,06/01/2019,10.07,
669630,365,Fine particles (PM 2.5),Mean,mcg/m3,UHF34,305307,Upper East Side-Gramercy,Winter 2019-20,12/01/2019,9.71,
334313,365,Fine particles (PM 2.5),Mean,mcg/m3,CD,402,Woodside and Sunnyside (CD2),Summer 2015,06/01/2015,10.99,
334184,365,Fine particles (PM 2.5),Mean,mcg/m3,CD,101,Financial District (CD1),Summer 2015,06/01/2015,11.04,
170224,365,Fine particles (PM 2.5),Mean,mcg/m3,CD,102,Greenwich Village and Soho (CD2),Annual Average 2010,12/01/2009,11.63,
154612,643,Annual vehicle miles traveled,million miles,per km2,CD,411,Bayside and Little Neck (CD11),2005,01/01/2005,35.1,
605259,386,Ozone (O3),Mean,ppb,UHF42,402,West Queens,Summer 2018,06/01/2018,30.33,
222579,386,Ozone (O3),Mean,ppb,UHF42,402,West Queens,Summer 2013,06/01/2013,30.68,
222578,386,Ozone (O3),Mean,ppb,UHF42,402,West Queens,Summer 2012,06/01/2012,33.58,
176664,375,Nitrogen dioxide (NO2),Mean,ppb,UHF42,402,West Queens,Annual Average 2012,12/01/2011,22.78,
336819,375,Nitrogen dioxide (NO2),Mean,ppb,CD,309,South Crown Heights and Lefferts Gardens (CD9),Winter 2014-15,12/01/2014,26.38,
550088,375,Nitrogen dioxide (NO2),Mean,ppb,CD,309,South Crown Heights and Lefferts Gardens (CD9),Annual Average 2017,01/01/2017,19.95,
741222,375,Nitrogen dioxide (NO2),Mean,ppb,CD,309,South Crown Heights and Lefferts Gardens (CD9),Annual Average 2021,01/01/2021,17.02,
165848,375,Nitrogen dioxide (NO2),Mean,ppb,CD,409,Kew Gardens and Woodhaven (CD9),Winter 2009-10,12/01/2009,26.85,
165966,375,Nitrogen dioxide (NO2),Mean,ppb,CD,409,Kew Gardens and Woodhaven (CD9),Winter 2011-12,12/01/2011,24.63,
"518965,657,Asthma emergency department visits due to PM2.5,Estimated annual rate (age 18+),""per 100,000 adults"",UHF42,402,West Queens,2012-2014,01/02/2012,13.56,"
"628514,657,Asthma emergency department visits due to PM2.5,Estimated annual rate (age 18+),""per 100,000 adults"",UHF42,402,West Queens,2015-2017,01/01/2015,14.7,"
168682,365,Fine particles (PM 2.5),Mean,mcg/m3,CD,411,Bayside and Little Neck (CD11),Winter 2012-13,12/01/2012,9.39,
170275,365,Fine particles (PM 2.5),Mean,mcg/m3,CD,411,Bayside and Little Neck (CD11),Annual Average 2010,12/01/2009,8.97,
334340,365,Fine particles (PM 2.5),Mean,mcg/m3,CD,411,Bayside and Little Neck (CD11),Summer 2015,06/01/2015,9.05,
669965,365,Fine particles (PM 2.5),Mean,mcg/m3,CD,411,Bayside and Little Neck (CD11),Winter 2019-20,12/01/2019,7.62,
650051,365,Fine particles (PM 2.5),Mean,mcg/m3,CD,411,Bayside and Little Neck (CD11),Summer 2019,06/01/2019,7.28,
166733,375,Nitrogen dioxide (NO2),Mean,ppb,CD,409,Kew Gardens and Woodhaven (CD9),Summer 2010,06/01/2010,18.82,
740981,375,Nitrogen dioxide (NO2),Mean,ppb,UHF42,402,West Queens,Summer 2021,06/01/2021,14.75,
176034,375,Nitrogen dioxide (NO2),Mean,ppb,UHF42,402,West Queens,Summer 2012,06/01/2012,18.85,
176076,375,Nitrogen dioxide (NO2),Mean,ppb,UHF42,402,West Queens,Summer 2013,06/01/2013,18.1,
412516,375,Nitrogen dioxide (NO2),Mean,ppb,UHF42,402,West Queens,Annual Average 2016,12/31/2015,20.53,
602789,375,Nitrogen dioxide (NO2),Mean,ppb,UHF42,402,West Queens,Annual Average 2018,01/01/2018,19.9,
216579,386,Ozone (O3),Mean,ppb,CD,409,Kew Gardens and Woodhaven (CD9),Summer 2010,06/01/2010,33.23,
412121,386,Ozone (O3),Mean,ppb,CD,409,Kew Gardens and Woodhaven (CD9),Summer 2016,06/01/2016,33.58,
412103,386,Ozone (O3),Mean,ppb,CD,309,South Crown Heights and Lefferts Gardens (CD9),Summer 2016,06/01/2016,32.98,
169549,365,Fine particles (PM 2.5),Mean,mcg/m3,CD,311,Bensonhurst (CD11),Summer 2013,06/01/2013,9.77,
169490,365,Fine particles (PM 2.5),Mean,mcg/m3,CD,311,Bensonhurst (CD11),Summer 2012,06/01/2012,9.99,
411070,365,Fine particles (PM 2.5),Mean,mcg/m3,CD,311,Bensonhurst (CD11),Annual Average 2016,12/31/2015,7.03,
605996,365,Fine particles (PM 2.5),Mean,mcg/m3,CD,311,Bensonhurst (CD11),Annual Average 2018,01/01/2018,6.72,
170391,365,Fine particles (PM 2.5),Mean,mcg/m3,CD,409,Kew Gardens and Woodhaven (CD9),Annual Average 2012,12/01/2011,8.63,
170363,365,Fine particles (PM 2.5),Mean,mcg/m3,CD,211,Morris Park and Bronxdale (CD11),Annual Average 2012,12/01/2011,9.15,
550079,375,Nitrogen dioxide (NO2),Mean,ppb,CD,306,Park Slope and Carroll Gardens (CD6),Annual Average 2017,01/01/2017,20.62,
602799,375,Nitrogen dioxide (NO2),Mean,ppb,UHF42,405,Ridgewood - Forest Hills,Summer 2018,06/01/2018,12.54,
667251,375,Nitrogen dioxide (NO2),Mean,ppb,UHF42,405,Ridgewood - Forest Hills,Summer 2020,06/01/2020,10.49,
222582,386,Ozone (O3),Mean,ppb,UHF42,403,Flushing - Clearview,Summer 2010,06/01/2010,33.99,
412024,386,Ozone (O3),Mean,ppb,UHF42,403,Flushing - Clearview,Summer 2016,06/01/2016,33.44,
412517,375,Nitrogen dioxide (NO2),Mean,ppb,UHF42,403,Flushing - Clearview,Winter 2015-16,12/01/2015,22.66,
602762,375,Nitrogen dioxide (NO2),Mean,ppb,UHF42,303,East Harlem,Annual Average 2018,01/01/2018,20.91,
412489,375,Nitrogen dioxide (NO2),Mean,ppb,UHF42,303,East Harlem,Annual Average 2016,12/31/2015,22.19,
176027,375,Nitrogen dioxide (NO2),Mean,ppb,UHF42,305,Upper East Side,Summer 2012,06/01/2012,26.79,
667239,375,Nitrogen dioxide (NO2),Mean,ppb,UHF42,403,Flushing - Clearview,Summer 2020,06/01/2020,11.03,
549856,375,Nitrogen dioxide (NO2),Mean,ppb,UHF42,405,Ridgewood - Forest Hills,Summer 2017,06/01/2017,13.79,
175407,375,Nitrogen dioxide (NO2),Mean,ppb,UHF42,405,Ridgewood - Forest Hills,Winter 2011-12,12/01/2011,24.49,
176697,375,Nitrogen dioxide (NO2),Mean,ppb,UHF42,303,East Harlem,Annual Average 2013,12/01/2012,24.75,
336552,375,Nitrogen dioxide (NO2),Mean,ppb,UHF42,303,East Harlem,Winter 2014-15,12/01/2014,26.96,
175355,375,Nitrogen dioxide (NO2),Mean,ppb,UHF42,305,Upper East Side,Winter 2010-11,12/01/2010,35.88,
176699,375,Nitrogen dioxide (NO2),Mean,ppb,UHF42,305,Upper East Side,Annual Average 2013,12/01/2012,28.59,
175901,375,Nitrogen dioxide (NO2),Mean,ppb,UHF42,305,Upper East Side,Summer 2009,06/01/2009,30.94,
336580,375,Nitrogen dioxide (NO2),Mean,ppb,UHF42,403,Flushing - Clearview,Annual Average 2015,01/01/2015,19.09,
325165,645,Annual vehicle miles travelled (trucks),million miles,per km2,CD,308,Crown Heights and Prospect Heights (CD8),2016,01/01/2016,1.1,
325151,645,Annual vehicle miles travelled (trucks),million miles,per km2,CD,206,Belmont and East Tremont (CD6),2016,01/01/2016,3.8,
154459,645,Annual vehicle miles travelled (trucks),million miles,per km2,CD,206,Belmont and East Tremont (CD6),2005,01/01/2005,2.8,
151645,643,Annual vehicle miles traveled,million miles,per km2,UHF42,305,Upper East Side,2005,01/01/2005,54.7,
325220,643,Annual vehicle miles traveled,million miles,per km2,UHF42,305,Upper East Side,2016,01/01/2016,52.2,
151703,644,Annual vehicle miles travelled (cars),million miles,per km2,UHF42,405,Ridgewood - Forest Hills,2005,01/01/2005,25.1,
325337,644,Annual vehicle miles travelled (cars),million miles,per km2,UHF42,405,Ridgewood - Forest Hills,2016,01/01/2016,26.6,
151673,644,Annual vehicle miles travelled (cars),million miles,per km2,UHF42,103,Fordham - Bronx Pk,2005,01/01/2005,22.8,
151751,645,Annual vehicle miles travelled (trucks),million miles,per km2,UHF42,405,Ridgewood - Forest Hills,2005,01/01/2005,1,
325181,645,Annual vehicle miles travelled (trucks),million miles,per km2,CD,406,Rego Park and Forest Hills (CD6),2016,01/01/2016,1.9,
154491,645,Annual vehicle miles travelled (trucks),million miles,per km2,CD,408,Hillcrest and Fresh Meadows (CD8),2005,01/01/2005,1.4,
325183,645,Annual vehicle miles travelled (trucks),million miles,per km2,CD,408,Hillcrest and Fresh Meadows (CD8),2016,01/01/2016,1.6,
"151423,652,Cardiac and respiratory deaths due to Ozone,Estimated annual rate,""per 100,000"",UHF42,503,Willowbrook,2009-2011,01/01/2009,9.7,"
"151415,652,Cardiac and respiratory deaths due to Ozone,Estimated annual rate,""per 100,000"",UHF42,405,Ridgewood - Forest Hills,2009-2011,01/01/2009,5.5,"
547627,365,Fine particles (PM 2.5),Mean,mcg/m3,CD,110,Central Harlem (CD10),Annual Average 2017,01/01/2017,7.88,
179732,642,Boiler Emissions- Total NOx Emissions,Number per km2,number,UHF42,201,Greenpoint,2015,01/01/2015,18.8,
179828,641,Boiler Emissions- Total PM2.5 Emissions,Number per km2,number,UHF42,201,Greenpoint,2015,01/01/2015,0,
334038,365,Fine particles (PM 2.5),Mean,mcg/m3,UHF42,401,Long Island City - Astoria,Winter 2014-15,12/01/2014,10.44,
165892,375,Nitrogen dioxide (NO2),Mean,ppb,CD,312,Borough Park (CD12),Winter 2010-11,12/01/2010,30.42,
166659,375,Nitrogen dioxide (NO2),Mean,ppb,CD,312,Borough Park (CD12),Summer 2009,06/01/2009,21.82,
167780,375,Nitrogen dioxide (NO2),Mean,ppb,CD,312,Borough Park (CD12),Annual Average 2013,12/01/2012,20.53,
336828,375,Nitrogen dioxide (NO2),Mean,ppb,CD,312,Borough Park (CD12),Winter 2014-15,12/01/2014,25.93,
165880,375,Nitrogen dioxide (NO2),Mean,ppb,CD,212,Williamsbridge and Baychester (CD12),Winter 2010-11,12/01/2010,25.4,
167768,375,Nitrogen dioxide (NO2),Mean,ppb,CD,212,Williamsbridge and Baychester (CD12),Annual Average 2013,12/01/2012,17.96,
166647,375,Nitrogen dioxide (NO2),Mean,ppb,CD,212,Williamsbridge and Baychester (CD12),Summer 2009,06/01/2009,17.61,
336786,375,Nitrogen dioxide (NO2),Mean,ppb,CD,210,Throgs Neck and Co-op City (CD10),Winter 2014-15,12/01/2014,23.17,
550055,375,Nitrogen dioxide (NO2),Mean,ppb,CD,210,Throgs Neck and Co-op City (CD10),Annual Average 2017,01/01/2017,18.07,
175907,375,Nitrogen dioxide (NO2),Mean,ppb,UHF42,401,Long Island City - Astoria,Summer 2009,06/01/2009,21.87,
176705,375,Nitrogen dioxide (NO2),Mean,ppb,UHF42,401,Long Island City - Astoria,Annual Average 2013,12/01/2012,22.3,
336576,375,Nitrogen dioxide (NO2),Mean,ppb,UHF42,401,Long Island City - Astoria,Winter 2014-15,12/01/2014,26.22,
549845,375,Nitrogen dioxide (NO2),Mean,ppb,UHF42,401,Long Island City - Astoria,Annual Average 2017,01/01/2017,20.99,
740979,375,Nitrogen dioxide (NO2),Mean,ppb,UHF42,401,Long Island City - Astoria,Annual Average 2021,01/01/2021,19,
175361,375,Nitrogen dioxide (NO2),Mean,ppb,UHF42,401,Long Island City - Astoria,Winter 2010-11,12/01/2010,31.48,
222630,386,Ozone (O3),Mean,ppb,UHF42,501,Port Richmond,Summer 2010,06/01/2010,32.74,
222631,386,Ozone (O3),Mean,ppb,UHF42,501,Port Richmond,Summer 2011,06/01/2011,31.02,
412032,386,Ozone (O3),Mean,ppb,UHF42,501,Port Richmond,Summer 2016,06/01/2016,33.42,
741189,375,Nitrogen dioxide (NO2),Mean,ppb,CD,210,Throgs Neck and Co-op City (CD10),Annual Average 2021,01/01/2021,15.39,
412124,386,Ozone (O3),Mean,ppb,CD,412,Jamaica and Hollis (CD12),Summer 2016,06/01/2016,34.03,
216418,386,Ozone (O3),Mean,ppb,CD,212,Williamsbridge and Baychester (CD12),Summer 2011,06/01/2011,33.23,
216405,386,Ozone (O3),Mean,ppb,CD,210,Throgs Neck and Co-op City (CD10),Summer 2010,06/01/2010,35.04,
216406,386,Ozone (O3),Mean,ppb,CD,210,Throgs Neck and Co-op City (CD10),Summer 2011,06/01/2011,34.88,
412811,375,Nitrogen dioxide (NO2),Mean,ppb,CD,410,South Ozone Park and Howard Beach (CD10),Winter 2015-16,12/01/2015,22.46,
166795,375,Nitrogen dioxide (NO2),Mean,ppb,CD,412,Jamaica and Hollis (CD12),Summer 2011,06/01/2011,17.34,
166736,375,Nitrogen dioxide (NO2),Mean,ppb,CD,412,Jamaica and Hollis (CD12),Summer 2010,06/01/2010,17.99,
412817,375,Nitrogen dioxide (NO2),Mean,ppb,CD,412,Jamaica and Hollis (CD12),Winter 2015-16,12/01/2015,22.56,
741007,375,Nitrogen dioxide (NO2),Mean,ppb,UHF42,501,Port Richmond,Winter 2020-21,12/01/2020,20.82,
216520,386,Ozone (O3),Mean,ppb,CD,317,East Flatbush (CD17),Summer 2011,06/01/2011,32.96,
216627,386,Ozone (O3),Mean,ppb,CD,503,Tottenville and Great Kills (CD3),Summer 2010,06/01/2010,36.52,
412097,386,Ozone (O3),Mean,ppb,CD,303,Bedford Stuyvesant (CD3),Summer 2016,06/01/2016,32.55,
216442,386,Ozone (O3),Mean,ppb,CD,304,Bushwick (CD4),Summer 2011,06/01/2011,32.31,
216441,386,Ozone (O3),Mean,ppb,CD,304,Bushwick (CD4),Summer 2010,06/01/2010,33,
412129,386,Ozone (O3),Mean,ppb,CD,503,Tottenville and Great Kills (CD3),Summer 2016,06/01/2016,36.19,
166727,375,Nitrogen dioxide (NO2),Mean,ppb,CD,403,Jackson Heights (CD3),Summer 2010,06/01/2010,20.2,
166786,375,Nitrogen dioxide (NO2),Mean,ppb,CD,403,Jackson Heights (CD3),Summer 2011,06/01/2011,20.06,
412790,375,Nitrogen dioxide (NO2),Mean,ppb,CD,403,Jackson Heights (CD3),Winter 2015-16,12/01/2015,24.76,
741256,375,Nitrogen dioxide (NO2),Mean,ppb,CD,403,Jackson Heights (CD3),Winter 2020-21,12/01/2020,21.53,
166787,375,Nitrogen dioxide (NO2),Mean,ppb,CD,404,Elmhurst and Corona (CD4),Summer 2011,06/01/2011,21.41,
166728,375,Nitrogen dioxide (NO2),Mean,ppb,CD,404,Elmhurst and Corona (CD4),Summer 2010,06/01/2010,21.39,
166845,375,Nitrogen dioxide (NO2),Mean,ppb,CD,403,Jackson Heights (CD3),Summer 2012,06/01/2012,18.7,
412741,375,Nitrogen dioxide (NO2),Mean,ppb,CD,304,Bushwick (CD4),Annual Average 2016,12/31/2015,19.82,
603014,375,Nitrogen dioxide (NO2),Mean,ppb,CD,304,Bushwick (CD4),Annual Average 2018,01/01/2018,19.47,
741206,375,Nitrogen dioxide (NO2),Mean,ppb,CD,304,Bushwick (CD4),Summer 2021,06/01/2021,12.67,
603011,375,Nitrogen dioxide (NO2),Mean,ppb,CD,303,Bedford Stuyvesant (CD3),Annual Average 2018,01/01/2018,19.99,
741203,375,Nitrogen dioxide (NO2),Mean,ppb,CD,303,Bedford Stuyvesant (CD3),Summer 2021,06/01/2021,13.05,
154605,643,Annual vehicle miles traveled,million miles,per km2,CD,404,Elmhurst and Corona (CD4),2005,01/01/2005,37.1,
325299,643,Annual vehicle miles traveled,million miles,per km2,CD,503,Tottenville and Great Kills (CD3),2016,01/01/2016,6.5,
151658,643,Annual vehicle miles traveled,million miles,per km2,UHF42,408,Jamaica,2005,01/01/2005,19.4,
151657,643,Annual vehicle miles traveled,million miles,per km2,UHF42,407,Southwest Queens,2005,01/01/2005,21.9,
325232,643,Annual vehicle miles traveled,million miles,per km2,UHF42,407,Southwest Queens,2016,01/01/2016,24.9,
325286,643,Annual vehicle miles traveled,million miles,per km2,CD,404,Elmhurst and Corona (CD4),2016,01/01/2016,38.6,
154600,643,Annual vehicle miles traveled,million miles,per km2,CD,317,East Flatbush (CD17),2005,01/01/2005,37.8,
325281,643,Annual vehicle miles traveled,million miles,per km2,CD,317,East Flatbush (CD17),2016,01/01/2016,22.6,
154601,643,Annual vehicle miles traveled,million miles,per km2,CD,318,Flatlands and Canarsie (CD18),2005,01/01/2005,17.6,
325282,643,Annual vehicle miles traveled,million miles,per km2,CD,318,Flatlands and Canarsie (CD18),2016,01/01/2016,15.5,
222615,386,Ozone (O3),Mean,ppb,UHF42,408,Jamaica,Summer 2013,06/01/2013,31.12,
222614,386,Ozone (O3),Mean,ppb,UHF42,408,Jamaica,Summer 2012,06/01/2012,33.78,
743701,386,Ozone (O3),Mean,ppb,UHF42,308,Greenwich Village - SoHo,Summer 2021,06/01/2021,27.96,
222555,386,Ozone (O3),Mean,ppb,UHF42,308,Greenwich Village - SoHo,Summer 2013,06/01/2013,25.22,
222554,386,Ozone (O3),Mean,ppb,UHF42,308,Greenwich Village - SoHo,Summer 2012,06/01/2012,27.85,
176040,375,Nitrogen dioxide (NO2),Mean,ppb,UHF42,408,Jamaica,Summer 2012,06/01/2012,16.21,
168686,365,Fine particles (PM 2.5),Mean,mcg/m3,CD,501,St. George and Stapleton (CD1),Winter 2012-13,12/01/2012,9.85,
170279,365,Fine particles (PM 2.5),Mean,mcg/m3,CD,501,St. George and Stapleton (CD1),Annual Average 2010,12/01/2009,8.87,
669977,365,Fine particles (PM 2.5),Mean,mcg/m3,CD,501,St. George and Stapleton (CD1),Winter 2019-20,12/01/2019,7.43,
605930,365,Fine particles (PM 2.5),Mean,mcg/m3,CD,201,Mott Haven and Melrose (CD1),Annual Average 2018,01/01/2018,8.05,
605933,365,Fine particles (PM 2.5),Mean,mcg/m3,CD,202,Hunts Point and Longwood (CD2),Annual Average 2018,01/01/2018,8.12,
410968,365,Fine particles (PM 2.5),Mean,mcg/m3,CD,101,Financial District (CD1),Annual Average 2016,12/31/2015,9.56,
742394,365,Fine particles (PM 2.5),Mean,mcg/m3,CD,101,Financial District (CD1),Summer 2021,06/01/2021,9.67,
169512,365,Fine particles (PM 2.5),Mean,mcg/m3,CD,501,St. George and Stapleton (CD1),Summer 2012,06/01/2012,9.98,
169571,365,Fine particles (PM 2.5),Mean,mcg/m3,CD,501,St. George and Stapleton (CD1),Summer 2013,06/01/2013,9.47,
411136,365,Fine particles (PM 2.5),Mean,mcg/m3,CD,501,St. George and Stapleton (CD1),Annual Average 2016,12/31/2015,7.11,
606062,365,Fine particles (PM 2.5),Mean,mcg/m3,CD,501,St. George and Stapleton (CD1),Annual Average 2018,01/01/2018,6.58,
169557,365,Fine particles (PM 2.5),Mean,mcg/m3,CD,401,Long Island City and Astoria (CD1),Summer 2013,06/01/2013,10.35,
742469,365,Fine particles (PM 2.5),Mean,mcg/m3,CD,302,Fort Greene and Brooklyn Heights (CD2),Summer 2021,06/01/2021,9.05,
169572,365,Fine particles (PM 2.5),Mean,mcg/m3,CD,502,South Beach and Willowbrook (CD2),Summer 2013,06/01/2013,9.41,
169513,365,Fine particles (PM 2.5),Mean,mcg/m3,CD,502,South Beach and Willowbrook (CD2),Summer 2012,06/01/2012,9.97,
547771,365,Fine particles (PM 2.5),Mean,mcg/m3,CD,502,South Beach and Willowbrook (CD2),Annual Average 2017,01/01/2017,6.89,
742566,365,Fine particles (PM 2.5),Mean,mcg/m3,CD,502,South Beach and Willowbrook (CD2),Annual Average 2021,01/01/2021,6.16,
336700,375,Nitrogen dioxide (NO2),Mean,ppb,UHF34,306308,Chelsea-Village,Annual Average 2015,01/01/2015,28.2,
211682,375,Nitrogen dioxide (NO2),Mean,ppb,UHF34,306308,Chelsea-Village,Summer 2014,06/01/2014,26.92,
643530,375,Nitrogen dioxide (NO2),Mean,ppb,UHF34,306308,Chelsea-Village,Winter 2018-19,12/01/2018,28.8,
172606,375,Nitrogen dioxide (NO2),Mean,ppb,UHF34,305307,Upper East Side-Gramercy,Annual Average 2009,12/01/2008,38.52,
172674,375,Nitrogen dioxide (NO2),Mean,ppb,UHF34,305307,Upper East Side-Gramercy,Annual Average 2011,12/01/2010,35.11,
211681,375,Nitrogen dioxide (NO2),Mean,ppb,UHF34,305307,Upper East Side-Gramercy,Summer 2014,06/01/2014,27.28,
336697,375,Nitrogen dioxide (NO2),Mean,ppb,UHF34,305307,Upper East Side-Gramercy,Annual Average 2015,01/01/2015,28.28,
650992,386,Ozone (O3),Mean,ppb,UHF34,306308,Chelsea-Village,Summer 2019,06/01/2019,24.24,
338241,386,Ozone (O3),Mean,ppb,UHF34,305307,Upper East Side-Gramercy,Summer 2015,06/01/2015,26.66,
338216,386,Ozone (O3),Mean,ppb,UHF34,103,Fordham - Bronx Pk,Summer 2015,06/01/2015,29.53,
338242,386,Ozone (O3),Mean,ppb,UHF34,306308,Chelsea-Village,Summer 2015,06/01/2015,26.52,
743636,386,Ozone (O3),Mean,ppb,CD,202,Hunts Point and Longwood (CD2),Summer 2021,06/01/2021,29.13,
743637,386,Ozone (O3),Mean,ppb,CD,201,Mott Haven and Melrose (CD1),Summer 2021,06/01/2021,28.78,
169321,365,Fine particles (PM 2.5),Mean,mcg/m3,CD,401,Long Island City and Astoria (CD1),Summer 2009,06/01/2009,10.83,
170393,365,Fine particles (PM 2.5),Mean,mcg/m3,CD,411,Bayside and Little Neck (CD11),Annual Average 2012,12/01/2011,8.53,
170373,365,Fine particles (PM 2.5),Mean,mcg/m3,CD,309,South Crown Heights and Lefferts Gardens (CD9),Annual Average 2012,12/01/2011,9.07,
"130922,650,Respiratory hospitalizations due to PM2.5 (age 20+),Estimated annual rate,""per 100,000 adults"",UHF42,502,Stapleton - St. George,2005-2007,01/01/2005,20.2,"
213776,365,Fine particles (PM 2.5),Mean,mcg/m3,CD,211,Morris Park and Bronxdale (CD11),Winter 2013-14,12/01/2013,12.1,
168444,365,Fine particles (PM 2.5),Mean,mcg/m3,CD,409,Kew Gardens and Woodhaven (CD9),Winter 2008-09,12/01/2008,13.24,
213804,365,Fine particles (PM 2.5),Mean,mcg/m3,CD,409,Kew Gardens and Woodhaven (CD9),Winter 2013-14,12/01/2013,11.28,
606046,365,Fine particles (PM 2.5),Mean,mcg/m3,CD,409,Kew Gardens and Woodhaven (CD9),Winter 2017-18,12/01/2017,7.86,
213806,365,Fine particles (PM 2.5),Mean,mcg/m3,CD,411,Bayside and Little Neck (CD11),Winter 2013-14,12/01/2013,10.87,
605992,365,Fine particles (PM 2.5),Mean,mcg/m3,CD,309,South Crown Heights and Lefferts Gardens (CD9),Winter 2017-18,12/01/2017,8.51,
650044,365,Fine particles (PM 2.5),Mean,mcg/m3,CD,409,Kew Gardens and Woodhaven (CD9),Annual Average 2019,01/01/2019,6.4,
165850,375,Nitrogen dioxide (NO2),Mean,ppb,CD,411,Bayside and Little Neck (CD11),Winter 2009-10,12/01/2009,23.2,
165968,375,Nitrogen dioxide (NO2),Mean,ppb,CD,411,Bayside and Little Neck (CD11),Winter 2011-12,12/01/2011,20.84,
213629,375,Nitrogen dioxide (NO2),Mean,ppb,CD,411,Bayside and Little Neck (CD11),Annual Average 2014,12/01/2013,17.81,
550147,375,Nitrogen dioxide (NO2),Mean,ppb,CD,411,Bayside and Little Neck (CD11),Summer 2017,06/01/2017,12.88,
550149,375,Nitrogen dioxide (NO2),Mean,ppb,CD,411,Bayside and Little Neck (CD11),Winter 2016-17,12/01/2016,24.15,
603090,375,Nitrogen dioxide (NO2),Mean,ppb,CD,411,Bayside and Little Neck (CD11),Summer 2018,06/01/2018,11.94,
667833,375,Nitrogen dioxide (NO2),Mean,ppb,CD,411,Bayside and Little Neck (CD11),Summer 2020,06/01/2020,8.94,
741192,375,Nitrogen dioxide (NO2),Mean,ppb,CD,211,Morris Park and Bronxdale (CD11),Annual Average 2021,01/01/2021,16.29,
167777,375,Nitrogen dioxide (NO2),Mean,ppb,CD,309,South Crown Heights and Lefferts Gardens (CD9),Annual Average 2013,12/01/2012,22.12,
170434,365,Fine particles (PM 2.5),Mean,mcg/m3,CD,311,Bensonhurst (CD11),Annual Average 2013,12/01/2012,8.23,
168546,365,Fine particles (PM 2.5),Mean,mcg/m3,CD,311,Bensonhurst (CD11),Winter 2010-11,12/01/2010,12.03,
169313,365,Fine particles (PM 2.5),Mean,mcg/m3,CD,311,Bensonhurst (CD11),Summer 2009,06/01/2009,10.54,
547702,365,Fine particles (PM 2.5),Mean,mcg/m3,CD,311,Bensonhurst (CD11),Annual Average 2017,01/01/2017,7,
168544,365,Fine particles (PM 2.5),Mean,mcg/m3,CD,309,South Crown Heights and Lefferts Gardens (CD9),Winter 2010-11,12/01/2010,12.77,
170432,365,Fine particles (PM 2.5),Mean,mcg/m3,CD,309,South Crown Heights and Lefferts Gardens (CD9),Annual Average 2013,12/01/2012,8.64,
169547,365,Fine particles (PM 2.5),Mean,mcg/m3,CD,309,South Crown Heights and Lefferts Gardens (CD9),Summer 2013,06/01/2013,10.18,
169488,365,Fine particles (PM 2.5),Mean,mcg/m3,CD,309,South Crown Heights and Lefferts Gardens (CD9),Summer 2012,06/01/2012,10.28,
170196,365,Fine particles (PM 2.5),Mean,mcg/m3,CD,309,South Crown Heights and Lefferts Gardens (CD9),Annual Average 2009,12/01/2008,10.63,
170314,365,Fine particles (PM 2.5),Mean,mcg/m3,CD,309,South Crown Heights and Lefferts Gardens (CD9),Annual Average 2011,12/01/2010,10.23,
175959,375,Nitrogen dioxide (NO2),Mean,ppb,UHF42,501,Port Richmond,Summer 2010,06/01/2010,17.11,
176001,375,Nitrogen dioxide (NO2),Mean,ppb,UHF42,501,Port Richmond,Summer 2011,06/01/2011,16.93,
412541,375,Nitrogen dioxide (NO2),Mean,ppb,UHF42,501,Port Richmond,Winter 2015-16,12/01/2015,21.29,
412542,375,Nitrogen dioxide (NO2),Mean,ppb,UHF42,501,Port Richmond,Summer 2016,06/01/2016,13.86,
175949,375,Nitrogen dioxide (NO2),Mean,ppb,UHF42,401,Long Island City - Astoria,Summer 2010,06/01/2010,20.91,
667825,375,Nitrogen dioxide (NO2),Mean,ppb,CD,410,South Ozone Park and Howard Beach (CD10),Annual Average 2020,01/01/2020,14.28,
643704,375,Nitrogen dioxide (NO2),Mean,ppb,CD,410,South Ozone Park and Howard Beach (CD10),Winter 2018-19,12/01/2018,19.71,
167680,375,Nitrogen dioxide (NO2),Mean,ppb,CD,412,Jamaica and Hollis (CD12),Annual Average 2011,12/01/2010,21.58,
167562,375,Nitrogen dioxide (NO2),Mean,ppb,CD,412,Jamaica and Hollis (CD12),Annual Average 2009,12/01/2008,22.33,
336880,375,Nitrogen dioxide (NO2),Mean,ppb,CD,412,Jamaica and Hollis (CD12),Annual Average 2015,01/01/2015,18.53,
325274,643,Annual vehicle miles traveled,million miles,per km2,CD,310,Bay Ridge and Dyker Heights (CD10),2016,01/01/2016,28,
154595,643,Annual vehicle miles traveled,million miles,per km2,CD,312,Borough Park (CD12),2005,01/01/2005,22.4,
154583,643,Annual vehicle miles traveled,million miles,per km2,CD,212,Williamsbridge and Baychester (CD12),2005,01/01/2005,20.7,
154581,643,Annual vehicle miles traveled,million miles,per km2,CD,210,Throgs Neck and Co-op City (CD10),2005,01/01/2005,27.7,
325262,643,Annual vehicle miles traveled,million miles,per km2,CD,210,Throgs Neck and Co-op City (CD10),2016,01/01/2016,29.4,
325226,643,Annual vehicle miles traveled,million miles,per km2,UHF42,401,Long Island City - Astoria,2016,01/01/2016,25.1,
154552,644,Annual vehicle miles travelled (cars),million miles,per km2,CD,410,South Ozone Park and Howard Beach (CD10),2005,01/01/2005,27.1,
154554,644,Annual vehicle miles travelled (cars),million miles,per km2,CD,412,Jamaica and Hollis (CD12),2005,01/01/2005,17.6,
325401,644,Annual vehicle miles travelled (cars),million miles,per km2,CD,412,Jamaica and Hollis (CD12),2016,01/01/2016,16,
154524,644,Annual vehicle miles travelled (cars),million miles,per km2,CD,212,Williamsbridge and Baychester (CD12),2005,01/01/2005,18.7,
154522,644,Annual vehicle miles travelled (cars),million miles,per km2,CD,210,Throgs Neck and Co-op City (CD10),2005,01/01/2005,24.2,
325369,644,Annual vehicle miles travelled (cars),million miles,per km2,CD,210,Throgs Neck and Co-op City (CD10),2016,01/01/2016,26.5,
154510,644,Annual vehicle miles travelled (cars),million miles,per km2,CD,110,Central Harlem (CD10),2005,01/01/2005,30.3,
325357,644,Annual vehicle miles travelled (cars),million miles,per km2,CD,110,Central Harlem (CD10),2016,01/01/2016,29.4,
154512,644,Annual vehicle miles travelled (cars),million miles,per km2,CD,112,Washington Heights and Inwood (CD12),2005,01/01/2005,46.6,
325355,644,Annual vehicle miles travelled (cars),million miles,per km2,CD,108,Upper East Side (CD8),2016,01/01/2016,54.8,
325359,644,Annual vehicle miles travelled (cars),million miles,per km2,CD,112,Washington Heights and Inwood (CD12),2016,01/01/2016,45.9,
741229,375,Nitrogen dioxide (NO2),Mean,ppb,CD,312,Borough Park (CD12),Winter 2020-21,12/01/2020,23.12,
166775,375,Nitrogen dioxide (NO2),Mean,ppb,CD,310,Bay Ridge and Dyker Heights (CD10),Summer 2011,06/01/2011,18.06,
412758,375,Nitrogen dioxide (NO2),Mean,ppb,CD,310,Bay Ridge and Dyker Heights (CD10),Summer 2016,06/01/2016,14.26,
412534,375,Nitrogen dioxide (NO2),Mean,ppb,UHF42,408,Jamaica,Annual Average 2016,12/31/2015,17.56,
602807,375,Nitrogen dioxide (NO2),Mean,ppb,UHF42,408,Jamaica,Annual Average 2018,01/01/2018,17.55,
740999,375,Nitrogen dioxide (NO2),Mean,ppb,UHF42,408,Jamaica,Summer 2021,06/01/2021,10.79,
176670,375,Nitrogen dioxide (NO2),Mean,ppb,UHF42,408,Jamaica,Annual Average 2012,12/01/2011,19.35,
176660,375,Nitrogen dioxide (NO2),Mean,ppb,UHF42,308,Greenwich Village - SoHo,Annual Average 2012,12/01/2011,29.98,
176659,375,Nitrogen dioxide (NO2),Mean,ppb,UHF42,307,Gramercy Park - Murray Hill,Annual Average 2012,12/01/2011,37.29,
165897,375,Nitrogen dioxide (NO2),Mean,ppb,CD,317,East Flatbush (CD17),Winter 2010-11,12/01/2010,30.64,
166664,375,Nitrogen dioxide (NO2),Mean,ppb,CD,317,East Flatbush (CD17),Summer 2009,06/01/2009,21.21,
336843,375,Nitrogen dioxide (NO2),Mean,ppb,CD,317,East Flatbush (CD17),Winter 2014-15,12/01/2014,25.82,
550112,375,Nitrogen dioxide (NO2),Mean,ppb,CD,317,East Flatbush (CD17),Annual Average 2017,01/01/2017,18.93,
741246,375,Nitrogen dioxide (NO2),Mean,ppb,CD,317,East Flatbush (CD17),Annual Average 2021,01/01/2021,16.52,
165898,375,Nitrogen dioxide (NO2),Mean,ppb,CD,318,Flatlands and Canarsie (CD18),Winter 2010-11,12/01/2010,26.23,
336846,375,Nitrogen dioxide (NO2),Mean,ppb,CD,318,Flatlands and Canarsie (CD18),Winter 2014-15,12/01/2014,23.19,
165915,375,Nitrogen dioxide (NO2),Mean,ppb,CD,503,Tottenville and Great Kills (CD3),Winter 2010-11,12/01/2010,20.41,
167803,375,Nitrogen dioxide (NO2),Mean,ppb,CD,503,Tottenville and Great Kills (CD3),Annual Average 2013,12/01/2012,11.42,
166682,375,Nitrogen dioxide (NO2),Mean,ppb,CD,503,Tottenville and Great Kills (CD3),Summer 2009,06/01/2009,10.81,
550115,375,Nitrogen dioxide (NO2),Mean,ppb,CD,318,Flatlands and Canarsie (CD18),Annual Average 2017,01/01/2017,15.71,
741249,375,Nitrogen dioxide (NO2),Mean,ppb,CD,318,Flatlands and Canarsie (CD18),Annual Average 2021,01/01/2021,14.26,
"628520,657,Asthma emergency department visits due to PM2.5,Estimated annual rate (age 18+),""per 100,000 adults"",UHF42,408,Jamaica,2015-2017,01/01/2015,29.7,"
"628510,657,Asthma emergency department visits due to PM2.5,Estimated annual rate (age 18+),""per 100,000 adults"",UHF42,308,Greenwich Village - SoHo,2015-2017,01/01/2015,6.5,"
"518961,657,Asthma emergency department visits due to PM2.5,Estimated annual rate (age 18+),""per 100,000 adults"",UHF42,308,Greenwich Village - SoHo,2012-2014,01/02/2012,7.24,"
"518960,657,Asthma emergency department visits due to PM2.5,Estimated annual rate (age 18+),""per 100,000 adults"",UHF42,307,Gramercy Park - Murray Hill,2012-2014,01/02/2012,23.96,"
"628509,657,Asthma emergency department visits due to PM2.5,Estimated annual rate (age 18+),""per 100,000 adults"",UHF42,307,Gramercy Park - Murray Hill,2015-2017,01/01/2015,16.5,"
"518566,659,Asthma emergency departments visits due to Ozone,Estimated annual rate (age 18+),""per 100,000 adults"",UHF42,208,Canarsie - Flatlands,2012-2014,01/02/2012,52.2,"
"628931,659,Asthma emergency departments visits due to Ozone,Estimated annual rate (age 18+),""per 100,000 adults"",UHF42,208,Canarsie - Flatlands,2015-2017,01/01/2015,48.5,"
"518586,659,Asthma emergency departments visits due to Ozone,Estimated annual rate (age 18+),""per 100,000 adults"",UHF42,407,Southwest Queens,2012-2014,01/02/2012,33.9,"
"628951,659,Asthma emergency departments visits due to Ozone,Estimated annual rate (age 18+),""per 100,000 adults"",UHF42,407,Southwest Queens,2015-2017,01/01/2015,28.3,"
334358,365,Fine particles (PM 2.5),Mean,mcg/m3,CD,503,Tottenville and Great Kills (CD3),Summer 2015,06/01/2015,8.44,
213971,365,Fine particles (PM 2.5),Mean,mcg/m3,CD,317,East Flatbush (CD17),Summer 2014,06/01/2014,8.86,
334303,365,Fine particles (PM 2.5),Mean,mcg/m3,CD,317,East Flatbush (CD17),Annual Average 2015,01/01/2015,8.73,
168554,365,Fine particles (PM 2.5),Mean,mcg/m3,CD,401,Long Island City and Astoria (CD1),Winter 2010-11,12/01/2010,13.06,
170442,365,Fine particles (PM 2.5),Mean,mcg/m3,CD,401,Long Island City and Astoria (CD1),Annual Average 2013,12/01/2012,8.9,
334311,365,Fine particles (PM 2.5),Mean,mcg/m3,CD,401,Long Island City and Astoria (CD1),Winter 2014-15,12/01/2014,9.74,
169304,365,Fine particles (PM 2.5),Mean,mcg/m3,CD,302,Fort Greene and Brooklyn Heights (CD2),Summer 2009,06/01/2009,11.74,
170425,365,Fine particles (PM 2.5),Mean,mcg/m3,CD,302,Fort Greene and Brooklyn Heights (CD2),Annual Average 2013,12/01/2012,9.52,
411139,365,Fine particles (PM 2.5),Mean,mcg/m3,CD,502,South Beach and Willowbrook (CD2),Annual Average 2016,12/31/2015,6.89,
216623,386,Ozone (O3),Mean,ppb,CD,502,South Beach and Willowbrook (CD2),Summer 2012,06/01/2012,33.7,
216624,386,Ozone (O3),Mean,ppb,CD,502,South Beach and Willowbrook (CD2),Summer 2013,06/01/2013,31.28,
216540,386,Ozone (O3),Mean,ppb,CD,402,Woodside and Sunnyside (CD2),Summer 2013,06/01/2013,30.71,
743649,386,Ozone (O3),Mean,ppb,CD,101,Financial District (CD1),Summer 2021,06/01/2021,28.05,
216533,386,Ozone (O3),Mean,ppb,CD,401,Long Island City and Astoria (CD1),Summer 2012,06/01/2012,34.55,
216534,386,Ozone (O3),Mean,ppb,CD,401,Long Island City and Astoria (CD1),Summer 2013,06/01/2013,31.21,
216617,386,Ozone (O3),Mean,ppb,CD,501,St. George and Stapleton (CD1),Summer 2012,06/01/2012,31.52,
216618,386,Ozone (O3),Mean,ppb,CD,501,St. George and Stapleton (CD1),Summer 2013,06/01/2013,29.18,
743593,386,Ozone (O3),Mean,ppb,CD,501,St. George and Stapleton (CD1),Summer 2021,06/01/2021,28.61,
742562,365,Fine particles (PM 2.5),Mean,mcg/m3,CD,501,St. George and Stapleton (CD1),Summer 2021,06/01/2021,8.26,
169558,365,Fine particles (PM 2.5),Mean,mcg/m3,CD,402,Woodside and Sunnyside (CD2),Summer 2013,06/01/2013,11.59,
169499,365,Fine particles (PM 2.5),Mean,mcg/m3,CD,402,Woodside and Sunnyside (CD2),Summer 2012,06/01/2012,11.7,
411097,365,Fine particles (PM 2.5),Mean,mcg/m3,CD,402,Woodside and Sunnyside (CD2),Annual Average 2016,12/31/2015,9.27,
606023,365,Fine particles (PM 2.5),Mean,mcg/m3,CD,402,Woodside and Sunnyside (CD2),Annual Average 2018,01/01/2018,8.6,
742523,365,Fine particles (PM 2.5),Mean,mcg/m3,CD,402,Woodside and Sunnyside (CD2),Summer 2021,06/01/2021,9.51,
606065,365,Fine particles (PM 2.5),Mean,mcg/m3,CD,502,South Beach and Willowbrook (CD2),Annual Average 2018,01/01/2018,6.49,
742565,365,Fine particles (PM 2.5),Mean,mcg/m3,CD,502,South Beach and Willowbrook (CD2),Summer 2021,06/01/2021,7.95,
606020,365,Fine particles (PM 2.5),Mean,mcg/m3,CD,401,Long Island City and Astoria (CD1),Annual Average 2018,01/01/2018,7.39,
742520,365,Fine particles (PM 2.5),Mean,mcg/m3,CD,401,Long Island City and Astoria (CD1),Summer 2021,06/01/2021,8.68,
169498,365,Fine particles (PM 2.5),Mean,mcg/m3,CD,401,Long Island City and Astoria (CD1),Summer 2012,06/01/2012,10.46,
411094,365,Fine particles (PM 2.5),Mean,mcg/m3,CD,401,Long Island City and Astoria (CD1),Annual Average 2016,12/31/2015,7.82,
169481,365,Fine particles (PM 2.5),Mean,mcg/m3,CD,302,Fort Greene and Brooklyn Heights (CD2),Summer 2012,06/01/2012,11.12,
411043,365,Fine particles (PM 2.5),Mean,mcg/m3,CD,302,Fort Greene and Brooklyn Heights (CD2),Annual Average 2016,12/31/2015,8.83,
605969,365,Fine particles (PM 2.5),Mean,mcg/m3,CD,302,Fort Greene and Brooklyn Heights (CD2),Annual Average 2018,01/01/2018,7.75,
213963,365,Fine particles (PM 2.5),Mean,mcg/m3,CD,309,South Crown Heights and Lefferts Gardens (CD9),Summer 2014,06/01/2014,8.84,
334279,365,Fine particles (PM 2.5),Mean,mcg/m3,CD,309,South Crown Heights and Lefferts Gardens (CD9),Annual Average 2015,01/01/2015,8.7,
669904,365,Fine particles (PM 2.5),Mean,mcg/m3,CD,309,South Crown Heights and Lefferts Gardens (CD9),Annual Average 2020,01/01/2020,6.06,
170316,365,Fine particles (PM 2.5),Mean,mcg/m3,CD,311,Bensonhurst (CD11),Annual Average 2011,12/01/2010,9.72,
170198,365,Fine particles (PM 2.5),Mean,mcg/m3,CD,311,Bensonhurst (CD11),Annual Average 2009,12/01/2008,9.84,
179784,640,Boiler Emissions- Total SO2 Emissions,Number per km2,number,UHF42,402,West Queens,2015,01/01/2015,1.1,
214140,365,Fine particles (PM 2.5),Mean,mcg/m3,CD,309,South Crown Heights and Lefferts Gardens (CD9),Annual Average 2014,12/01/2013,9.04,
547695,365,Fine particles (PM 2.5),Mean,mcg/m3,CD,309,South Crown Heights and Lefferts Gardens (CD9),Summer 2017,06/01/2017,8.98,
547697,365,Fine particles (PM 2.5),Mean,mcg/m3,CD,309,South Crown Heights and Lefferts Gardens (CD9),Winter 2016-17,12/01/2016,7.74,
605991,365,Fine particles (PM 2.5),Mean,mcg/m3,CD,309,South Crown Heights and Lefferts Gardens (CD9),Summer 2018,06/01/2018,8.32,
169431,365,Fine particles (PM 2.5),Mean,mcg/m3,CD,311,Bensonhurst (CD11),Summer 2011,06/01/2011,11.14,
605961,365,Fine particles (PM 2.5),Mean,mcg/m3,CD,211,Morris Park and Bronxdale (CD11),Summer 2018,06/01/2018,8.46,
168487,365,Fine particles (PM 2.5),Mean,mcg/m3,CD,311,Bensonhurst (CD11),Winter 2009-10,12/01/2009,9.49,
168605,365,Fine particles (PM 2.5),Mean,mcg/m3,CD,311,Bensonhurst (CD11),Winter 2011-12,12/01/2011,8.55,
214142,365,Fine particles (PM 2.5),Mean,mcg/m3,CD,311,Bensonhurst (CD11),Annual Average 2014,12/01/2013,8.57,
547701,365,Fine particles (PM 2.5),Mean,mcg/m3,CD,311,Bensonhurst (CD11),Summer 2017,06/01/2017,8.44,
547703,365,Fine particles (PM 2.5),Mean,mcg/m3,CD,311,Bensonhurst (CD11),Winter 2016-17,12/01/2016,7.4,
605997,365,Fine particles (PM 2.5),Mean,mcg/m3,CD,311,Bensonhurst (CD11),Summer 2018,06/01/2018,7.93,
669912,365,Fine particles (PM 2.5),Mean,mcg/m3,CD,311,Bensonhurst (CD11),Summer 2020,06/01/2020,6.65,
168603,365,Fine particles (PM 2.5),Mean,mcg/m3,CD,309,South Crown Heights and Lefferts Gardens (CD9),Winter 2011-12,12/01/2011,9.5,
168485,365,Fine particles (PM 2.5),Mean,mcg/m3,CD,309,South Crown Heights and Lefferts Gardens (CD9),Winter 2009-10,12/01/2009,10.38,
165891,375,Nitrogen dioxide (NO2),Mean,ppb,CD,311,Bensonhurst (CD11),Winter 2010-11,12/01/2010,28.71,
166658,375,Nitrogen dioxide (NO2),Mean,ppb,CD,311,Bensonhurst (CD11),Summer 2009,06/01/2009,19.2,
167779,375,Nitrogen dioxide (NO2),Mean,ppb,CD,311,Bensonhurst (CD11),Annual Average 2013,12/01/2012,18.96,
550094,375,Nitrogen dioxide (NO2),Mean,ppb,CD,311,Bensonhurst (CD11),Annual Average 2017,01/01/2017,18.15,
165877,375,Nitrogen dioxide (NO2),Mean,ppb,CD,209,Parkchester and Soundview (CD9),Winter 2010-11,12/01/2010,29.16,
166644,375,Nitrogen dioxide (NO2),Mean,ppb,CD,209,Parkchester and Soundview (CD9),Summer 2009,06/01/2009,21.07,
167765,375,Nitrogen dioxide (NO2),Mean,ppb,CD,209,Parkchester and Soundview (CD9),Annual Average 2013,12/01/2012,19.95,
741010,375,Nitrogen dioxide (NO2),Mean,ppb,UHF42,502,Stapleton - St. George,Winter 2020-21,12/01/2020,20.08,
166792,375,Nitrogen dioxide (NO2),Mean,ppb,CD,409,Kew Gardens and Woodhaven (CD9),Summer 2011,06/01/2011,18.65,
412809,375,Nitrogen dioxide (NO2),Mean,ppb,CD,409,Kew Gardens and Woodhaven (CD9),Summer 2016,06/01/2016,13.75,
412757,375,Nitrogen dioxide (NO2),Mean,ppb,CD,310,Bay Ridge and Dyker Heights (CD10),Winter 2015-16,12/01/2015,23.15,
643656,375,Nitrogen dioxide (NO2),Mean,ppb,CD,312,Borough Park (CD12),Winter 2018-19,12/01/2018,22.11,
667729,375,Nitrogen dioxide (NO2),Mean,ppb,CD,312,Borough Park (CD12),Annual Average 2020,01/01/2020,16.21,
167660,375,Nitrogen dioxide (NO2),Mean,ppb,CD,310,Bay Ridge and Dyker Heights (CD10),Annual Average 2011,12/01/2010,22.64,
213433,375,Nitrogen dioxide (NO2),Mean,ppb,CD,310,Bay Ridge and Dyker Heights (CD10),Summer 2014,06/01/2014,14.51,
667717,375,Nitrogen dioxide (NO2),Mean,ppb,CD,310,Bay Ridge and Dyker Heights (CD10),Annual Average 2020,01/01/2020,15.16,
216337,386,Ozone (O3),Mean,ppb,CD,110,Central Harlem (CD10),Summer 2014,06/01/2014,28.65,
216421,386,Ozone (O3),Mean,ppb,CD,212,Williamsbridge and Baychester (CD12),Summer 2014,06/01/2014,31.44,
216589,386,Ozone (O3),Mean,ppb,CD,410,South Ozone Park and Howard Beach (CD10),Summer 2014,06/01/2014,33.05,
216601,386,Ozone (O3),Mean,ppb,CD,412,Jamaica and Hollis (CD12),Summer 2014,06/01/2014,32.84,
216409,386,Ozone (O3),Mean,ppb,CD,210,Throgs Neck and Co-op City (CD10),Summer 2014,06/01/2014,32.5,
643650,375,Nitrogen dioxide (NO2),Mean,ppb,CD,310,Bay Ridge and Dyker Heights (CD10),Winter 2018-19,12/01/2018,21.18,
167662,375,Nitrogen dioxide (NO2),Mean,ppb,CD,312,Borough Park (CD12),Annual Average 2011,12/01/2010,23.65,
167544,375,Nitrogen dioxide (NO2),Mean,ppb,CD,312,Borough Park (CD12),Annual Average 2009,12/01/2008,25.17,
213435,375,Nitrogen dioxide (NO2),Mean,ppb,CD,312,Borough Park (CD12),Summer 2014,06/01/2014,15.37,
336826,375,Nitrogen dioxide (NO2),Mean,ppb,CD,312,Borough Park (CD12),Annual Average 2015,01/01/2015,19.93,
336792,375,Nitrogen dioxide (NO2),Mean,ppb,CD,212,Williamsbridge and Baychester (CD12),Winter 2014-15,12/01/2014,22.72,
549876,375,Nitrogen dioxide (NO2),Mean,ppb,UHF42,501,Port Richmond,Winter 2016-17,12/01/2016,21.5,
549874,375,Nitrogen dioxide (NO2),Mean,ppb,UHF42,501,Port Richmond,Summer 2017,06/01/2017,13.28,
667287,375,Nitrogen dioxide (NO2),Mean,ppb,UHF42,501,Port Richmond,Summer 2020,06/01/2020,9.8,
412483,375,Nitrogen dioxide (NO2),Mean,ppb,UHF42,301,Washington Heights,Annual Average 2016,12/31/2015,19.85,
175329,375,Nitrogen dioxide (NO2),Mean,ppb,UHF42,501,Port Richmond,Winter 2009-10,12/01/2009,22.81,
175413,375,Nitrogen dioxide (NO2),Mean,ppb,UHF42,501,Port Richmond,Winter 2011-12,12/01/2011,22.3,
212580,375,Nitrogen dioxide (NO2),Mean,ppb,UHF42,501,Port Richmond,Annual Average 2014,12/01/2013,17.54,
175403,375,Nitrogen dioxide (NO2),Mean,ppb,UHF42,401,Long Island City - Astoria,Winter 2011-12,12/01/2011,26.18,
602817,375,Nitrogen dioxide (NO2),Mean,ppb,UHF42,501,Port Richmond,Summer 2018,06/01/2018,12.34,
336546,375,Nitrogen dioxide (NO2),Mean,ppb,UHF42,301,Washington Heights,Winter 2014-15,12/01/2014,24.58,
549815,375,Nitrogen dioxide (NO2),Mean,ppb,UHF42,301,Washington Heights,Annual Average 2017,01/01/2017,20.56,
176631,375,Nitrogen dioxide (NO2),Mean,ppb,UHF42,501,Port Richmond,Annual Average 2011,12/01/2010,21.12,
176547,375,Nitrogen dioxide (NO2),Mean,ppb,UHF42,501,Port Richmond,Annual Average 2009,12/01/2008,21.35,
212454,375,Nitrogen dioxide (NO2),Mean,ppb,UHF42,501,Port Richmond,Summer 2014,06/01/2014,13.12,
336604,375,Nitrogen dioxide (NO2),Mean,ppb,UHF42,501,Port Richmond,Annual Average 2015,01/01/2015,17.36,
154493,645,Annual vehicle miles travelled (trucks),million miles,per km2,CD,410,South Ozone Park and Howard Beach (CD10),2005,01/01/2005,1.3,
334357,365,Fine particles (PM 2.5),Mean,mcg/m3,CD,503,Tottenville and Great Kills (CD3),Annual Average 2015,01/01/2015,7.29,
650070,365,Fine particles (PM 2.5),Mean,mcg/m3,CD,503,Tottenville and Great Kills (CD3),Winter 2018-19,12/01/2018,6.45,
669982,365,Fine particles (PM 2.5),Mean,mcg/m3,CD,503,Tottenville and Great Kills (CD3),Annual Average 2020,01/01/2020,5.32,
669940,365,Fine particles (PM 2.5),Mean,mcg/m3,CD,403,Jackson Heights (CD3),Annual Average 2020,01/01/2020,6.38,
170326,365,Fine particles (PM 2.5),Mean,mcg/m3,CD,403,Jackson Heights (CD3),Annual Average 2011,12/01/2010,9.94,
170208,365,Fine particles (PM 2.5),Mean,mcg/m3,CD,403,Jackson Heights (CD3),Annual Average 2009,12/01/2008,10.26,
213976,365,Fine particles (PM 2.5),Mean,mcg/m3,CD,404,Elmhurst and Corona (CD4),Summer 2014,06/01/2014,8.66,
334318,365,Fine particles (PM 2.5),Mean,mcg/m3,CD,404,Elmhurst and Corona (CD4),Annual Average 2015,01/01/2015,8.7,
650028,365,Fine particles (PM 2.5),Mean,mcg/m3,CD,403,Jackson Heights (CD3),Winter 2018-19,12/01/2018,7.3,
170263,365,Fine particles (PM 2.5),Mean,mcg/m3,CD,317,East Flatbush (CD17),Annual Average 2010,12/01/2009,9.87,
334304,365,Fine particles (PM 2.5),Mean,mcg/m3,CD,317,East Flatbush (CD17),Summer 2015,06/01/2015,9.44,
650015,365,Fine particles (PM 2.5),Mean,mcg/m3,CD,317,East Flatbush (CD17),Summer 2019,06/01/2019,7.98,
602777,375,Nitrogen dioxide (NO2),Mean,ppb,UHF42,308,Greenwich Village - SoHo,Annual Average 2018,01/01/2018,24.79,
176072,375,Nitrogen dioxide (NO2),Mean,ppb,UHF42,308,Greenwich Village - SoHo,Summer 2013,06/01/2013,26.13,
176030,375,Nitrogen dioxide (NO2),Mean,ppb,UHF42,308,Greenwich Village - SoHo,Summer 2012,06/01/2012,27.33,
412504,375,Nitrogen dioxide (NO2),Mean,ppb,UHF42,308,Greenwich Village - SoHo,Annual Average 2016,12/31/2015,25.93,
412501,375,Nitrogen dioxide (NO2),Mean,ppb,UHF42,307,Gramercy Park - Murray Hill,Annual Average 2016,12/31/2015,30.14,
602774,375,Nitrogen dioxide (NO2),Mean,ppb,UHF42,307,Gramercy Park - Murray Hill,Annual Average 2018,01/01/2018,28.69,
740966,375,Nitrogen dioxide (NO2),Mean,ppb,UHF42,307,Gramercy Park - Murray Hill,Summer 2021,06/01/2021,20.19,
176071,375,Nitrogen dioxide (NO2),Mean,ppb,UHF42,307,Gramercy Park - Murray Hill,Summer 2013,06/01/2013,33.89,
216543,386,Ozone (O3),Mean,ppb,CD,403,Jackson Heights (CD3),Summer 2010,06/01/2010,33.12,
216544,386,Ozone (O3),Mean,ppb,CD,403,Jackson Heights (CD3),Summer 2011,06/01/2011,33.14,
412098,386,Ozone (O3),Mean,ppb,CD,304,Bushwick (CD4),Summer 2016,06/01/2016,33.47,
650069,365,Fine particles (PM 2.5),Mean,mcg/m3,CD,503,Tottenville and Great Kills (CD3),Summer 2019,06/01/2019,7.26,
170267,365,Fine particles (PM 2.5),Mean,mcg/m3,CD,403,Jackson Heights (CD3),Annual Average 2010,12/01/2009,9.23,
168675,365,Fine particles (PM 2.5),Mean,mcg/m3,CD,404,Elmhurst and Corona (CD4),Winter 2012-13,12/01/2012,10.45,
334319,365,Fine particles (PM 2.5),Mean,mcg/m3,CD,404,Elmhurst and Corona (CD4),Summer 2015,06/01/2015,9.58,
669941,365,Fine particles (PM 2.5),Mean,mcg/m3,CD,403,Jackson Heights (CD3),Winter 2019-20,12/01/2019,8.14,
650027,365,Fine particles (PM 2.5),Mean,mcg/m3,CD,403,Jackson Heights (CD3),Summer 2019,06/01/2019,7.89,
168688,365,Fine particles (PM 2.5),Mean,mcg/m3,CD,503,Tottenville and Great Kills (CD3),Winter 2012-13,12/01/2012,9.6,
170343,365,Fine particles (PM 2.5),Mean,mcg/m3,CD,103,Lower East Side and Chinatown (CD3),Annual Average 2012,12/01/2011,10.14,
170386,365,Fine particles (PM 2.5),Mean,mcg/m3,CD,404,Elmhurst and Corona (CD4),Annual Average 2012,12/01/2011,9.22,
169539,365,Fine particles (PM 2.5),Mean,mcg/m3,CD,301,Greenpoint and Williamsburg (CD1),Summer 2013,06/01/2013,11.64,
170221,365,Fine particles (PM 2.5),Mean,mcg/m3,CD,502,South Beach and Willowbrook (CD2),Annual Average 2009,12/01/2008,9.85,
170339,365,Fine particles (PM 2.5),Mean,mcg/m3,CD,502,South Beach and Willowbrook (CD2),Annual Average 2011,12/01/2010,9.46,
213988,365,Fine particles (PM 2.5),Mean,mcg/m3,CD,502,South Beach and Willowbrook (CD2),Summer 2014,06/01/2014,7.93,
669979,365,Fine particles (PM 2.5),Mean,mcg/m3,CD,502,South Beach and Willowbrook (CD2),Annual Average 2020,01/01/2020,5.58,
213987,365,Fine particles (PM 2.5),Mean,mcg/m3,CD,501,St. George and Stapleton (CD1),Summer 2014,06/01/2014,8.16,
334351,365,Fine particles (PM 2.5),Mean,mcg/m3,CD,501,St. George and Stapleton (CD1),Annual Average 2015,01/01/2015,8.15,
650064,365,Fine particles (PM 2.5),Mean,mcg/m3,CD,501,St. George and Stapleton (CD1),Winter 2018-19,12/01/2018,6.68,
669976,365,Fine particles (PM 2.5),Mean,mcg/m3,CD,501,St. George and Stapleton (CD1),Annual Average 2020,01/01/2020,5.84,
170265,365,Fine particles (PM 2.5),Mean,mcg/m3,CD,401,Long Island City and Astoria (CD1),Annual Average 2010,12/01/2009,9.43,
669935,365,Fine particles (PM 2.5),Mean,mcg/m3,CD,401,Long Island City and Astoria (CD1),Winter 2019-20,12/01/2019,7.94,
170280,365,Fine particles (PM 2.5),Mean,mcg/m3,CD,502,South Beach and Willowbrook (CD2),Annual Average 2010,12/01/2009,8.8,
168687,365,Fine particles (PM 2.5),Mean,mcg/m3,CD,502,South Beach and Willowbrook (CD2),Winter 2012-13,12/01/2012,9.76,
669980,365,Fine particles (PM 2.5),Mean,mcg/m3,CD,502,South Beach and Willowbrook (CD2),Winter 2019-20,12/01/2019,6.89,
650066,365,Fine particles (PM 2.5),Mean,mcg/m3,CD,502,South Beach and Willowbrook (CD2),Summer 2019,06/01/2019,7.35,
166917,375,Nitrogen dioxide (NO2),Mean,ppb,CD,502,South Beach and Willowbrook (CD2),Summer 2013,06/01/2013,9.91,
166858,375,Nitrogen dioxide (NO2),Mean,ppb,CD,502,South Beach and Willowbrook (CD2),Summer 2012,06/01/2012,10.74,
412831,375,Nitrogen dioxide (NO2),Mean,ppb,CD,502,South Beach and Willowbrook (CD2),Annual Average 2016,12/31/2015,13.36,
603104,375,Nitrogen dioxide (NO2),Mean,ppb,CD,502,South Beach and Willowbrook (CD2),Annual Average 2018,01/01/2018,12.84,
166916,375,Nitrogen dioxide (NO2),Mean,ppb,CD,501,St. George and Stapleton (CD1),Summer 2013,06/01/2013,14.02,
166857,375,Nitrogen dioxide (NO2),Mean,ppb,CD,501,St. George and Stapleton (CD1),Summer 2012,06/01/2012,14.62,
603101,375,Nitrogen dioxide (NO2),Mean,ppb,CD,501,St. George and Stapleton (CD1),Annual Average 2018,01/01/2018,16.07,
741293,375,Nitrogen dioxide (NO2),Mean,ppb,CD,501,St. George and Stapleton (CD1),Summer 2021,06/01/2021,11.22,
166844,375,Nitrogen dioxide (NO2),Mean,ppb,CD,402,Woodside and Sunnyside (CD2),Summer 2012,06/01/2012,18.71,
166903,375,Nitrogen dioxide (NO2),Mean,ppb,CD,402,Woodside and Sunnyside (CD2),Summer 2013,06/01/2013,17.98,
651012,386,Ozone (O3),Mean,ppb,CD,202,Hunts Point and Longwood (CD2),Summer 2019,06/01/2019,29.73,
167566,375,Nitrogen dioxide (NO2),Mean,ppb,CD,502,South Beach and Willowbrook (CD2),Annual Average 2009,12/01/2008,16.54,
167684,375,Nitrogen dioxide (NO2),Mean,ppb,CD,502,South Beach and Willowbrook (CD2),Annual Average 2011,12/01/2010,16.29,
336892,375,Nitrogen dioxide (NO2),Mean,ppb,CD,502,South Beach and Willowbrook (CD2),Annual Average 2015,01/01/2015,13.62,
167565,375,Nitrogen dioxide (NO2),Mean,ppb,CD,501,St. George and Stapleton (CD1),Annual Average 2009,12/01/2008,20.68,
412808,375,Nitrogen dioxide (NO2),Mean,ppb,CD,409,Kew Gardens and Woodhaven (CD9),Winter 2015-16,12/01/2015,23.62,
166735,375,Nitrogen dioxide (NO2),Mean,ppb,CD,411,Bayside and Little Neck (CD11),Summer 2010,06/01/2010,16.38,
166794,375,Nitrogen dioxide (NO2),Mean,ppb,CD,411,Bayside and Little Neck (CD11),Summer 2011,06/01/2011,15.75,
412814,375,Nitrogen dioxide (NO2),Mean,ppb,CD,411,Bayside and Little Neck (CD11),Winter 2015-16,12/01/2015,21.25,
412815,375,Nitrogen dioxide (NO2),Mean,ppb,CD,411,Bayside and Little Neck (CD11),Summer 2016,06/01/2016,13.03,
741280,375,Nitrogen dioxide (NO2),Mean,ppb,CD,411,Bayside and Little Neck (CD11),Winter 2020-21,12/01/2020,18.87,
176002,375,Nitrogen dioxide (NO2),Mean,ppb,UHF42,502,Stapleton - St. George,Summer 2011,06/01/2011,13.93,
175960,375,Nitrogen dioxide (NO2),Mean,ppb,UHF42,502,Stapleton - St. George,Summer 2010,06/01/2010,13.73,
412545,375,Nitrogen dioxide (NO2),Mean,ppb,UHF42,502,Stapleton - St. George,Summer 2016,06/01/2016,10.91,
176706,375,Nitrogen dioxide (NO2),Mean,ppb,UHF42,402,West Queens,Annual Average 2013,12/01/2012,21.89,
175908,375,Nitrogen dioxide (NO2),Mean,ppb,UHF42,402,West Queens,Summer 2009,06/01/2009,21.66,
175362,375,Nitrogen dioxide (NO2),Mean,ppb,UHF42,402,West Queens,Winter 2010-11,12/01/2010,31.99,
549848,375,Nitrogen dioxide (NO2),Mean,ppb,UHF42,402,West Queens,Annual Average 2017,01/01/2017,20.56,
167561,375,Nitrogen dioxide (NO2),Mean,ppb,CD,411,Bayside and Little Neck (CD11),Annual Average 2009,12/01/2008,20.49,
167679,375,Nitrogen dioxide (NO2),Mean,ppb,CD,411,Bayside and Little Neck (CD11),Annual Average 2011,12/01/2010,19.91,
336877,375,Nitrogen dioxide (NO2),Mean,ppb,CD,411,Bayside and Little Neck (CD11),Annual Average 2015,01/01/2015,17.64,
643707,375,Nitrogen dioxide (NO2),Mean,ppb,CD,411,Bayside and Little Neck (CD11),Winter 2018-19,12/01/2018,18.57,
325273,643,Annual vehicle miles traveled,million miles,per km2,CD,309,South Crown Heights and Lefferts Gardens (CD9),2016,01/01/2016,22.4,
325275,643,Annual vehicle miles traveled,million miles,per km2,CD,311,Bensonhurst (CD11),2016,01/01/2016,18.4,
154580,643,Annual vehicle miles traveled,million miles,per km2,CD,209,Parkchester and Soundview (CD9),2005,01/01/2005,30.8,
151652,643,Annual vehicle miles traveled,million miles,per km2,UHF42,402,West Queens,2005,01/01/2005,40.8,
325227,643,Annual vehicle miles traveled,million miles,per km2,UHF42,402,West Queens,2016,01/01/2016,44.4,
154553,644,Annual vehicle miles travelled (cars),million miles,per km2,CD,411,Bayside and Little Neck (CD11),2005,01/01/2005,32.9,
325400,644,Annual vehicle miles travelled (cars),million miles,per km2,CD,411,Bayside and Little Neck (CD11),2016,01/01/2016,30.2,
325356,644,Annual vehicle miles travelled (cars),million miles,per km2,CD,109,Morningside Heights and Hamilton Heights (CD9),2016,01/01/2016,43.7,
154533,644,Annual vehicle miles travelled (cars),million miles,per km2,CD,309,South Crown Heights and Lefferts Gardens (CD9),2005,01/01/2005,26.8,
154511,644,Annual vehicle miles travelled (cars),million miles,per km2,CD,111,East Harlem (CD11),2005,01/01/2005,56.8,
325358,644,Annual vehicle miles travelled (cars),million miles,per km2,CD,111,East Harlem (CD11),2016,01/01/2016,59.6,
154509,644,Annual vehicle miles travelled (cars),million miles,per km2,CD,109,Morningside Heights and Hamilton Heights (CD9),2005,01/01/2005,43.7,
154551,644,Annual vehicle miles travelled (cars),million miles,per km2,CD,409,Kew Gardens and Woodhaven (CD9),2005,01/01/2005,19.4,
325398,644,Annual vehicle miles travelled (cars),million miles,per km2,CD,409,Kew Gardens and Woodhaven (CD9),2016,01/01/2016,19.5,
154495,645,Annual vehicle miles travelled (trucks),million miles,per km2,CD,412,Jamaica and Hollis (CD12),2005,01/01/2005,0.9,
325187,645,Annual vehicle miles travelled (trucks),million miles,per km2,CD,412,Jamaica and Hollis (CD12),2016,01/01/2016,0.6,
154465,645,Annual vehicle miles travelled (trucks),million miles,per km2,CD,212,Williamsbridge and Baychester (CD12),2005,01/01/2005,1.9,
154463,645,Annual vehicle miles travelled (trucks),million miles,per km2,CD,210,Throgs Neck and Co-op City (CD10),2005,01/01/2005,3.3,
325155,645,Annual vehicle miles travelled (trucks),million miles,per km2,CD,210,Throgs Neck and Co-op City (CD10),2016,01/01/2016,2.8,
325157,645,Annual vehicle miles travelled (trucks),million miles,per km2,CD,212,Williamsbridge and Baychester (CD12),2016,01/01/2016,1.3,
154451,645,Annual vehicle miles travelled (trucks),million miles,per km2,CD,110,Central Harlem (CD10),2005,01/01/2005,0.8,
325143,645,Annual vehicle miles travelled (trucks),million miles,per km2,CD,110,Central Harlem (CD10),2016,01/01/2016,0.7,
154453,645,Annual vehicle miles travelled (trucks),million miles,per km2,CD,112,Washington Heights and Inwood (CD12),2005,01/01/2005,1.8,
154449,645,Annual vehicle miles travelled (trucks),million miles,per km2,CD,108,Upper East Side (CD8),2005,01/01/2005,3.5,
325141,645,Annual vehicle miles travelled (trucks),million miles,per km2,CD,108,Upper East Side (CD8),2016,01/01/2016,2.7,
325145,645,Annual vehicle miles travelled (trucks),million miles,per km2,CD,112,Washington Heights and Inwood (CD12),2016,01/01/2016,2.6,
325216,643,Annual vehicle miles traveled,million miles,per km2,UHF42,301,Washington Heights,2016,01/01/2016,46.9,
325312,644,Annual vehicle miles travelled (cars),million miles,per km2,UHF42,201,Greenpoint,2016,01/01/2016,25.9,
325323,644,Annual vehicle miles travelled (cars),million miles,per km2,UHF42,301,Washington Heights,2016,01/01/2016,44.1,
151726,645,Annual vehicle miles travelled (trucks),million miles,per km2,UHF42,201,Greenpoint,2005,01/01/2005,2,
"151401,652,Cardiac and respiratory deaths due to Ozone,Estimated annual rate,""per 100,000"",UHF42,301,Washington Heights,2009-2011,01/01/2009,3.2,"
"518734,652,Cardiac and respiratory deaths due to Ozone,Estimated annual rate,""per 100,000"",UHF42,501,Port Richmond,2012-2014,01/02/2012,5,"
"130825,648,Asthma emergency department visits due to PM2.5,Estimated annual rate (under age 18),""per 100,000 children"",UHF42,501,Port Richmond,2005-2007,01/01/2005,106.9,"
"131439,648,Asthma emergency department visits due to PM2.5,Estimated annual rate (under age 18),""per 100,000 children"",UHF42,401,Long Island City - Astoria,2009-2011,01/01/2009,79.4,"
"130815,648,Asthma emergency department visits due to PM2.5,Estimated annual rate (under age 18),""per 100,000 children"",UHF42,401,Long Island City - Astoria,2005-2007,01/01/2005,71.2,"
130435,640,Boiler Emissions- Total SO2 Emissions,Number per km2,number,UHF42,501,Port Richmond,2013,01/01/2013,0,
170185,365,Fine particles (PM 2.5),Mean,mcg/m3,CD,210,Throgs Neck and Co-op City (CD10),Annual Average 2009,12/01/2008,10.47,
213952,365,Fine particles (PM 2.5),Mean,mcg/m3,CD,210,Throgs Neck and Co-op City (CD10),Summer 2014,06/01/2014,8.56,
170303,365,Fine particles (PM 2.5),Mean,mcg/m3,CD,210,Throgs Neck and Co-op City (CD10),Annual Average 2011,12/01/2010,10.42,
334246,365,Fine particles (PM 2.5),Mean,mcg/m3,CD,210,Throgs Neck and Co-op City (CD10),Annual Average 2015,01/01/2015,8.96,
334067,365,Fine particles (PM 2.5),Mean,mcg/m3,UHF42,501,Port Richmond,Summer 2015,06/01/2015,9.08,
334037,365,Fine particles (PM 2.5),Mean,mcg/m3,UHF42,401,Long Island City - Astoria,Summer 2015,06/01/2015,10.46,
649748,365,Fine particles (PM 2.5),Mean,mcg/m3,UHF42,401,Long Island City - Astoria,Summer 2019,06/01/2019,9.28,
170381,365,Fine particles (PM 2.5),Mean,mcg/m3,CD,317,East Flatbush (CD17),Annual Average 2012,12/01/2011,9.05,
170368,365,Fine particles (PM 2.5),Mean,mcg/m3,CD,304,Bushwick (CD4),Annual Average 2012,12/01/2011,9.15,
170385,365,Fine particles (PM 2.5),Mean,mcg/m3,CD,403,Jackson Heights (CD3),Annual Average 2012,12/01/2011,8.81,
170399,365,Fine particles (PM 2.5),Mean,mcg/m3,CD,503,Tottenville and Great Kills (CD3),Annual Average 2012,12/01/2011,8.33,
"131532,650,Respiratory hospitalizations due to PM2.5 (age 20+),Estimated annual rate,""per 100,000 adults"",UHF42,308,Greenwich Village - SoHo,2009-2011,01/01/2009,5.4,"
"130918,650,Respiratory hospitalizations due to PM2.5 (age 20+),Estimated annual rate,""per 100,000 adults"",UHF42,408,Jamaica,2005-2007,01/01/2005,17.9,"
"130917,650,Respiratory hospitalizations due to PM2.5 (age 20+),Estimated annual rate,""per 100,000 adults"",UHF42,407,Southwest Queens,2005-2007,01/01/2005,13.4,"
"518816,650,Respiratory hospitalizations due to PM2.5 (age 20+),Estimated annual rate,""per 100,000 adults"",UHF42,307,Gramercy Park - Murray Hill,2012-2014,01/02/2012,8.89,"
"518817,650,Respiratory hospitalizations due to PM2.5 (age 20+),Estimated annual rate,""per 100,000 adults"",UHF42,308,Greenwich Village - SoHo,2012-2014,01/02/2012,5.28,"
"628557,650,Respiratory hospitalizations due to PM2.5 (age 20+),Estimated annual rate,""per 100,000 adults"",UHF42,307,Gramercy Park - Murray Hill,2015-2017,01/01/2015,6.9,"
"518805,650,Respiratory hospitalizations due to PM2.5 (age 20+),Estimated annual rate,""per 100,000 adults"",UHF42,207,East Flatbush - Flatbush,2012-2014,01/02/2012,10.56,"
"628546,650,Respiratory hospitalizations due to PM2.5 (age 20+),Estimated annual rate,""per 100,000 adults"",UHF42,207,East Flatbush - Flatbush,2015-2017,01/01/2015,9.7,"
"628576,651,Cardiovascular hospitalizations due to PM2.5 (age 40+),Estimated annual rate,""per 100,000 adults"",Borough,1,Bronx,2015-2017,01/01/2015,21,"
"628615,651,Cardiovascular hospitalizations due to PM2.5 (age 40+),Estimated annual rate,""per 100,000 adults"",UHF42,407,Southwest Queens,2015-2017,01/01/2015,18.5,"
650026,365,Fine particles (PM 2.5),Mean,mcg/m3,CD,403,Jackson Heights (CD3),Annual Average 2019,01/01/2019,6.65,
606028,365,Fine particles (PM 2.5),Mean,mcg/m3,CD,403,Jackson Heights (CD3),Winter 2017-18,12/01/2017,7.91,
168439,365,Fine particles (PM 2.5),Mean,mcg/m3,CD,404,Elmhurst and Corona (CD4),Winter 2008-09,12/01/2008,13.4,
650029,365,Fine particles (PM 2.5),Mean,mcg/m3,CD,404,Elmhurst and Corona (CD4),Annual Average 2019,01/01/2019,6.85,
168434,365,Fine particles (PM 2.5),Mean,mcg/m3,CD,317,East Flatbush (CD17),Winter 2008-09,12/01/2008,13.25,
168435,365,Fine particles (PM 2.5),Mean,mcg/m3,CD,318,Flatlands and Canarsie (CD18),Winter 2008-09,12/01/2008,12.03,
213781,365,Fine particles (PM 2.5),Mean,mcg/m3,CD,304,Bushwick (CD4),Winter 2013-14,12/01/2013,12.06,
649975,365,Fine particles (PM 2.5),Mean,mcg/m3,CD,304,Bushwick (CD4),Annual Average 2019,01/01/2019,7.1,
213812,365,Fine particles (PM 2.5),Mean,mcg/m3,CD,503,Tottenville and Great Kills (CD3),Winter 2013-14,12/01/2013,11.58,
"628605,651,Cardiovascular hospitalizations due to PM2.5 (age 40+),Estimated annual rate,""per 100,000 adults"",UHF42,307,Gramercy Park - Murray Hill,2015-2017,01/01/2015,12,"
"518865,651,Cardiovascular hospitalizations due to PM2.5 (age 40+),Estimated annual rate,""per 100,000 adults"",UHF42,308,Greenwich Village - SoHo,2012-2014,01/02/2012,7.29,"
550167,375,Nitrogen dioxide (NO2),Mean,ppb,CD,503,Tottenville and Great Kills (CD3),Winter 2016-17,12/01/2016,17.47,
550165,375,Nitrogen dioxide (NO2),Mean,ppb,CD,503,Tottenville and Great Kills (CD3),Summer 2017,06/01/2017,7.76,
603108,375,Nitrogen dioxide (NO2),Mean,ppb,CD,503,Tottenville and Great Kills (CD3),Summer 2018,06/01/2018,6.25,
667869,375,Nitrogen dioxide (NO2),Mean,ppb,CD,503,Tottenville and Great Kills (CD3),Summer 2020,06/01/2020,7.32,
336889,375,Nitrogen dioxide (NO2),Mean,ppb,CD,501,St. George and Stapleton (CD1),Annual Average 2015,01/01/2015,16.91,
338261,386,Ozone (O3),Mean,ppb,CD,201,Mott Haven and Melrose (CD1),Summer 2015,06/01/2015,30.79,
651055,386,Ozone (O3),Mean,ppb,CD,501,St. George and Stapleton (CD1),Summer 2019,06/01/2019,27.76,
338292,386,Ozone (O3),Mean,ppb,CD,402,Woodside and Sunnyside (CD2),Summer 2015,06/01/2015,31.65,
338249,386,Ozone (O3),Mean,ppb,CD,101,Financial District (CD1),Summer 2015,06/01/2015,27.06,
643676,375,Nitrogen dioxide (NO2),Mean,ppb,CD,401,Long Island City and Astoria (CD1),Summer 2019,06/01/2019,15.61,
336797,375,Nitrogen dioxide (NO2),Mean,ppb,CD,302,Fort Greene and Brooklyn Heights (CD2),Summer 2015,06/01/2015,18.02,
216539,386,Ozone (O3),Mean,ppb,CD,402,Woodside and Sunnyside (CD2),Summer 2012,06/01/2012,33.81,
743606,386,Ozone (O3),Mean,ppb,CD,402,Woodside and Sunnyside (CD2),Summer 2021,06/01/2021,28.03,
216432,386,Ozone (O3),Mean,ppb,CD,302,Fort Greene and Brooklyn Heights (CD2),Summer 2013,06/01/2013,27.62,
216431,386,Ozone (O3),Mean,ppb,CD,302,Fort Greene and Brooklyn Heights (CD2),Summer 2012,06/01/2012,30.22,
167699,375,Nitrogen dioxide (NO2),Mean,ppb,CD,202,Hunts Point and Longwood (CD2),Annual Average 2012,12/01/2011,22.07,
167687,375,Nitrogen dioxide (NO2),Mean,ppb,CD,102,Greenwich Village and Soho (CD2),Annual Average 2012,12/01/2011,30.08,
167743,375,Nitrogen dioxide (NO2),Mean,ppb,CD,502,South Beach and Willowbrook (CD2),Annual Average 2012,12/01/2011,14.46,
167742,375,Nitrogen dioxide (NO2),Mean,ppb,CD,501,St. George and Stapleton (CD1),Annual Average 2012,12/01/2011,18.1,
167729,375,Nitrogen dioxide (NO2),Mean,ppb,CD,402,Woodside and Sunnyside (CD2),Annual Average 2012,12/01/2011,22.98,
"131399,657,Asthma emergency department visits due to PM2.5,Estimated annual rate (age 18+),""per 100,000 adults"",UHF42,409,Southeast Queens,2009-2011,01/01/2009,27.4,"
"131327,661,Asthma hospitalizations due to Ozone,Estimated annual rate (age 18+),""per 100,000 adults"",UHF42,206,Borough Park,2005-2007,01/01/2005,3.3,"
"131351,661,Asthma hospitalizations due to Ozone,Estimated annual rate (age 18+),""per 100,000 adults"",UHF42,409,Southeast Queens,2005-2007,01/01/2005,4.8,"
"131320,661,Asthma hospitalizations due to Ozone,Estimated annual rate (age 18+),""per 100,000 adults"",UHF42,106,High Bridge - Morrisania,2005-2007,01/01/2005,18.5,"
"131264,657,Asthma emergency department visits due to PM2.5,Estimated annual rate (age 18+),""per 100,000 adults"",Borough,3,Manhattan,2005-2007,01/01/2005,59.9,"
121687,386,Ozone (O3),Mean,ppb,CD,402,Woodside and Sunnyside (CD2),2-Year Summer Average 2009-2010,06/01/2009,27.73,
549447,386,Ozone (O3),Mean,ppb,CD,402,Woodside and Sunnyside (CD2),Summer 2017,06/01/2017,29.49,
671104,386,Ozone (O3),Mean,ppb,CD,402,Woodside and Sunnyside (CD2),Summer 2020,06/01/2020,30.55,
121686,386,Ozone (O3),Mean,ppb,CD,401,Long Island City and Astoria (CD1),2-Year Summer Average 2009-2010,06/01/2009,28,
549446,386,Ozone (O3),Mean,ppb,CD,401,Long Island City and Astoria (CD1),Summer 2017,06/01/2017,29.47,
605349,386,Ozone (O3),Mean,ppb,CD,401,Long Island City and Astoria (CD1),Summer 2018,06/01/2018,30.49,
741296,375,Nitrogen dioxide (NO2),Mean,ppb,CD,502,South Beach and Willowbrook (CD2),Summer 2021,06/01/2021,8.15,
741251,375,Nitrogen dioxide (NO2),Mean,ppb,CD,401,Long Island City and Astoria (CD1),Summer 2021,06/01/2021,13.42,
"518924,648,Asthma emergency department visits due to PM2.5,Estimated annual rate (under age 18),""per 100,000 children"",UHF42,409,Southeast Queens,2012-2014,01/02/2012,53.85,"
"628473,648,Asthma emergency department visits due to PM2.5,Estimated annual rate (under age 18),""per 100,000 children"",UHF42,409,Southeast Queens,2015-2017,01/01/2015,39.5,"
"518925,648,Asthma emergency department visits due to PM2.5,Estimated annual rate (under age 18),""per 100,000 children"",UHF42,410,Rockaways,2012-2014,01/02/2012,57.9,"
"628474,648,Asthma emergency department visits due to PM2.5,Estimated annual rate (under age 18),""per 100,000 children"",UHF42,410,Rockaways,2015-2017,01/01/2015,55,"
"518915,648,Asthma emergency department visits due to PM2.5,Estimated annual rate (under age 18),""per 100,000 children"",UHF42,310,Lower Manhattan,2012-2014,01/02/2012,52.25,"
"628464,648,Asthma emergency department visits due to PM2.5,Estimated annual rate (under age 18),""per 100,000 children"",UHF42,310,Lower Manhattan,2015-2017,01/01/2015,35.4,"
"130832,648,Asthma emergency department visits due to PM2.5,Estimated annual rate (under age 18),""per 100,000 children"",Borough,3,Manhattan,2005-2007,01/01/2005,179.4,"
412071,386,Ozone (O3),Mean,ppb,CD,101,Financial District (CD1),Summer 2016,06/01/2016,29.81,
216616,386,Ozone (O3),Mean,ppb,CD,501,St. George and Stapleton (CD1),Summer 2011,06/01/2011,31.47,
166799,375,Nitrogen dioxide (NO2),Mean,ppb,CD,502,South Beach and Willowbrook (CD2),Summer 2011,06/01/2011,11.89,
166740,375,Nitrogen dioxide (NO2),Mean,ppb,CD,502,South Beach and Willowbrook (CD2),Summer 2010,06/01/2010,11.99,
412829,375,Nitrogen dioxide (NO2),Mean,ppb,CD,502,South Beach and Willowbrook (CD2),Winter 2015-16,12/01/2015,17.81,
412830,375,Nitrogen dioxide (NO2),Mean,ppb,CD,502,South Beach and Willowbrook (CD2),Summer 2016,06/01/2016,9.26,
412826,375,Nitrogen dioxide (NO2),Mean,ppb,CD,501,St. George and Stapleton (CD1),Winter 2015-16,12/01/2015,20.87,
412827,375,Nitrogen dioxide (NO2),Mean,ppb,CD,501,St. George and Stapleton (CD1),Summer 2016,06/01/2016,13.12,
741292,375,Nitrogen dioxide (NO2),Mean,ppb,CD,501,St. George and Stapleton (CD1),Winter 2020-21,12/01/2020,20.71,
412789,375,Nitrogen dioxide (NO2),Mean,ppb,CD,402,Woodside and Sunnyside (CD2),Annual Average 2016,12/31/2015,20.79,
741254,375,Nitrogen dioxide (NO2),Mean,ppb,CD,402,Woodside and Sunnyside (CD2),Summer 2021,06/01/2021,16.98,
166902,375,Nitrogen dioxide (NO2),Mean,ppb,CD,401,Long Island City and Astoria (CD1),Summer 2013,06/01/2013,17.08,
166843,375,Nitrogen dioxide (NO2),Mean,ppb,CD,401,Long Island City and Astoria (CD1),Summer 2012,06/01/2012,17.79,
412786,375,Nitrogen dioxide (NO2),Mean,ppb,CD,401,Long Island City and Astoria (CD1),Annual Average 2016,12/31/2015,20.07,
412735,375,Nitrogen dioxide (NO2),Mean,ppb,CD,302,Fort Greene and Brooklyn Heights (CD2),Annual Average 2016,12/31/2015,22.16,
166826,375,Nitrogen dioxide (NO2),Mean,ppb,CD,302,Fort Greene and Brooklyn Heights (CD2),Summer 2012,06/01/2012,21.17,
166885,375,Nitrogen dioxide (NO2),Mean,ppb,CD,302,Fort Greene and Brooklyn Heights (CD2),Summer 2013,06/01/2013,20.8,
166884,375,Nitrogen dioxide (NO2),Mean,ppb,CD,301,Greenpoint and Williamsburg (CD1),Summer 2013,06/01/2013,18.98,
166825,375,Nitrogen dioxide (NO2),Mean,ppb,CD,301,Greenpoint and Williamsburg (CD1),Summer 2012,06/01/2012,19.46,
412732,375,Nitrogen dioxide (NO2),Mean,ppb,CD,301,Greenpoint and Williamsburg (CD1),Annual Average 2016,12/31/2015,21.38,
603005,375,Nitrogen dioxide (NO2),Mean,ppb,CD,301,Greenpoint and Williamsburg (CD1),Annual Average 2018,01/01/2018,22.14,
741197,375,Nitrogen dioxide (NO2),Mean,ppb,CD,301,Greenpoint and Williamsburg (CD1),Summer 2021,06/01/2021,17.37,
154617,643,Annual vehicle miles traveled,million miles,per km2,CD,502,South Beach and Willowbrook (CD2),2005,01/01/2005,12.5,
154462,645,Annual vehicle miles travelled (trucks),million miles,per km2,CD,209,Parkchester and Soundview (CD9),2005,01/01/2005,2.3,
643701,375,Nitrogen dioxide (NO2),Mean,ppb,CD,409,Kew Gardens and Woodhaven (CD9),Winter 2018-19,12/01/2018,21.45,
643436,375,Nitrogen dioxide (NO2),Mean,ppb,UHF42,502,Stapleton - St. George,Summer 2019,06/01/2019,11.42,
667292,375,Nitrogen dioxide (NO2),Mean,ppb,UHF42,502,Stapleton - St. George,Winter 2019-20,12/01/2019,20.53,
412754,375,Nitrogen dioxide (NO2),Mean,ppb,CD,309,South Crown Heights and Lefferts Gardens (CD9),Winter 2015-16,12/01/2015,24.73,
670950,386,Ozone (O3),Mean,ppb,UHF42,402,West Queens,Summer 2020,06/01/2020,30.94,
741190,375,Nitrogen dioxide (NO2),Mean,ppb,CD,211,Morris Park and Bronxdale (CD11),Winter 2020-21,12/01/2020,19.66,
166715,375,Nitrogen dioxide (NO2),Mean,ppb,CD,309,South Crown Heights and Lefferts Gardens (CD9),Summer 2010,06/01/2010,20.8,
166774,375,Nitrogen dioxide (NO2),Mean,ppb,CD,309,South Crown Heights and Lefferts Gardens (CD9),Summer 2011,06/01/2011,20.55,
336817,375,Nitrogen dioxide (NO2),Mean,ppb,CD,309,South Crown Heights and Lefferts Gardens (CD9),Annual Average 2015,01/01/2015,20.76,
643647,375,Nitrogen dioxide (NO2),Mean,ppb,CD,309,South Crown Heights and Lefferts Gardens (CD9),Winter 2018-19,12/01/2018,22.82,
667711,375,Nitrogen dioxide (NO2),Mean,ppb,CD,309,South Crown Heights and Lefferts Gardens (CD9),Annual Average 2020,01/01/2020,16.87,
216343,386,Ozone (O3),Mean,ppb,CD,111,East Harlem (CD11),Summer 2014,06/01/2014,28.97,
216595,386,Ozone (O3),Mean,ppb,CD,411,Bayside and Little Neck (CD11),Summer 2014,06/01/2014,32.27,
216583,386,Ozone (O3),Mean,ppb,CD,409,Kew Gardens and Woodhaven (CD9),Summer 2014,06/01/2014,31.71,
216475,386,Ozone (O3),Mean,ppb,CD,309,South Crown Heights and Lefferts Gardens (CD9),Summer 2014,06/01/2014,30.26,
167541,375,Nitrogen dioxide (NO2),Mean,ppb,CD,309,South Crown Heights and Lefferts Gardens (CD9),Annual Average 2009,12/01/2008,26.99,
167659,375,Nitrogen dioxide (NO2),Mean,ppb,CD,309,South Crown Heights and Lefferts Gardens (CD9),Annual Average 2011,12/01/2010,25.21,
213432,375,Nitrogen dioxide (NO2),Mean,ppb,CD,309,South Crown Heights and Lefferts Gardens (CD9),Summer 2014,06/01/2014,16.45,
167661,375,Nitrogen dioxide (NO2),Mean,ppb,CD,311,Bensonhurst (CD11),Annual Average 2011,12/01/2010,21.93,
167543,375,Nitrogen dioxide (NO2),Mean,ppb,CD,311,Bensonhurst (CD11),Annual Average 2009,12/01/2008,23.01,
213434,375,Nitrogen dioxide (NO2),Mean,ppb,CD,311,Bensonhurst (CD11),Summer 2014,06/01/2014,14.23,
667723,375,Nitrogen dioxide (NO2),Mean,ppb,CD,311,Bensonhurst (CD11),Annual Average 2020,01/01/2020,15.36,
643653,375,Nitrogen dioxide (NO2),Mean,ppb,CD,311,Bensonhurst (CD11),Winter 2018-19,12/01/2018,20.84,
167529,375,Nitrogen dioxide (NO2),Mean,ppb,CD,209,Parkchester and Soundview (CD9),Annual Average 2009,12/01/2008,24.58,
167647,375,Nitrogen dioxide (NO2),Mean,ppb,CD,209,Parkchester and Soundview (CD9),Annual Average 2011,12/01/2010,23.03,
213420,375,Nitrogen dioxide (NO2),Mean,ppb,CD,209,Parkchester and Soundview (CD9),Summer 2014,06/01/2014,15.76,
175414,375,Nitrogen dioxide (NO2),Mean,ppb,UHF42,502,Stapleton - St. George,Winter 2011-12,12/01/2011,19,
212581,375,Nitrogen dioxide (NO2),Mean,ppb,UHF42,502,Stapleton - St. George,Annual Average 2014,12/01/2013,15.53,
549877,375,Nitrogen dioxide (NO2),Mean,ppb,UHF42,502,Stapleton - St. George,Summer 2017,06/01/2017,10.3,
550124,375,Nitrogen dioxide (NO2),Mean,ppb,CD,403,Jackson Heights (CD3),Annual Average 2017,01/01/2017,20.48,
167789,375,Nitrogen dioxide (NO2),Mean,ppb,CD,403,Jackson Heights (CD3),Annual Average 2013,12/01/2012,21.6,
166668,375,Nitrogen dioxide (NO2),Mean,ppb,CD,403,Jackson Heights (CD3),Summer 2009,06/01/2009,21.71,
336804,375,Nitrogen dioxide (NO2),Mean,ppb,CD,304,Bushwick (CD4),Winter 2014-15,12/01/2014,25.82,
550073,375,Nitrogen dioxide (NO2),Mean,ppb,CD,304,Bushwick (CD4),Annual Average 2017,01/01/2017,19.75,
741207,375,Nitrogen dioxide (NO2),Mean,ppb,CD,304,Bushwick (CD4),Annual Average 2021,01/01/2021,17.51,
336801,375,Nitrogen dioxide (NO2),Mean,ppb,CD,303,Bedford Stuyvesant (CD3),Winter 2014-15,12/01/2014,26.6,
550070,375,Nitrogen dioxide (NO2),Mean,ppb,CD,303,Bedford Stuyvesant (CD3),Annual Average 2017,01/01/2017,20.59,
741204,375,Nitrogen dioxide (NO2),Mean,ppb,CD,303,Bedford Stuyvesant (CD3),Annual Average 2021,01/01/2021,17.88,
547731,365,Fine particles (PM 2.5),Mean,mcg/m3,CD,403,Jackson Heights (CD3),Summer 2017,06/01/2017,8.81,
168629,365,Fine particles (PM 2.5),Mean,mcg/m3,CD,503,Tottenville and Great Kills (CD3),Winter 2011-12,12/01/2011,8.63,
168511,365,Fine particles (PM 2.5),Mean,mcg/m3,CD,503,Tottenville and Great Kills (CD3),Winter 2009-10,12/01/2009,9.07,
214166,365,Fine particles (PM 2.5),Mean,mcg/m3,CD,503,Tottenville and Great Kills (CD3),Annual Average 2014,12/01/2013,8.22,
547724,365,Fine particles (PM 2.5),Mean,mcg/m3,CD,318,Flatlands and Canarsie (CD18),Winter 2016-17,12/01/2016,7.58,
547722,365,Fine particles (PM 2.5),Mean,mcg/m3,CD,318,Flatlands and Canarsie (CD18),Summer 2017,06/01/2017,8.51,
606018,365,Fine particles (PM 2.5),Mean,mcg/m3,CD,318,Flatlands and Canarsie (CD18),Summer 2018,06/01/2018,8.01,
669933,365,Fine particles (PM 2.5),Mean,mcg/m3,CD,318,Flatlands and Canarsie (CD18),Summer 2020,06/01/2020,6.57,
169305,365,Fine particles (PM 2.5),Mean,mcg/m3,CD,303,Bedford Stuyvesant (CD3),Summer 2009,06/01/2009,11,
170426,365,Fine particles (PM 2.5),Mean,mcg/m3,CD,303,Bedford Stuyvesant (CD3),Annual Average 2013,12/01/2012,8.82,
334308,365,Fine particles (PM 2.5),Mean,mcg/m3,CD,318,Flatlands and Canarsie (CD18),Winter 2014-15,12/01/2014,8.35,
170222,365,Fine particles (PM 2.5),Mean,mcg/m3,CD,503,Tottenville and Great Kills (CD3),Annual Average 2009,12/01/2008,9.67,
213989,365,Fine particles (PM 2.5),Mean,mcg/m3,CD,503,Tottenville and Great Kills (CD3),Summer 2014,06/01/2014,7.59,
650019,365,Fine particles (PM 2.5),Mean,mcg/m3,CD,318,Flatlands and Canarsie (CD18),Winter 2018-19,12/01/2018,6.7,
669931,365,Fine particles (PM 2.5),Mean,mcg/m3,CD,318,Flatlands and Canarsie (CD18),Annual Average 2020,01/01/2020,5.67,
170308,365,Fine particles (PM 2.5),Mean,mcg/m3,CD,303,Bedford Stuyvesant (CD3),Annual Average 2011,12/01/2010,10.38,
170190,365,Fine particles (PM 2.5),Mean,mcg/m3,CD,303,Bedford Stuyvesant (CD3),Annual Average 2009,12/01/2008,10.84,
213957,365,Fine particles (PM 2.5),Mean,mcg/m3,CD,303,Bedford Stuyvesant (CD3),Summer 2014,06/01/2014,9.09,
170323,365,Fine particles (PM 2.5),Mean,mcg/m3,CD,318,Flatlands and Canarsie (CD18),Annual Average 2011,12/01/2010,9.53,
213972,365,Fine particles (PM 2.5),Mean,mcg/m3,CD,318,Flatlands and Canarsie (CD18),Summer 2014,06/01/2014,8.21,
334306,365,Fine particles (PM 2.5),Mean,mcg/m3,CD,318,Flatlands and Canarsie (CD18),Annual Average 2015,01/01/2015,8.06,
605735,365,Fine particles (PM 2.5),Mean,mcg/m3,UHF42,307,Gramercy Park - Murray Hill,Annual Average 2018,01/01/2018,10.3,
325298,643,Annual vehicle miles traveled,million miles,per km2,CD,502,South Beach and Willowbrook (CD2),2016,01/01/2016,11.8,
154616,643,Annual vehicle miles traveled,million miles,per km2,CD,501,St. George and Stapleton (CD1),2005,01/01/2005,12.8,
325235,643,Annual vehicle miles traveled,million miles,per km2,UHF42,410,Rockaways,2016,01/01/2016,6.7,
151659,643,Annual vehicle miles traveled,million miles,per km2,UHF42,409,Southeast Queens,2005,01/01/2005,26.4,
151650,643,Annual vehicle miles traveled,million miles,per km2,UHF42,310,Lower Manhattan,2005,01/01/2005,39.8,
325297,643,Annual vehicle miles traveled,million miles,per km2,CD,501,St. George and Stapleton (CD1),2016,01/01/2016,11.3,
154603,643,Annual vehicle miles traveled,million miles,per km2,CD,402,Woodside and Sunnyside (CD2),2005,01/01/2005,39.6,
325284,643,Annual vehicle miles traveled,million miles,per km2,CD,402,Woodside and Sunnyside (CD2),2016,01/01/2016,44.4,
122035,386,Ozone (O3),Mean,ppb,UHF42,410,Rockaways,2-Year Summer Average 2009-2010,06/01/2009,30.47,
122034,386,Ozone (O3),Mean,ppb,UHF42,409,Southeast Queens,2-Year Summer Average 2009-2010,06/01/2009,28.65,
743729,386,Ozone (O3),Mean,ppb,Borough,3,Manhattan,Summer 2021,06/01/2021,27.86,
222560,386,Ozone (O3),Mean,ppb,UHF42,309,Union Square - Lower East Side,Summer 2012,06/01/2012,28.41,
743690,386,Ozone (O3),Mean,ppb,UHF42,409,Southeast Queens,Summer 2021,06/01/2021,31.45,
743689,386,Ozone (O3),Mean,ppb,UHF42,410,Rockaways,Summer 2021,06/01/2021,34.81,
743700,386,Ozone (O3),Mean,ppb,UHF42,309,Union Square - Lower East Side,Summer 2021,06/01/2021,28.29,
222567,386,Ozone (O3),Mean,ppb,UHF42,310,Lower Manhattan,Summer 2013,06/01/2013,24.26,
412507,375,Nitrogen dioxide (NO2),Mean,ppb,UHF42,309,Union Square - Lower East Side,Annual Average 2016,12/31/2015,24.49,
602780,375,Nitrogen dioxide (NO2),Mean,ppb,UHF42,309,Union Square - Lower East Side,Annual Average 2018,01/01/2018,22.94,
412537,375,Nitrogen dioxide (NO2),Mean,ppb,UHF42,409,Southeast Queens,Annual Average 2016,12/31/2015,16.16,
602810,375,Nitrogen dioxide (NO2),Mean,ppb,UHF42,409,Southeast Queens,Annual Average 2018,01/01/2018,16.21,
176672,375,Nitrogen dioxide (NO2),Mean,ppb,UHF42,410,Rockaways,Annual Average 2012,12/01/2011,13.12,
176661,375,Nitrogen dioxide (NO2),Mean,ppb,UHF42,309,Union Square - Lower East Side,Annual Average 2012,12/01/2011,28.23,
176662,375,Nitrogen dioxide (NO2),Mean,ppb,UHF42,310,Lower Manhattan,Annual Average 2012,12/01/2011,31.07,
176650,375,Nitrogen dioxide (NO2),Mean,ppb,UHF42,209,Bensonhurst - Bay Ridge,Annual Average 2012,12/01/2011,19.27,
550163,375,Nitrogen dioxide (NO2),Mean,ppb,CD,502,South Beach and Willowbrook (CD2),Annual Average 2017,01/01/2017,13.19,
741297,375,Nitrogen dioxide (NO2),Mean,ppb,CD,502,South Beach and Willowbrook (CD2),Annual Average 2021,01/01/2021,13.01,
741252,375,Nitrogen dioxide (NO2),Mean,ppb,CD,401,Long Island City and Astoria (CD1),Annual Average 2021,01/01/2021,17.34,
550121,375,Nitrogen dioxide (NO2),Mean,ppb,CD,402,Woodside and Sunnyside (CD2),Annual Average 2017,01/01/2017,20.72,
165973,375,Nitrogen dioxide (NO2),Mean,ppb,CD,502,South Beach and Willowbrook (CD2),Winter 2011-12,12/01/2011,17.7,
165855,375,Nitrogen dioxide (NO2),Mean,ppb,CD,502,South Beach and Willowbrook (CD2),Winter 2009-10,12/01/2009,19.26,
603105,375,Nitrogen dioxide (NO2),Mean,ppb,CD,502,South Beach and Willowbrook (CD2),Summer 2018,06/01/2018,8.19,
550162,375,Nitrogen dioxide (NO2),Mean,ppb,CD,502,South Beach and Willowbrook (CD2),Summer 2017,06/01/2017,9.24,
165972,375,Nitrogen dioxide (NO2),Mean,ppb,CD,501,St. George and Stapleton (CD1),Winter 2011-12,12/01/2011,21.41,
165854,375,Nitrogen dioxide (NO2),Mean,ppb,CD,501,St. George and Stapleton (CD1),Winter 2009-10,12/01/2009,22.87,
550159,375,Nitrogen dioxide (NO2),Mean,ppb,CD,501,St. George and Stapleton (CD1),Summer 2017,06/01/2017,12.46,
550161,375,Nitrogen dioxide (NO2),Mean,ppb,CD,501,St. George and Stapleton (CD1),Winter 2016-17,12/01/2016,21.17,
603102,375,Nitrogen dioxide (NO2),Mean,ppb,CD,501,St. George and Stapleton (CD1),Summer 2018,06/01/2018,11.43,
165959,375,Nitrogen dioxide (NO2),Mean,ppb,CD,402,Woodside and Sunnyside (CD2),Winter 2011-12,12/01/2011,26.18,
165841,375,Nitrogen dioxide (NO2),Mean,ppb,CD,402,Woodside and Sunnyside (CD2),Winter 2009-10,12/01/2009,27.33,
"518962,657,Asthma emergency department visits due to PM2.5,Estimated annual rate (age 18+),""per 100,000 adults"",UHF42,309,Union Square - Lower East Side,2012-2014,01/02/2012,36.21,"
"628511,657,Asthma emergency department visits due to PM2.5,Estimated annual rate (age 18+),""per 100,000 adults"",UHF42,309,Union Square - Lower East Side,2015-2017,01/01/2015,31.6,"
"518972,657,Asthma emergency department visits due to PM2.5,Estimated annual rate (age 18+),""per 100,000 adults"",UHF42,409,Southeast Queens,2012-2014,01/02/2012,21.89,"
"628521,657,Asthma emergency department visits due to PM2.5,Estimated annual rate (age 18+),""per 100,000 adults"",UHF42,409,Southeast Queens,2015-2017,01/01/2015,17.9,"
"518973,657,Asthma emergency department visits due to PM2.5,Estimated annual rate (age 18+),""per 100,000 adults"",UHF42,410,Rockaways,2012-2014,01/02/2012,42.29,"
"518963,657,Asthma emergency department visits due to PM2.5,Estimated annual rate (age 18+),""per 100,000 adults"",UHF42,310,Lower Manhattan,2012-2014,01/02/2012,24.14,"
"628512,657,Asthma emergency department visits due to PM2.5,Estimated annual rate (age 18+),""per 100,000 adults"",UHF42,310,Lower Manhattan,2015-2017,01/01/2015,19.2,"
"518951,657,Asthma emergency department visits due to PM2.5,Estimated annual rate (age 18+),""per 100,000 adults"",UHF42,209,Bensonhurst - Bay Ridge,2012-2014,01/02/2012,10.41,"
334352,365,Fine particles (PM 2.5),Mean,mcg/m3,CD,501,St. George and Stapleton (CD1),Summer 2015,06/01/2015,8.91,
650063,365,Fine particles (PM 2.5),Mean,mcg/m3,CD,501,St. George and Stapleton (CD1),Summer 2019,06/01/2019,7.63,
170325,365,Fine particles (PM 2.5),Mean,mcg/m3,CD,402,Woodside and Sunnyside (CD2),Annual Average 2011,12/01/2010,11.48,
213974,365,Fine particles (PM 2.5),Mean,mcg/m3,CD,402,Woodside and Sunnyside (CD2),Summer 2014,06/01/2014,10.17,
170207,365,Fine particles (PM 2.5),Mean,mcg/m3,CD,402,Woodside and Sunnyside (CD2),Annual Average 2009,12/01/2008,11.89,
669937,365,Fine particles (PM 2.5),Mean,mcg/m3,CD,402,Woodside and Sunnyside (CD2),Annual Average 2020,01/01/2020,6.95,
650025,365,Fine particles (PM 2.5),Mean,mcg/m3,CD,402,Woodside and Sunnyside (CD2),Winter 2018-19,12/01/2018,9.07,
176074,375,Nitrogen dioxide (NO2),Mean,ppb,UHF42,310,Lower Manhattan,Summer 2013,06/01/2013,27.85,
412510,375,Nitrogen dioxide (NO2),Mean,ppb,UHF42,310,Lower Manhattan,Annual Average 2016,12/31/2015,26.15,
602783,375,Nitrogen dioxide (NO2),Mean,ppb,UHF42,310,Lower Manhattan,Annual Average 2018,01/01/2018,25.15,
740975,375,Nitrogen dioxide (NO2),Mean,ppb,UHF42,310,Lower Manhattan,Summer 2021,06/01/2021,17.85,
176031,375,Nitrogen dioxide (NO2),Mean,ppb,UHF42,309,Union Square - Lower East Side,Summer 2012,06/01/2012,25.28,
176032,375,Nitrogen dioxide (NO2),Mean,ppb,UHF42,310,Lower Manhattan,Summer 2012,06/01/2012,29.32,
740972,375,Nitrogen dioxide (NO2),Mean,ppb,UHF42,309,Union Square - Lower East Side,Summer 2021,06/01/2021,15.71,
216537,386,Ozone (O3),Mean,ppb,CD,402,Woodside and Sunnyside (CD2),Summer 2010,06/01/2010,33.29,
742235,365,Fine particles (PM 2.5),Mean,mcg/m3,UHF42,307,Gramercy Park - Murray Hill,Summer 2021,06/01/2021,10.07,
179776,640,Boiler Emissions- Total SO2 Emissions,Number per km2,number,UHF42,407,Southwest Queens,2015,01/01/2015,0.5,
179774,640,Boiler Emissions- Total SO2 Emissions,Number per km2,number,UHF42,408,Jamaica,2015,01/01/2015,0.4,
605738,365,Fine particles (PM 2.5),Mean,mcg/m3,UHF42,308,Greenwich Village - SoHo,Annual Average 2018,01/01/2018,8.79,
177919,365,Fine particles (PM 2.5),Mean,mcg/m3,UHF42,307,Gramercy Park - Murray Hill,Summer 2012,06/01/2012,13.98,
177961,365,Fine particles (PM 2.5),Mean,mcg/m3,UHF42,307,Gramercy Park - Murray Hill,Summer 2013,06/01/2013,14.14,
742205,365,Fine particles (PM 2.5),Mean,mcg/m3,UHF42,208,Canarsie - Flatlands,Summer 2021,06/01/2021,7.99,
177950,365,Fine particles (PM 2.5),Mean,mcg/m3,UHF42,207,East Flatbush - Flatbush,Summer 2013,06/01/2013,10.17,
177908,365,Fine particles (PM 2.5),Mean,mcg/m3,UHF42,207,East Flatbush - Flatbush,Summer 2012,06/01/2012,10.28,
178549,365,Fine particles (PM 2.5),Mean,mcg/m3,UHF42,307,Gramercy Park - Murray Hill,Annual Average 2012,12/01/2011,13.23,
179763,642,Boiler Emissions- Total NOx Emissions,Number per km2,number,Borough,1,Bronx,2015,01/01/2015,39.5,
742516,365,Fine particles (PM 2.5),Mean,mcg/m3,CD,318,Flatlands and Canarsie (CD18),Winter 2020-21,12/01/2020,6.53,
169423,365,Fine particles (PM 2.5),Mean,mcg/m3,CD,303,Bedford Stuyvesant (CD3),Summer 2011,06/01/2011,11.6,
169379,365,Fine particles (PM 2.5),Mean,mcg/m3,CD,318,Flatlands and Canarsie (CD18),Summer 2010,06/01/2010,11.42,
411089,365,Fine particles (PM 2.5),Mean,mcg/m3,CD,318,Flatlands and Canarsie (CD18),Winter 2015-16,12/01/2015,7.56,
168479,365,Fine particles (PM 2.5),Mean,mcg/m3,CD,303,Bedford Stuyvesant (CD3),Winter 2009-10,12/01/2009,10.11,
334266,365,Fine particles (PM 2.5),Mean,mcg/m3,CD,304,Bushwick (CD4),Winter 2014-15,12/01/2014,9.37,
179759,642,Boiler Emissions- Total NOx Emissions,Number per km2,number,UHF42,307,Gramercy Park - Murray Hill,2015,01/01/2015,256.2,
179855,641,Boiler Emissions- Total PM2.5 Emissions,Number per km2,number,UHF42,307,Gramercy Park - Murray Hill,2015,01/01/2015,5.5,
179742,642,Boiler Emissions- Total NOx Emissions,Number per km2,number,UHF42,207,East Flatbush - Flatbush,2015,01/01/2015,33.2,
179838,641,Boiler Emissions- Total PM2.5 Emissions,Number per km2,number,UHF42,207,East Flatbush - Flatbush,2015,01/01/2015,0.2,
179745,642,Boiler Emissions- Total NOx Emissions,Number per km2,number,UHF42,107,Hunts Point - Mott Haven,2015,01/01/2015,35.5,
179841,641,Boiler Emissions- Total PM2.5 Emissions,Number per km2,number,UHF42,107,Hunts Point - Mott Haven,2015,01/01/2015,0.3,
742236,365,Fine particles (PM 2.5),Mean,mcg/m3,UHF42,307,Gramercy Park - Murray Hill,Annual Average 2021,01/01/2021,8.15,
177247,365,Fine particles (PM 2.5),Mean,mcg/m3,UHF42,307,Gramercy Park - Murray Hill,Winter 2010-11,12/01/2010,16.19,
177793,365,Fine particles (PM 2.5),Mean,mcg/m3,UHF42,307,Gramercy Park - Murray Hill,Summer 2009,06/01/2009,15.05,
178591,365,Fine particles (PM 2.5),Mean,mcg/m3,UHF42,307,Gramercy Park - Murray Hill,Annual Average 2013,12/01/2012,13.2,
547444,365,Fine particles (PM 2.5),Mean,mcg/m3,UHF42,308,Greenwich Village - SoHo,Annual Average 2017,01/01/2017,9.02,
547681,365,Fine particles (PM 2.5),Mean,mcg/m3,CD,304,Bushwick (CD4),Annual Average 2017,01/01/2017,7.66,
742476,365,Fine particles (PM 2.5),Mean,mcg/m3,CD,304,Bushwick (CD4),Annual Average 2021,01/01/2021,6.87,
334263,365,Fine particles (PM 2.5),Mean,mcg/m3,CD,303,Bedford Stuyvesant (CD3),Winter 2014-15,12/01/2014,9.31,
130432,640,Boiler Emissions- Total SO2 Emissions,Number per km2,number,UHF42,408,Jamaica,2013,01/01/2013,0.5,
130431,640,Boiler Emissions- Total SO2 Emissions,Number per km2,number,UHF42,407,Southwest Queens,2013,01/01/2013,0.8,
176712,375,Nitrogen dioxide (NO2),Mean,ppb,UHF42,408,Jamaica,Annual Average 2013,12/01/2012,18.96,
336597,375,Nitrogen dioxide (NO2),Mean,ppb,UHF42,408,Jamaica,Winter 2014-15,12/01/2014,23.94,
549866,375,Nitrogen dioxide (NO2),Mean,ppb,UHF42,408,Jamaica,Annual Average 2017,01/01/2017,17.69,
741000,375,Nitrogen dioxide (NO2),Mean,ppb,UHF42,408,Jamaica,Annual Average 2021,01/01/2021,15.3,
411989,386,Ozone (O3),Mean,ppb,Borough,1,Bronx,Summer 2016,06/01/2016,33.09,
222487,386,Ozone (O3),Mean,ppb,UHF42,208,Canarsie - Flatlands,Summer 2011,06/01/2011,35.91,
412008,386,Ozone (O3),Mean,ppb,UHF42,208,Canarsie - Flatlands,Summer 2016,06/01/2016,35.79,
175945,375,Nitrogen dioxide (NO2),Mean,ppb,UHF42,307,Gramercy Park - Murray Hill,Summer 2010,06/01/2010,38,
740968,375,Nitrogen dioxide (NO2),Mean,ppb,UHF42,308,Greenwich Village - SoHo,Winter 2020-21,12/01/2020,25.42,
412833,375,Nitrogen dioxide (NO2),Mean,ppb,CD,503,Tottenville and Great Kills (CD3),Summer 2016,06/01/2016,6.6,
412832,375,Nitrogen dioxide (NO2),Mean,ppb,CD,503,Tottenville and Great Kills (CD3),Winter 2015-16,12/01/2015,16.56,
741298,375,Nitrogen dioxide (NO2),Mean,ppb,CD,503,Tottenville and Great Kills (CD3),Winter 2020-21,12/01/2020,17.36,
741259,375,Nitrogen dioxide (NO2),Mean,ppb,CD,404,Elmhurst and Corona (CD4),Winter 2020-21,12/01/2020,22.32,
412794,375,Nitrogen dioxide (NO2),Mean,ppb,CD,404,Elmhurst and Corona (CD4),Summer 2016,06/01/2016,16.37,
412793,375,Nitrogen dioxide (NO2),Mean,ppb,CD,404,Elmhurst and Corona (CD4),Winter 2015-16,12/01/2015,25.68,
166723,375,Nitrogen dioxide (NO2),Mean,ppb,CD,317,East Flatbush (CD17),Summer 2010,06/01/2010,18.94,
166782,375,Nitrogen dioxide (NO2),Mean,ppb,CD,317,East Flatbush (CD17),Summer 2011,06/01/2011,18.77,
412778,375,Nitrogen dioxide (NO2),Mean,ppb,CD,317,East Flatbush (CD17),Winter 2015-16,12/01/2015,23.94,
741244,375,Nitrogen dioxide (NO2),Mean,ppb,CD,317,East Flatbush (CD17),Winter 2020-21,12/01/2020,22.9,
412529,375,Nitrogen dioxide (NO2),Mean,ppb,UHF42,407,Southwest Queens,Winter 2015-16,12/01/2015,22.91,
740995,375,Nitrogen dioxide (NO2),Mean,ppb,UHF42,407,Southwest Queens,Winter 2020-21,12/01/2020,21.29,
175955,375,Nitrogen dioxide (NO2),Mean,ppb,UHF42,407,Southwest Queens,Summer 2010,06/01/2010,17.74,
175998,375,Nitrogen dioxide (NO2),Mean,ppb,UHF42,408,Jamaica,Summer 2011,06/01/2011,17.25,
412530,375,Nitrogen dioxide (NO2),Mean,ppb,UHF42,407,Southwest Queens,Summer 2016,06/01/2016,12.77,
176702,375,Nitrogen dioxide (NO2),Mean,ppb,UHF42,308,Greenwich Village - SoHo,Annual Average 2013,12/01/2012,29.19,
175358,375,Nitrogen dioxide (NO2),Mean,ppb,UHF42,308,Greenwich Village - SoHo,Winter 2010-11,12/01/2010,36.82,
175904,375,Nitrogen dioxide (NO2),Mean,ppb,UHF42,308,Greenwich Village - SoHo,Summer 2009,06/01/2009,31.61,
336567,375,Nitrogen dioxide (NO2),Mean,ppb,UHF42,308,Greenwich Village - SoHo,Winter 2014-15,12/01/2014,30.19,
412782,375,Nitrogen dioxide (NO2),Mean,ppb,CD,318,Flatlands and Canarsie (CD18),Summer 2016,06/01/2016,10.03,
166741,375,Nitrogen dioxide (NO2),Mean,ppb,CD,503,Tottenville and Great Kills (CD3),Summer 2010,06/01/2010,9.42,
166800,375,Nitrogen dioxide (NO2),Mean,ppb,CD,503,Tottenville and Great Kills (CD3),Summer 2011,06/01/2011,8.32,
643725,375,Nitrogen dioxide (NO2),Mean,ppb,CD,503,Tottenville and Great Kills (CD3),Winter 2018-19,12/01/2018,14.15,
216538,386,Ozone (O3),Mean,ppb,CD,402,Woodside and Sunnyside (CD2),Summer 2011,06/01/2011,32.84,
412114,386,Ozone (O3),Mean,ppb,CD,402,Woodside and Sunnyside (CD2),Summer 2016,06/01/2016,33.37,
216532,386,Ozone (O3),Mean,ppb,CD,401,Long Island City and Astoria (CD1),Summer 2011,06/01/2011,33.33,
216531,386,Ozone (O3),Mean,ppb,CD,401,Long Island City and Astoria (CD1),Summer 2010,06/01/2010,33.45,
412113,386,Ozone (O3),Mean,ppb,CD,401,Long Island City and Astoria (CD1),Summer 2016,06/01/2016,33.44,
216429,386,Ozone (O3),Mean,ppb,CD,302,Fort Greene and Brooklyn Heights (CD2),Summer 2010,06/01/2010,30.46,
412096,386,Ozone (O3),Mean,ppb,CD,302,Fort Greene and Brooklyn Heights (CD2),Summer 2016,06/01/2016,31.63,
170266,365,Fine particles (PM 2.5),Mean,mcg/m3,CD,402,Woodside and Sunnyside (CD2),Annual Average 2010,12/01/2009,10.56,
168673,365,Fine particles (PM 2.5),Mean,mcg/m3,CD,402,Woodside and Sunnyside (CD2),Winter 2012-13,12/01/2012,11.73,
650024,365,Fine particles (PM 2.5),Mean,mcg/m3,CD,402,Woodside and Sunnyside (CD2),Summer 2019,06/01/2019,9.73,
669938,365,Fine particles (PM 2.5),Mean,mcg/m3,CD,402,Woodside and Sunnyside (CD2),Winter 2019-20,12/01/2019,8.43,
334355,365,Fine particles (PM 2.5),Mean,mcg/m3,CD,502,South Beach and Willowbrook (CD2),Summer 2015,06/01/2015,8.77,
650021,365,Fine particles (PM 2.5),Mean,mcg/m3,CD,401,Long Island City and Astoria (CD1),Summer 2019,06/01/2019,8.47,
170397,365,Fine particles (PM 2.5),Mean,mcg/m3,CD,501,St. George and Stapleton (CD1),Annual Average 2012,12/01/2011,8.4,
170383,365,Fine particles (PM 2.5),Mean,mcg/m3,CD,401,Long Island City and Astoria (CD1),Annual Average 2012,12/01/2011,9.19,
170384,365,Fine particles (PM 2.5),Mean,mcg/m3,CD,402,Woodside and Sunnyside (CD2),Annual Average 2012,12/01/2011,10.29,
170398,365,Fine particles (PM 2.5),Mean,mcg/m3,CD,502,South Beach and Willowbrook (CD2),Annual Average 2012,12/01/2011,8.35,
"628560,650,Respiratory hospitalizations due to PM2.5 (age 20+),Estimated annual rate,""per 100,000 adults"",UHF42,310,Lower Manhattan,2015-2017,01/01/2015,6.6,"
"518818,650,Respiratory hospitalizations due to PM2.5 (age 20+),Estimated annual rate,""per 100,000 adults"",UHF42,309,Union Square - Lower East Side,2012-2014,01/02/2012,11.96,"
"628559,650,Respiratory hospitalizations due to PM2.5 (age 20+),Estimated annual rate,""per 100,000 adults"",UHF42,309,Union Square - Lower East Side,2015-2017,01/01/2015,10.7,"
"518808,650,Respiratory hospitalizations due to PM2.5 (age 20+),Estimated annual rate,""per 100,000 adults"",UHF42,210,Coney Island - Sheepshead Bay,2012-2014,01/02/2012,13.69,"
"628549,650,Respiratory hospitalizations due to PM2.5 (age 20+),Estimated annual rate,""per 100,000 adults"",UHF42,210,Coney Island - Sheepshead Bay,2015-2017,01/01/2015,14.7,"
"518804,650,Respiratory hospitalizations due to PM2.5 (age 20+),Estimated annual rate,""per 100,000 adults"",UHF42,206,Borough Park,2012-2014,01/02/2012,9.06,"
"518852,651,Cardiovascular hospitalizations due to PM2.5 (age 40+),Estimated annual rate,""per 100,000 adults"",UHF42,206,Borough Park,2012-2014,01/02/2012,13.92,"
"628593,651,Cardiovascular hospitalizations due to PM2.5 (age 40+),Estimated annual rate,""per 100,000 adults"",UHF42,206,Borough Park,2015-2017,01/01/2015,16.1,"
168450,365,Fine particles (PM 2.5),Mean,mcg/m3,CD,501,St. George and Stapleton (CD1),Winter 2008-09,12/01/2008,12.09,
650062,365,Fine particles (PM 2.5),Mean,mcg/m3,CD,501,St. George and Stapleton (CD1),Annual Average 2019,01/01/2019,6.14,
213796,365,Fine particles (PM 2.5),Mean,mcg/m3,CD,401,Long Island City and Astoria (CD1),Winter 2013-14,12/01/2013,12.3,
213811,365,Fine particles (PM 2.5),Mean,mcg/m3,CD,502,South Beach and Willowbrook (CD2),Winter 2013-14,12/01/2013,11.85,
168451,365,Fine particles (PM 2.5),Mean,mcg/m3,CD,502,South Beach and Willowbrook (CD2),Winter 2008-09,12/01/2008,11.77,
165899,375,Nitrogen dioxide (NO2),Mean,ppb,CD,401,Long Island City and Astoria (CD1),Winter 2010-11,12/01/2010,30.75,
166666,375,Nitrogen dioxide (NO2),Mean,ppb,CD,401,Long Island City and Astoria (CD1),Summer 2009,06/01/2009,21.22,
167787,375,Nitrogen dioxide (NO2),Mean,ppb,CD,401,Long Island City and Astoria (CD1),Annual Average 2013,12/01/2012,21.36,
336849,375,Nitrogen dioxide (NO2),Mean,ppb,CD,401,Long Island City and Astoria (CD1),Winter 2014-15,12/01/2014,25.43,
550118,375,Nitrogen dioxide (NO2),Mean,ppb,CD,401,Long Island City and Astoria (CD1),Annual Average 2017,01/01/2017,20.26,
550067,375,Nitrogen dioxide (NO2),Mean,ppb,CD,302,Fort Greene and Brooklyn Heights (CD2),Annual Average 2017,01/01/2017,21.66,
168614,365,Fine particles (PM 2.5),Mean,mcg/m3,CD,402,Woodside and Sunnyside (CD2),Winter 2011-12,12/01/2011,10.28,
214151,365,Fine particles (PM 2.5),Mean,mcg/m3,CD,402,Woodside and Sunnyside (CD2),Annual Average 2014,12/01/2013,10.5,
168496,365,Fine particles (PM 2.5),Mean,mcg/m3,CD,402,Woodside and Sunnyside (CD2),Winter 2009-10,12/01/2009,10.21,
547728,365,Fine particles (PM 2.5),Mean,mcg/m3,CD,402,Woodside and Sunnyside (CD2),Summer 2017,06/01/2017,10.68,
606024,365,Fine particles (PM 2.5),Mean,mcg/m3,CD,402,Woodside and Sunnyside (CD2),Summer 2018,06/01/2018,9.84,
669939,365,Fine particles (PM 2.5),Mean,mcg/m3,CD,402,Woodside and Sunnyside (CD2),Summer 2020,06/01/2020,7.9,
168628,365,Fine particles (PM 2.5),Mean,mcg/m3,CD,502,South Beach and Willowbrook (CD2),Winter 2011-12,12/01/2011,8.22,
214165,365,Fine particles (PM 2.5),Mean,mcg/m3,CD,502,South Beach and Willowbrook (CD2),Annual Average 2014,12/01/2013,8.49,
547770,365,Fine particles (PM 2.5),Mean,mcg/m3,CD,502,South Beach and Willowbrook (CD2),Summer 2017,06/01/2017,8.17,
606066,365,Fine particles (PM 2.5),Mean,mcg/m3,CD,502,South Beach and Willowbrook (CD2),Summer 2018,06/01/2018,7.62,
547675,365,Fine particles (PM 2.5),Mean,mcg/m3,CD,302,Fort Greene and Brooklyn Heights (CD2),Annual Average 2017,01/01/2017,8.29,
168536,365,Fine particles (PM 2.5),Mean,mcg/m3,CD,301,Greenpoint and Williamsburg (CD1),Winter 2010-11,12/01/2010,14.16,
169303,365,Fine particles (PM 2.5),Mean,mcg/m3,CD,301,Greenpoint and Williamsburg (CD1),Summer 2009,06/01/2009,12.26,
168537,365,Fine particles (PM 2.5),Mean,mcg/m3,CD,302,Fort Greene and Brooklyn Heights (CD2),Winter 2010-11,12/01/2010,13.78,
169540,365,Fine particles (PM 2.5),Mean,mcg/m3,CD,302,Fort Greene and Brooklyn Heights (CD2),Summer 2013,06/01/2013,10.98,
169468,365,Fine particles (PM 2.5),Mean,mcg/m3,CD,201,Mott Haven and Melrose (CD1),Summer 2012,06/01/2012,11.32,
169527,365,Fine particles (PM 2.5),Mean,mcg/m3,CD,201,Mott Haven and Melrose (CD1),Summer 2013,06/01/2013,11.21,
411004,365,Fine particles (PM 2.5),Mean,mcg/m3,CD,201,Mott Haven and Melrose (CD1),Annual Average 2016,12/31/2015,8.55,
334354,365,Fine particles (PM 2.5),Mean,mcg/m3,CD,502,South Beach and Willowbrook (CD2),Annual Average 2015,01/01/2015,7.8,
650067,365,Fine particles (PM 2.5),Mean,mcg/m3,CD,502,South Beach and Willowbrook (CD2),Winter 2018-19,12/01/2018,6.45,
170206,365,Fine particles (PM 2.5),Mean,mcg/m3,CD,401,Long Island City and Astoria (CD1),Annual Average 2009,12/01/2008,10.69,
213973,365,Fine particles (PM 2.5),Mean,mcg/m3,CD,401,Long Island City and Astoria (CD1),Summer 2014,06/01/2014,8.76,
334309,365,Fine particles (PM 2.5),Mean,mcg/m3,CD,401,Long Island City and Astoria (CD1),Annual Average 2015,01/01/2015,8.99,
667867,375,Nitrogen dioxide (NO2),Mean,ppb,CD,503,Tottenville and Great Kills (CD3),Annual Average 2020,01/01/2020,10.49,
154618,643,Annual vehicle miles traveled,million miles,per km2,CD,503,Tottenville and Great Kills (CD3),2005,01/01/2005,6.3,
325285,643,Annual vehicle miles traveled,million miles,per km2,CD,403,Jackson Heights (CD3),2016,01/01/2016,34.6,
325267,643,Annual vehicle miles traveled,million miles,per km2,CD,303,Bedford Stuyvesant (CD3),2016,01/01/2016,22.9,
154586,643,Annual vehicle miles traveled,million miles,per km2,CD,303,Bedford Stuyvesant (CD3),2005,01/01/2005,26,
325233,643,Annual vehicle miles traveled,million miles,per km2,UHF42,408,Jamaica,2016,01/01/2016,20.6,
151648,643,Annual vehicle miles traveled,million miles,per km2,UHF42,308,Greenwich Village - SoHo,2005,01/01/2005,47.5,
325223,643,Annual vehicle miles traveled,million miles,per km2,UHF42,308,Greenwich Village - SoHo,2016,01/01/2016,52.4,
154587,643,Annual vehicle miles traveled,million miles,per km2,CD,304,Bushwick (CD4),2005,01/01/2005,13.9,
325393,644,Annual vehicle miles travelled (cars),million miles,per km2,CD,404,Elmhurst and Corona (CD4),2016,01/01/2016,36.2,
167672,375,Nitrogen dioxide (NO2),Mean,ppb,CD,404,Elmhurst and Corona (CD4),Annual Average 2011,12/01/2010,25.94,
213445,375,Nitrogen dioxide (NO2),Mean,ppb,CD,404,Elmhurst and Corona (CD4),Summer 2014,06/01/2014,17.64,
643683,375,Nitrogen dioxide (NO2),Mean,ppb,CD,403,Jackson Heights (CD3),Winter 2018-19,12/01/2018,23.27,
667783,375,Nitrogen dioxide (NO2),Mean,ppb,CD,403,Jackson Heights (CD3),Annual Average 2020,01/01/2020,16.98,
336566,375,Nitrogen dioxide (NO2),Mean,ppb,UHF42,308,Greenwich Village - SoHo,Summer 2015,06/01/2015,22.38,
167549,375,Nitrogen dioxide (NO2),Mean,ppb,CD,317,East Flatbush (CD17),Annual Average 2009,12/01/2008,25.12,
336841,375,Nitrogen dioxide (NO2),Mean,ppb,CD,317,East Flatbush (CD17),Annual Average 2015,01/01/2015,19.81,
667759,375,Nitrogen dioxide (NO2),Mean,ppb,CD,317,East Flatbush (CD17),Annual Average 2020,01/01/2020,16.23,
643671,375,Nitrogen dioxide (NO2),Mean,ppb,CD,317,East Flatbush (CD17),Winter 2018-19,12/01/2018,21.94,
741247,375,Nitrogen dioxide (NO2),Mean,ppb,CD,318,Flatlands and Canarsie (CD18),Winter 2020-21,12/01/2020,21.2,
412781,375,Nitrogen dioxide (NO2),Mean,ppb,CD,318,Flatlands and Canarsie (CD18),Winter 2015-16,12/01/2015,20.94,
412791,375,Nitrogen dioxide (NO2),Mean,ppb,CD,403,Jackson Heights (CD3),Summer 2016,06/01/2016,15.5,
643421,375,Nitrogen dioxide (NO2),Mean,ppb,UHF42,407,Southwest Queens,Summer 2019,06/01/2019,11.69,
176585,375,Nitrogen dioxide (NO2),Mean,ppb,UHF42,407,Southwest Queens,Annual Average 2010,12/01/2009,21.7,
175451,375,Nitrogen dioxide (NO2),Mean,ppb,UHF42,407,Southwest Queens,Winter 2012-13,12/01/2012,24.45,
336593,375,Nitrogen dioxide (NO2),Mean,ppb,UHF42,407,Southwest Queens,Summer 2015,06/01/2015,13.42,
176586,375,Nitrogen dioxide (NO2),Mean,ppb,UHF42,408,Jamaica,Annual Average 2010,12/01/2009,21.22,
549862,375,Nitrogen dioxide (NO2),Mean,ppb,UHF42,407,Southwest Queens,Summer 2017,06/01/2017,13.34,
602805,375,Nitrogen dioxide (NO2),Mean,ppb,UHF42,407,Southwest Queens,Summer 2018,06/01/2018,11.83,
667263,375,Nitrogen dioxide (NO2),Mean,ppb,UHF42,407,Southwest Queens,Summer 2020,06/01/2020,9.47,
175409,375,Nitrogen dioxide (NO2),Mean,ppb,UHF42,407,Southwest Queens,Winter 2011-12,12/01/2011,23.67,
212576,375,Nitrogen dioxide (NO2),Mean,ppb,UHF42,407,Southwest Queens,Annual Average 2014,12/01/2013,19.19,
412740,375,Nitrogen dioxide (NO2),Mean,ppb,CD,304,Bushwick (CD4),Summer 2016,06/01/2016,14.8,
412739,375,Nitrogen dioxide (NO2),Mean,ppb,CD,304,Bushwick (CD4),Winter 2015-16,12/01/2015,24.46,
741205,375,Nitrogen dioxide (NO2),Mean,ppb,CD,304,Bushwick (CD4),Winter 2020-21,12/01/2020,23.07,
741202,375,Nitrogen dioxide (NO2),Mean,ppb,CD,303,Bedford Stuyvesant (CD3),Winter 2020-21,12/01/2020,23.41,
336844,375,Nitrogen dioxide (NO2),Mean,ppb,CD,318,Flatlands and Canarsie (CD18),Annual Average 2015,01/01/2015,16.61,
167685,375,Nitrogen dioxide (NO2),Mean,ppb,CD,503,Tottenville and Great Kills (CD3),Annual Average 2011,12/01/2010,13.35,
167567,375,Nitrogen dioxide (NO2),Mean,ppb,CD,503,Tottenville and Great Kills (CD3),Annual Average 2009,12/01/2008,14.7,
213458,375,Nitrogen dioxide (NO2),Mean,ppb,CD,503,Tottenville and Great Kills (CD3),Summer 2014,06/01/2014,7.32,
643674,375,Nitrogen dioxide (NO2),Mean,ppb,CD,318,Flatlands and Canarsie (CD18),Winter 2018-19,12/01/2018,18.63,
667765,375,Nitrogen dioxide (NO2),Mean,ppb,CD,318,Flatlands and Canarsie (CD18),Annual Average 2020,01/01/2020,13.74,
216367,386,Ozone (O3),Mean,ppb,CD,203,Morrisania and Crotona (CD3),Summer 2014,06/01/2014,30.31,
216373,386,Ozone (O3),Mean,ppb,CD,204,Highbridge and Concourse (CD4),Summer 2014,06/01/2014,29.76,
216295,386,Ozone (O3),Mean,ppb,CD,103,Lower East Side and Chinatown (CD3),Summer 2014,06/01/2014,27.34,
216439,386,Ozone (O3),Mean,ppb,CD,303,Bedford Stuyvesant (CD3),Summer 2014,06/01/2014,29.89,
216445,386,Ozone (O3),Mean,ppb,CD,304,Bushwick (CD4),Summer 2014,06/01/2014,30.98,
216547,386,Ozone (O3),Mean,ppb,CD,403,Jackson Heights (CD3),Summer 2014,06/01/2014,30.81,
216553,386,Ozone (O3),Mean,ppb,CD,404,Elmhurst and Corona (CD4),Summer 2014,06/01/2014,30.5,
167553,375,Nitrogen dioxide (NO2),Mean,ppb,CD,403,Jackson Heights (CD3),Annual Average 2009,12/01/2008,25.64,
213444,375,Nitrogen dioxide (NO2),Mean,ppb,CD,403,Jackson Heights (CD3),Summer 2014,06/01/2014,16.57,
336802,375,Nitrogen dioxide (NO2),Mean,ppb,CD,304,Bushwick (CD4),Annual Average 2015,01/01/2015,20.34,
643632,375,Nitrogen dioxide (NO2),Mean,ppb,CD,304,Bushwick (CD4),Winter 2018-19,12/01/2018,23.92,
667675,375,Nitrogen dioxide (NO2),Mean,ppb,CD,303,Bedford Stuyvesant (CD3),Annual Average 2020,01/01/2020,17.47,
643629,375,Nitrogen dioxide (NO2),Mean,ppb,CD,303,Bedford Stuyvesant (CD3),Winter 2018-19,12/01/2018,23.82,
166651,375,Nitrogen dioxide (NO2),Mean,ppb,CD,304,Bushwick (CD4),Summer 2009,06/01/2009,21.76,
167772,375,Nitrogen dioxide (NO2),Mean,ppb,CD,304,Bushwick (CD4),Annual Average 2013,12/01/2012,21.69,
165884,375,Nitrogen dioxide (NO2),Mean,ppb,CD,304,Bushwick (CD4),Winter 2010-11,12/01/2010,31.75,
222613,386,Ozone (O3),Mean,ppb,UHF42,408,Jamaica,Summer 2011,06/01/2011,32.95,
412029,386,Ozone (O3),Mean,ppb,UHF42,408,Jamaica,Summer 2016,06/01/2016,33.86,
222553,386,Ozone (O3),Mean,ppb,UHF42,308,Greenwich Village - SoHo,Summer 2011,06/01/2011,26.21,
222552,386,Ozone (O3),Mean,ppb,UHF42,308,Greenwich Village - SoHo,Summer 2010,06/01/2010,27.87,
412019,386,Ozone (O3),Mean,ppb,UHF42,308,Greenwich Village - SoHo,Summer 2016,06/01/2016,30.03,
412018,386,Ozone (O3),Mean,ppb,UHF42,307,Gramercy Park - Murray Hill,Summer 2016,06/01/2016,27.51,
176029,375,Nitrogen dioxide (NO2),Mean,ppb,UHF42,307,Gramercy Park - Murray Hill,Summer 2012,06/01/2012,36.74,
176060,375,Nitrogen dioxide (NO2),Mean,ppb,UHF42,207,East Flatbush - Flatbush,Summer 2013,06/01/2013,16.52,
549832,375,Nitrogen dioxide (NO2),Mean,ppb,UHF42,307,Gramercy Park - Murray Hill,Summer 2017,06/01/2017,28.61,
170307,365,Fine particles (PM 2.5),Mean,mcg/m3,CD,302,Fort Greene and Brooklyn Heights (CD2),Annual Average 2011,12/01/2010,11.12,
213956,365,Fine particles (PM 2.5),Mean,mcg/m3,CD,302,Fort Greene and Brooklyn Heights (CD2),Summer 2014,06/01/2014,9.86,
649971,365,Fine particles (PM 2.5),Mean,mcg/m3,CD,302,Fort Greene and Brooklyn Heights (CD2),Winter 2018-19,12/01/2018,7.94,
669883,365,Fine particles (PM 2.5),Mean,mcg/m3,CD,302,Fort Greene and Brooklyn Heights (CD2),Annual Average 2020,01/01/2020,6.68,
170306,365,Fine particles (PM 2.5),Mean,mcg/m3,CD,301,Greenpoint and Williamsburg (CD1),Annual Average 2011,12/01/2010,11.6,
178552,365,Fine particles (PM 2.5),Mean,mcg/m3,UHF42,310,Lower Manhattan,Annual Average 2012,12/01/2011,11.32,
179770,640,Boiler Emissions- Total SO2 Emissions,Number per km2,number,UHF42,410,Rockaways,2015,01/01/2015,0,
179801,640,Boiler Emissions- Total SO2 Emissions,Number per km2,number,UHF42,310,Lower Manhattan,2015,01/01/2015,8.3,
179785,640,Boiler Emissions- Total SO2 Emissions,Number per km2,number,UHF42,209,Bensonhurst - Bay Ridge,2015,01/01/2015,1.2,
410785,365,Fine particles (PM 2.5),Mean,mcg/m3,UHF42,210,Coney Island - Sheepshead Bay,Annual Average 2016,12/31/2015,6.75,
742519,365,Fine particles (PM 2.5),Mean,mcg/m3,CD,401,Long Island City and Astoria (CD1),Winter 2020-21,12/01/2020,6.82,
605711,365,Fine particles (PM 2.5),Mean,mcg/m3,UHF42,210,Coney Island - Sheepshead Bay,Annual Average 2018,01/01/2018,6.55,
742211,365,Fine particles (PM 2.5),Mean,mcg/m3,UHF42,210,Coney Island - Sheepshead Bay,Summer 2021,06/01/2021,8.01,
177949,365,Fine particles (PM 2.5),Mean,mcg/m3,UHF42,206,Borough Park,Summer 2013,06/01/2013,10.02,
410773,365,Fine particles (PM 2.5),Mean,mcg/m3,UHF42,206,Borough Park,Annual Average 2016,12/31/2015,7.45,
605708,365,Fine particles (PM 2.5),Mean,mcg/m3,UHF42,209,Bensonhurst - Bay Ridge,Annual Average 2018,01/01/2018,6.67,
178537,365,Fine particles (PM 2.5),Mean,mcg/m3,UHF42,206,Borough Park,Annual Average 2012,12/01/2011,8.89,
169380,365,Fine particles (PM 2.5),Mean,mcg/m3,CD,401,Long Island City and Astoria (CD1),Summer 2010,06/01/2010,12.09,
169439,365,Fine particles (PM 2.5),Mean,mcg/m3,CD,401,Long Island City and Astoria (CD1),Summer 2011,06/01/2011,11.62,
411093,365,Fine particles (PM 2.5),Mean,mcg/m3,CD,401,Long Island City and Astoria (CD1),Summer 2016,06/01/2016,8.46,
411092,365,Fine particles (PM 2.5),Mean,mcg/m3,CD,401,Long Island City and Astoria (CD1),Winter 2015-16,12/01/2015,8.23,
169422,365,Fine particles (PM 2.5),Mean,mcg/m3,CD,302,Fort Greene and Brooklyn Heights (CD2),Summer 2011,06/01/2011,12.23,
169363,365,Fine particles (PM 2.5),Mean,mcg/m3,CD,302,Fort Greene and Brooklyn Heights (CD2),Summer 2010,06/01/2010,12.72,
411042,365,Fine particles (PM 2.5),Mean,mcg/m3,CD,302,Fort Greene and Brooklyn Heights (CD2),Summer 2016,06/01/2016,9.07,
169362,365,Fine particles (PM 2.5),Mean,mcg/m3,CD,301,Greenpoint and Williamsburg (CD1),Summer 2010,06/01/2010,13.41,
168613,365,Fine particles (PM 2.5),Mean,mcg/m3,CD,401,Long Island City and Astoria (CD1),Winter 2011-12,12/01/2011,9.39,
168495,365,Fine particles (PM 2.5),Mean,mcg/m3,CD,401,Long Island City and Astoria (CD1),Winter 2009-10,12/01/2009,9.32,
214150,365,Fine particles (PM 2.5),Mean,mcg/m3,CD,401,Long Island City and Astoria (CD1),Annual Average 2014,12/01/2013,9.2,
547725,365,Fine particles (PM 2.5),Mean,mcg/m3,CD,401,Long Island City and Astoria (CD1),Summer 2017,06/01/2017,9.52,
547727,365,Fine particles (PM 2.5),Mean,mcg/m3,CD,401,Long Island City and Astoria (CD1),Winter 2016-17,12/01/2016,8.19,
549835,375,Nitrogen dioxide (NO2),Mean,ppb,UHF42,308,Greenwich Village - SoHo,Summer 2017,06/01/2017,22.35,
740967,375,Nitrogen dioxide (NO2),Mean,ppb,UHF42,307,Gramercy Park - Murray Hill,Annual Average 2021,01/01/2021,23.54,
175903,375,Nitrogen dioxide (NO2),Mean,ppb,UHF42,307,Gramercy Park - Murray Hill,Summer 2009,06/01/2009,40.99,
549836,375,Nitrogen dioxide (NO2),Mean,ppb,UHF42,308,Greenwich Village - SoHo,Annual Average 2017,01/01/2017,25.62,
175346,375,Nitrogen dioxide (NO2),Mean,ppb,UHF42,207,East Flatbush - Flatbush,Winter 2010-11,12/01/2010,30.47,
176690,375,Nitrogen dioxide (NO2),Mean,ppb,UHF42,207,East Flatbush - Flatbush,Annual Average 2013,12/01/2012,20.57,
325192,645,Annual vehicle miles travelled (trucks),million miles,per km2,CD,503,Tottenville and Great Kills (CD3),2016,01/01/2016,0.2,
154487,645,Annual vehicle miles travelled (trucks),million miles,per km2,CD,404,Elmhurst and Corona (CD4),2005,01/01/2005,2.3,
325179,645,Annual vehicle miles travelled (trucks),million miles,per km2,CD,404,Elmhurst and Corona (CD4),2016,01/01/2016,2.1,
151647,643,Annual vehicle miles traveled,million miles,per km2,UHF42,307,Gramercy Park - Murray Hill,2005,01/01/2005,78.6,
325222,643,Annual vehicle miles traveled,million miles,per km2,UHF42,307,Gramercy Park - Murray Hill,2016,01/01/2016,68.6,
151636,643,Annual vehicle miles traveled,million miles,per km2,UHF42,207,East Flatbush - Flatbush,2005,01/01/2005,26.3,
151696,644,Annual vehicle miles travelled (cars),million miles,per km2,UHF42,308,Greenwich Village - SoHo,2005,01/01/2005,43.5,
325330,644,Annual vehicle miles travelled (cars),million miles,per km2,UHF42,308,Greenwich Village - SoHo,2016,01/01/2016,47.1,
151677,644,Annual vehicle miles travelled (cars),million miles,per km2,UHF42,107,Hunts Point - Mott Haven,2005,01/01/2005,19.8,
325311,644,Annual vehicle miles travelled (cars),million miles,per km2,UHF42,107,Hunts Point - Mott Haven,2016,01/01/2016,18.6,
325300,644,Annual vehicle miles travelled (cars),million miles,per km2,Borough,1,Bronx,2016,01/01/2016,21.9,
151714,644,Annual vehicle miles travelled (cars),million miles,per km2,Borough,1,Bronx,2005,01/01/2005,23.9,
151684,644,Annual vehicle miles travelled (cars),million miles,per km2,UHF42,207,East Flatbush - Flatbush,2005,01/01/2005,25.3,
151706,644,Annual vehicle miles travelled (cars),million miles,per km2,UHF42,408,Jamaica,2005,01/01/2005,18.6,
151705,644,Annual vehicle miles travelled (cars),million miles,per km2,UHF42,407,Southwest Queens,2005,01/01/2005,20.4,
325318,644,Annual vehicle miles travelled (cars),million miles,per km2,UHF42,207,East Flatbush - Flatbush,2016,01/01/2016,20.2,
325340,644,Annual vehicle miles travelled (cars),million miles,per km2,UHF42,408,Jamaica,2016,01/01/2016,20,
151744,645,Annual vehicle miles travelled (trucks),million miles,per km2,UHF42,308,Greenwich Village - SoHo,2005,01/01/2005,3.8,
325116,645,Annual vehicle miles travelled (trucks),million miles,per km2,UHF42,308,Greenwich Village - SoHo,2016,01/01/2016,5,
151732,645,Annual vehicle miles travelled (trucks),million miles,per km2,UHF42,207,East Flatbush - Flatbush,2005,01/01/2005,0.9,
151725,645,Annual vehicle miles travelled (trucks),million miles,per km2,UHF42,107,Hunts Point - Mott Haven,2005,01/01/2005,1.4,
325097,645,Annual vehicle miles travelled (trucks),million miles,per km2,UHF42,107,Hunts Point - Mott Haven,2016,01/01/2016,1.3,
151733,645,Annual vehicle miles travelled (trucks),million miles,per km2,UHF42,208,Canarsie - Flatlands,2005,01/01/2005,0.4,
151754,645,Annual vehicle miles travelled (trucks),million miles,per km2,UHF42,408,Jamaica,2005,01/01/2005,0.6,
151743,645,Annual vehicle miles travelled (trucks),million miles,per km2,UHF42,307,Gramercy Park - Murray Hill,2005,01/01/2005,4.4,
325104,645,Annual vehicle miles travelled (trucks),million miles,per km2,UHF42,207,East Flatbush - Flatbush,2016,01/01/2016,0.5,
325178,645,Annual vehicle miles travelled (trucks),million miles,per km2,CD,403,Jackson Heights (CD3),2016,01/01/2016,0.9,
"151408,652,Cardiac and respiratory deaths due to Ozone,Estimated annual rate,""per 100,000"",UHF42,308,Greenwich Village - SoHo,2009-2011,01/01/2009,3.4,"
"151396,652,Cardiac and respiratory deaths due to Ozone,Estimated annual rate,""per 100,000"",UHF42,207,East Flatbush - Flatbush,2009-2011,01/01/2009,3.9,"
"151389,652,Cardiac and respiratory deaths due to Ozone,Estimated annual rate,""per 100,000"",UHF42,107,Hunts Point - Mott Haven,2009-2011,01/01/2009,3.1,"
"151418,652,Cardiac and respiratory deaths due to Ozone,Estimated annual rate,""per 100,000"",UHF42,408,Jamaica,2009-2011,01/01/2009,5.2,"
"151407,652,Cardiac and respiratory deaths due to Ozone,Estimated annual rate,""per 100,000"",UHF42,307,Gramercy Park - Murray Hill,2009-2011,01/01/2009,3.6,"
"629163,652,Cardiac and respiratory deaths due to Ozone,Estimated annual rate,""per 100,000"",UHF42,107,Hunts Point - Mott Haven,2015-2017,01/01/2015,3.6,"
"131436,648,Asthma emergency department visits due to PM2.5,Estimated annual rate (under age 18),""per 100,000 children"",UHF42,308,Greenwich Village - SoHo,2009-2011,01/01/2009,24.5,"
"130822,648,Asthma emergency department visits due to PM2.5,Estimated annual rate (under age 18),""per 100,000 children"",UHF42,408,Jamaica,2005-2007,01/01/2005,113.6,"
"518912,648,Asthma emergency department visits due to PM2.5,Estimated annual rate (under age 18),""per 100,000 children"",UHF42,307,Gramercy Park - Murray Hill,2012-2014,01/02/2012,57.64,"
"518913,648,Asthma emergency department visits due to PM2.5,Estimated annual rate (under age 18),""per 100,000 children"",UHF42,308,Greenwich Village - SoHo,2012-2014,01/02/2012,18.09,"
"518901,648,Asthma emergency department visits due to PM2.5,Estimated annual rate (under age 18),""per 100,000 children"",UHF42,207,East Flatbush - Flatbush,2012-2014,01/02/2012,102.37,"
"518595,655,Asthma hospitalizations due to Ozone,Estimated annual rate (under age 18),""per 100,000 children"",Borough,1,Bronx,2012-2014,01/02/2012,45,"
177782,365,Fine particles (PM 2.5),Mean,mcg/m3,UHF42,207,East Flatbush - Flatbush,Summer 2009,06/01/2009,10.81,
177236,365,Fine particles (PM 2.5),Mean,mcg/m3,UHF42,207,East Flatbush - Flatbush,Winter 2010-11,12/01/2010,12.62,
547472,365,Fine particles (PM 2.5),Mean,mcg/m3,UHF42,407,Southwest Queens,Winter 2016-17,12/01/2016,7.69,
605739,365,Fine particles (PM 2.5),Mean,mcg/m3,UHF42,308,Greenwich Village - SoHo,Summer 2018,06/01/2018,9.91,
669761,365,Fine particles (PM 2.5),Mean,mcg/m3,UHF42,308,Greenwich Village - SoHo,Summer 2020,06/01/2020,8.45,
177836,365,Fine particles (PM 2.5),Mean,mcg/m3,UHF42,308,Greenwich Village - SoHo,Summer 2010,06/01/2010,13.66,
177878,365,Fine particles (PM 2.5),Mean,mcg/m3,UHF42,308,Greenwich Village - SoHo,Summer 2011,06/01/2011,13.12,
177206,365,Fine particles (PM 2.5),Mean,mcg/m3,UHF42,308,Greenwich Village - SoHo,Winter 2009-10,12/01/2009,11.42,
177290,365,Fine particles (PM 2.5),Mean,mcg/m3,UHF42,308,Greenwich Village - SoHo,Winter 2011-12,12/01/2011,11.16,
212945,365,Fine particles (PM 2.5),Mean,mcg/m3,UHF42,308,Greenwich Village - SoHo,Annual Average 2014,12/01/2013,11.17,
547445,365,Fine particles (PM 2.5),Mean,mcg/m3,UHF42,308,Greenwich Village - SoHo,Winter 2016-17,12/01/2016,9.12,
547442,365,Fine particles (PM 2.5),Mean,mcg/m3,UHF42,307,Gramercy Park - Murray Hill,Winter 2016-17,12/01/2016,10.47,
669764,365,Fine particles (PM 2.5),Mean,mcg/m3,UHF42,307,Gramercy Park - Murray Hill,Summer 2020,06/01/2020,8.4,
177205,365,Fine particles (PM 2.5),Mean,mcg/m3,UHF42,307,Gramercy Park - Murray Hill,Winter 2009-10,12/01/2009,14.3,
177289,365,Fine particles (PM 2.5),Mean,mcg/m3,UHF42,307,Gramercy Park - Murray Hill,Winter 2011-12,12/01/2011,13.13,
212944,365,Fine particles (PM 2.5),Mean,mcg/m3,UHF42,307,Gramercy Park - Murray Hill,Annual Average 2014,12/01/2013,13.23,
742206,365,Fine particles (PM 2.5),Mean,mcg/m3,UHF42,208,Canarsie - Flatlands,Annual Average 2021,01/01/2021,6.27,
333993,365,Fine particles (PM 2.5),Mean,mcg/m3,UHF42,207,East Flatbush - Flatbush,Winter 2014-15,12/01/2014,8.84,
547408,365,Fine particles (PM 2.5),Mean,mcg/m3,UHF42,207,East Flatbush - Flatbush,Annual Average 2017,01/01/2017,7.36,
742203,365,Fine particles (PM 2.5),Mean,mcg/m3,UHF42,207,East Flatbush - Flatbush,Annual Average 2021,01/01/2021,6.44,
649740,365,Fine particles (PM 2.5),Mean,mcg/m3,UHF42,308,Greenwich Village - SoHo,Winter 2018-19,12/01/2018,11.04,
178508,365,Fine particles (PM 2.5),Mean,mcg/m3,UHF42,308,Greenwich Village - SoHo,Annual Average 2011,12/01/2010,12.04,
212819,365,Fine particles (PM 2.5),Mean,mcg/m3,UHF42,308,Greenwich Village - SoHo,Summer 2014,06/01/2014,10.79,
649737,365,Fine particles (PM 2.5),Mean,mcg/m3,UHF42,307,Gramercy Park - Murray Hill,Winter 2018-19,12/01/2018,11.66,
178423,365,Fine particles (PM 2.5),Mean,mcg/m3,UHF42,307,Gramercy Park - Murray Hill,Annual Average 2009,12/01/2008,15.03,
178507,365,Fine particles (PM 2.5),Mean,mcg/m3,UHF42,307,Gramercy Park - Murray Hill,Annual Average 2011,12/01/2010,13.93,
212818,365,Fine particles (PM 2.5),Mean,mcg/m3,UHF42,307,Gramercy Park - Murray Hill,Summer 2014,06/01/2014,12.38,
178496,365,Fine particles (PM 2.5),Mean,mcg/m3,UHF42,207,East Flatbush - Flatbush,Annual Average 2011,12/01/2010,10.15,
410811,365,Fine particles (PM 2.5),Mean,mcg/m3,UHF42,308,Greenwich Village - SoHo,Summer 2016,06/01/2016,9.84,
177835,365,Fine particles (PM 2.5),Mean,mcg/m3,UHF42,307,Gramercy Park - Murray Hill,Summer 2010,06/01/2010,15.38,
177877,365,Fine particles (PM 2.5),Mean,mcg/m3,UHF42,307,Gramercy Park - Murray Hill,Summer 2011,06/01/2011,14.82,
177866,365,Fine particles (PM 2.5),Mean,mcg/m3,UHF42,207,East Flatbush - Flatbush,Summer 2011,06/01/2011,11.42,
177824,365,Fine particles (PM 2.5),Mean,mcg/m3,UHF42,207,East Flatbush - Flatbush,Summer 2010,06/01/2010,11.81,
410775,365,Fine particles (PM 2.5),Mean,mcg/m3,UHF42,207,East Flatbush - Flatbush,Summer 2016,06/01/2016,8.12,
410774,365,Fine particles (PM 2.5),Mean,mcg/m3,UHF42,207,East Flatbush - Flatbush,Winter 2015-16,12/01/2015,8.37,
742201,365,Fine particles (PM 2.5),Mean,mcg/m3,UHF42,207,East Flatbush - Flatbush,Winter 2020-21,12/01/2020,6.65,
130422,640,Boiler Emissions- Total SO2 Emissions,Number per km2,number,UHF42,308,Greenwich Village - SoHo,2013,01/01/2013,32.9,
130421,640,Boiler Emissions- Total SO2 Emissions,Number per km2,number,UHF42,307,Gramercy Park - Murray Hill,2013,01/01/2013,78.8,
130411,640,Boiler Emissions- Total SO2 Emissions,Number per km2,number,UHF42,208,Canarsie - Flatlands,2013,01/01/2013,0,
130459,641,Boiler Emissions- Total PM2.5 Emissions,Number per km2,number,UHF42,208,Canarsie - Flatlands,2013,01/01/2013,0,
412503,375,Nitrogen dioxide (NO2),Mean,ppb,UHF42,308,Greenwich Village - SoHo,Summer 2016,06/01/2016,22.17,
175956,375,Nitrogen dioxide (NO2),Mean,ppb,UHF42,408,Jamaica,Summer 2010,06/01/2010,17.87,
412532,375,Nitrogen dioxide (NO2),Mean,ppb,UHF42,408,Jamaica,Winter 2015-16,12/01/2015,22.45,
740998,375,Nitrogen dioxide (NO2),Mean,ppb,UHF42,408,Jamaica,Winter 2020-21,12/01/2020,20.88,
176544,375,Nitrogen dioxide (NO2),Mean,ppb,UHF42,408,Jamaica,Annual Average 2009,12/01/2008,22.29,
212451,375,Nitrogen dioxide (NO2),Mean,ppb,UHF42,408,Jamaica,Summer 2014,06/01/2014,13.5,
336595,375,Nitrogen dioxide (NO2),Mean,ppb,UHF42,408,Jamaica,Annual Average 2015,01/01/2015,18.42,
606021,365,Fine particles (PM 2.5),Mean,mcg/m3,CD,401,Long Island City and Astoria (CD1),Summer 2018,06/01/2018,8.71,
168596,365,Fine particles (PM 2.5),Mean,mcg/m3,CD,302,Fort Greene and Brooklyn Heights (CD2),Winter 2011-12,12/01/2011,10.38,
547676,365,Fine particles (PM 2.5),Mean,mcg/m3,CD,302,Fort Greene and Brooklyn Heights (CD2),Winter 2016-17,12/01/2016,8.45,
547674,365,Fine particles (PM 2.5),Mean,mcg/m3,CD,302,Fort Greene and Brooklyn Heights (CD2),Summer 2017,06/01/2017,10.04,
605970,365,Fine particles (PM 2.5),Mean,mcg/m3,CD,302,Fort Greene and Brooklyn Heights (CD2),Summer 2018,06/01/2018,8.82,
669885,365,Fine particles (PM 2.5),Mean,mcg/m3,CD,302,Fort Greene and Brooklyn Heights (CD2),Summer 2020,06/01/2020,7.32,
168477,365,Fine particles (PM 2.5),Mean,mcg/m3,CD,301,Greenpoint and Williamsburg (CD1),Winter 2009-10,12/01/2009,10.44,
168595,365,Fine particles (PM 2.5),Mean,mcg/m3,CD,301,Greenpoint and Williamsburg (CD1),Winter 2011-12,12/01/2011,10.5,
168524,365,Fine particles (PM 2.5),Mean,mcg/m3,CD,201,Mott Haven and Melrose (CD1),Winter 2010-11,12/01/2010,14.72,
169291,365,Fine particles (PM 2.5),Mean,mcg/m3,CD,201,Mott Haven and Melrose (CD1),Summer 2009,06/01/2009,11.68,
170412,365,Fine particles (PM 2.5),Mean,mcg/m3,CD,201,Mott Haven and Melrose (CD1),Annual Average 2013,12/01/2012,9.97,
334221,365,Fine particles (PM 2.5),Mean,mcg/m3,CD,201,Mott Haven and Melrose (CD1),Winter 2014-15,12/01/2014,10.81,
547636,365,Fine particles (PM 2.5),Mean,mcg/m3,CD,201,Mott Haven and Melrose (CD1),Annual Average 2017,01/01/2017,8.54,
179849,641,Boiler Emissions- Total PM2.5 Emissions,Number per km2,number,UHF42,310,Lower Manhattan,2015,01/01/2015,1.2,
179753,642,Boiler Emissions- Total NOx Emissions,Number per km2,number,UHF42,310,Lower Manhattan,2015,01/01/2015,114.9,
179840,641,Boiler Emissions- Total PM2.5 Emissions,Number per km2,number,UHF42,206,Borough Park,2015,01/01/2015,0.2,
179744,642,Boiler Emissions- Total NOx Emissions,Number per km2,number,UHF42,206,Borough Park,2015,01/01/2015,34.4,
179750,642,Boiler Emissions- Total NOx Emissions,Number per km2,number,UHF42,106,High Bridge - Morrisania,2015,01/01/2015,72.2,
336600,375,Nitrogen dioxide (NO2),Mean,ppb,UHF42,409,Southeast Queens,Winter 2014-15,12/01/2014,22.67,
165882,375,Nitrogen dioxide (NO2),Mean,ppb,CD,302,Fort Greene and Brooklyn Heights (CD2),Winter 2010-11,12/01/2010,33.53,
166649,375,Nitrogen dioxide (NO2),Mean,ppb,CD,302,Fort Greene and Brooklyn Heights (CD2),Summer 2009,06/01/2009,25.95,
167770,375,Nitrogen dioxide (NO2),Mean,ppb,CD,302,Fort Greene and Brooklyn Heights (CD2),Annual Average 2013,12/01/2012,24.17,
165881,375,Nitrogen dioxide (NO2),Mean,ppb,CD,301,Greenpoint and Williamsburg (CD1),Winter 2010-11,12/01/2010,32.33,
166648,375,Nitrogen dioxide (NO2),Mean,ppb,CD,301,Greenpoint and Williamsburg (CD1),Summer 2009,06/01/2009,22.74,
167769,375,Nitrogen dioxide (NO2),Mean,ppb,CD,301,Greenpoint and Williamsburg (CD1),Annual Average 2013,12/01/2012,22.88,
336795,375,Nitrogen dioxide (NO2),Mean,ppb,CD,301,Greenpoint and Williamsburg (CD1),Winter 2014-15,12/01/2014,26.81,
741198,375,Nitrogen dioxide (NO2),Mean,ppb,CD,301,Greenpoint and Williamsburg (CD1),Annual Average 2021,01/01/2021,20.75,
549869,375,Nitrogen dioxide (NO2),Mean,ppb,UHF42,409,Southeast Queens,Annual Average 2017,01/01/2017,16.44,
222475,386,Ozone (O3),Mean,ppb,UHF42,206,Borough Park,Summer 2011,06/01/2011,32.7,
412009,386,Ozone (O3),Mean,ppb,UHF42,209,Bensonhurst - Bay Ridge,Summer 2016,06/01/2016,34.25,
"518795,650,Respiratory hospitalizations due to PM2.5 (age 20+),Estimated annual rate,""per 100,000 adults"",UHF42,104,Pelham - Throgs Neck,2012-2014,01/02/2012,13.87,"
"131528,650,Respiratory hospitalizations due to PM2.5 (age 20+),Estimated annual rate,""per 100,000 adults"",UHF42,304,Upper West Side,2009-2011,01/01/2009,11.6,"
"131548,650,Respiratory hospitalizations due to PM2.5 (age 20+),Estimated annual rate,""per 100,000 adults"",UHF42,504,South Beach - Tottenville,2009-2011,01/01/2009,11.7,"
"628532,650,Respiratory hospitalizations due to PM2.5 (age 20+),Estimated annual rate,""per 100,000 adults"",Borough,5,Staten Island,2015-2017,01/01/2015,15,"
547744,365,Fine particles (PM 2.5),Mean,mcg/m3,CD,407,Flushing and Whitestone (CD7),Annual Average 2017,01/01/2017,7.3,
170448,365,Fine particles (PM 2.5),Mean,mcg/m3,CD,407,Flushing and Whitestone (CD7),Annual Average 2013,12/01/2012,8.43,
177296,365,Fine particles (PM 2.5),Mean,mcg/m3,UHF42,404,Bayside - Little Neck,Winter 2011-12,12/01/2011,8.92,
177286,365,Fine particles (PM 2.5),Mean,mcg/m3,UHF42,304,Upper West Side,Winter 2011-12,12/01/2011,10.84,
212941,365,Fine particles (PM 2.5),Mean,mcg/m3,UHF42,304,Upper West Side,Annual Average 2014,12/01/2013,10.42,
547431,365,Fine particles (PM 2.5),Mean,mcg/m3,UHF42,304,Upper West Side,Summer 2017,06/01/2017,10.13,
177222,365,Fine particles (PM 2.5),Mean,mcg/m3,UHF42,504,South Beach - Tottenville,Winter 2009-10,12/01/2009,9,
212961,365,Fine particles (PM 2.5),Mean,mcg/m3,UHF42,504,South Beach - Tottenville,Annual Average 2014,12/01/2013,8.2,
170182,365,Fine particles (PM 2.5),Mean,mcg/m3,CD,207,Kingsbridge Heights and Bedford (CD7),Annual Average 2009,12/01/2008,11.47,
170300,365,Fine particles (PM 2.5),Mean,mcg/m3,CD,207,Kingsbridge Heights and Bedford (CD7),Annual Average 2011,12/01/2010,11.08,
649950,365,Fine particles (PM 2.5),Mean,mcg/m3,CD,207,Kingsbridge Heights and Bedford (CD7),Winter 2018-19,12/01/2018,7.31,
333963,365,Fine particles (PM 2.5),Mean,mcg/m3,UHF42,104,Pelham - Throgs Neck,Winter 2014-15,12/01/2014,9.87,
179572,365,Fine particles (PM 2.5),Mean,mcg/m3,Borough,5,Staten Island,Summer 2009,06/01/2009,10.5,
333951,365,Fine particles (PM 2.5),Mean,mcg/m3,Borough,5,Staten Island,Winter 2014-15,12/01/2014,8.39,
547366,365,Fine particles (PM 2.5),Mean,mcg/m3,Borough,5,Staten Island,Annual Average 2017,01/01/2017,6.81,
334005,365,Fine particles (PM 2.5),Mean,mcg/m3,UHF42,211,Williamsburg - Bushwick,Winter 2014-15,12/01/2014,9.96,
742215,365,Fine particles (PM 2.5),Mean,mcg/m3,UHF42,211,Williamsburg - Bushwick,Annual Average 2021,01/01/2021,7.25,
334047,365,Fine particles (PM 2.5),Mean,mcg/m3,UHF42,404,Bayside - Little Neck,Winter 2014-15,12/01/2014,8.81,
410984,365,Fine particles (PM 2.5),Mean,mcg/m3,CD,107,Upper West Side (CD7),Winter 2015-16,12/01/2015,8.85,
410985,365,Fine particles (PM 2.5),Mean,mcg/m3,CD,107,Upper West Side (CD7),Summer 2016,06/01/2016,9.12,
742411,365,Fine particles (PM 2.5),Mean,mcg/m3,CD,107,Upper West Side (CD7),Winter 2020-21,12/01/2020,6.84,
170455,365,Fine particles (PM 2.5),Mean,mcg/m3,CD,414,Rockaway and Broad Channel (CD14),Annual Average 2013,12/01/2012,7.61,
334350,365,Fine particles (PM 2.5),Mean,mcg/m3,CD,414,Rockaway and Broad Channel (CD14),Winter 2014-15,12/01/2014,7.39,
547765,365,Fine particles (PM 2.5),Mean,mcg/m3,CD,414,Rockaway and Broad Channel (CD14),Annual Average 2017,01/01/2017,6.32,
742560,365,Fine particles (PM 2.5),Mean,mcg/m3,CD,414,Rockaway and Broad Channel (CD14),Annual Average 2021,01/01/2021,5.92,
669919,365,Fine particles (PM 2.5),Mean,mcg/m3,CD,314,Flatbush and Midwood (CD14),Annual Average 2020,01/01/2020,5.92,
649986,365,Fine particles (PM 2.5),Mean,mcg/m3,CD,307,Sunset Park (CD7),Winter 2018-19,12/01/2018,8.02,
175989,375,Nitrogen dioxide (NO2),Mean,ppb,UHF42,309,Union Square - Lower East Side,Summer 2011,06/01/2011,27.2,
740971,375,Nitrogen dioxide (NO2),Mean,ppb,UHF42,309,Union Square - Lower East Side,Winter 2020-21,12/01/2020,24.08,
412535,375,Nitrogen dioxide (NO2),Mean,ppb,UHF42,409,Southeast Queens,Winter 2015-16,12/01/2015,21.05,
175958,375,Nitrogen dioxide (NO2),Mean,ppb,UHF42,410,Rockaways,Summer 2010,06/01/2010,10.1,
176000,375,Nitrogen dioxide (NO2),Mean,ppb,UHF42,410,Rockaways,Summer 2011,06/01/2011,9.94,
741001,375,Nitrogen dioxide (NO2),Mean,ppb,UHF42,409,Southeast Queens,Winter 2020-21,12/01/2020,19.78,
166785,375,Nitrogen dioxide (NO2),Mean,ppb,CD,402,Woodside and Sunnyside (CD2),Summer 2011,06/01/2011,20.5,
166726,375,Nitrogen dioxide (NO2),Mean,ppb,CD,402,Woodside and Sunnyside (CD2),Summer 2010,06/01/2010,20.49,
412539,375,Nitrogen dioxide (NO2),Mean,ppb,UHF42,410,Rockaways,Summer 2016,06/01/2016,6.22,
336573,375,Nitrogen dioxide (NO2),Mean,ppb,UHF42,310,Lower Manhattan,Winter 2014-15,12/01/2014,30.29,
549842,375,Nitrogen dioxide (NO2),Mean,ppb,UHF42,310,Lower Manhattan,Annual Average 2017,01/01/2017,25.82,
740976,375,Nitrogen dioxide (NO2),Mean,ppb,UHF42,310,Lower Manhattan,Annual Average 2021,01/01/2021,21.49,
175905,375,Nitrogen dioxide (NO2),Mean,ppb,UHF42,309,Union Square - Lower East Side,Summer 2009,06/01/2009,29.28,
176703,375,Nitrogen dioxide (NO2),Mean,ppb,UHF42,309,Union Square - Lower East Side,Annual Average 2013,12/01/2012,27.39,
175359,375,Nitrogen dioxide (NO2),Mean,ppb,UHF42,309,Union Square - Lower East Side,Winter 2010-11,12/01/2010,35.45,
175906,375,Nitrogen dioxide (NO2),Mean,ppb,UHF42,310,Lower Manhattan,Summer 2009,06/01/2009,34.41,
176704,375,Nitrogen dioxide (NO2),Mean,ppb,UHF42,310,Lower Manhattan,Annual Average 2013,12/01/2012,30.26,
740973,375,Nitrogen dioxide (NO2),Mean,ppb,UHF42,309,Union Square - Lower East Side,Annual Average 2021,01/01/2021,19.55,
741295,375,Nitrogen dioxide (NO2),Mean,ppb,CD,502,South Beach and Willowbrook (CD2),Winter 2020-21,12/01/2020,18.82,
741250,375,Nitrogen dioxide (NO2),Mean,ppb,CD,401,Long Island City and Astoria (CD1),Winter 2020-21,12/01/2020,21.64,
167670,375,Nitrogen dioxide (NO2),Mean,ppb,CD,402,Woodside and Sunnyside (CD2),Annual Average 2011,12/01/2010,25.08,
167552,375,Nitrogen dioxide (NO2),Mean,ppb,CD,402,Woodside and Sunnyside (CD2),Annual Average 2009,12/01/2008,25.93,
213443,375,Nitrogen dioxide (NO2),Mean,ppb,CD,402,Woodside and Sunnyside (CD2),Summer 2014,06/01/2014,16.7,
154602,643,Annual vehicle miles traveled,million miles,per km2,CD,401,Long Island City and Astoria (CD1),2005,01/01/2005,16,
325283,643,Annual vehicle miles traveled,million miles,per km2,CD,401,Long Island City and Astoria (CD1),2016,01/01/2016,17.8,
325266,643,Annual vehicle miles traveled,million miles,per km2,CD,302,Fort Greene and Brooklyn Heights (CD2),2016,01/01/2016,47.6,
154585,643,Annual vehicle miles traveled,million miles,per km2,CD,302,Fort Greene and Brooklyn Heights (CD2),2005,01/01/2005,51.6,
154584,643,Annual vehicle miles traveled,million miles,per km2,CD,301,Greenpoint and Williamsburg (CD1),2005,01/01/2005,28.7,
325234,643,Annual vehicle miles traveled,million miles,per km2,UHF42,409,Southeast Queens,2016,01/01/2016,28.2,
325225,643,Annual vehicle miles traveled,million miles,per km2,UHF42,310,Lower Manhattan,2016,01/01/2016,36.3,
151649,643,Annual vehicle miles traveled,million miles,per km2,UHF42,309,Union Square - Lower East Side,2005,01/01/2005,52.9,
325224,643,Annual vehicle miles traveled,million miles,per km2,UHF42,309,Union Square - Lower East Side,2016,01/01/2016,45.8,
325372,644,Annual vehicle miles travelled (cars),million miles,per km2,CD,301,Greenpoint and Williamsburg (CD1),2016,01/01/2016,23.9,
154513,644,Annual vehicle miles travelled (cars),million miles,per km2,CD,201,Mott Haven and Melrose (CD1),2005,01/01/2005,32.3,
154502,644,Annual vehicle miles travelled (cars),million miles,per km2,CD,102,Greenwich Village and Soho (CD2),2005,01/01/2005,41.7,
154501,644,Annual vehicle miles travelled (cars),million miles,per km2,CD,101,Financial District (CD1),2005,01/01/2005,38.8,
325348,644,Annual vehicle miles travelled (cars),million miles,per km2,CD,101,Financial District (CD1),2016,01/01/2016,34.5,
154544,644,Annual vehicle miles travelled (cars),million miles,per km2,CD,402,Woodside and Sunnyside (CD2),2005,01/01/2005,36.9,
154543,644,Annual vehicle miles travelled (cars),million miles,per km2,CD,401,Long Island City and Astoria (CD1),2005,01/01/2005,15.2,
325390,644,Annual vehicle miles travelled (cars),million miles,per km2,CD,401,Long Island City and Astoria (CD1),2016,01/01/2016,16.7,
325373,644,Annual vehicle miles travelled (cars),million miles,per km2,CD,302,Fort Greene and Brooklyn Heights (CD2),2016,01/01/2016,42.5,
154525,644,Annual vehicle miles travelled (cars),million miles,per km2,CD,301,Greenpoint and Williamsburg (CD1),2005,01/01/2005,26.9,
325158,645,Annual vehicle miles travelled (trucks),million miles,per km2,CD,301,Greenpoint and Williamsburg (CD1),2016,01/01/2016,3.1,
175453,375,Nitrogen dioxide (NO2),Mean,ppb,UHF42,409,Southeast Queens,Winter 2012-13,12/01/2012,20.46,
176587,375,Nitrogen dioxide (NO2),Mean,ppb,UHF42,409,Southeast Queens,Annual Average 2010,12/01/2009,19.1,
175454,375,Nitrogen dioxide (NO2),Mean,ppb,UHF42,410,Rockaways,Winter 2012-13,12/01/2012,18.88,
176588,375,Nitrogen dioxide (NO2),Mean,ppb,UHF42,410,Rockaways,Annual Average 2010,12/01/2009,14.07,
643364,375,Nitrogen dioxide (NO2),Mean,ppb,UHF42,209,Bensonhurst - Bay Ridge,Summer 2019,06/01/2019,13,
412788,375,Nitrogen dioxide (NO2),Mean,ppb,CD,402,Woodside and Sunnyside (CD2),Summer 2016,06/01/2016,15.8,
412787,375,Nitrogen dioxide (NO2),Mean,ppb,CD,402,Woodside and Sunnyside (CD2),Winter 2015-16,12/01/2015,25.18,
741253,375,Nitrogen dioxide (NO2),Mean,ppb,CD,402,Woodside and Sunnyside (CD2),Winter 2020-21,12/01/2020,24.1,
166784,375,Nitrogen dioxide (NO2),Mean,ppb,CD,401,Long Island City and Astoria (CD1),Summer 2011,06/01/2011,19.63,
166725,375,Nitrogen dioxide (NO2),Mean,ppb,CD,401,Long Island City and Astoria (CD1),Summer 2010,06/01/2010,20.01,
412785,375,Nitrogen dioxide (NO2),Mean,ppb,CD,401,Long Island City and Astoria (CD1),Summer 2016,06/01/2016,15.23,
412734,375,Nitrogen dioxide (NO2),Mean,ppb,CD,302,Fort Greene and Brooklyn Heights (CD2),Summer 2016,06/01/2016,17.83,
412733,375,Nitrogen dioxide (NO2),Mean,ppb,CD,302,Fort Greene and Brooklyn Heights (CD2),Winter 2015-16,12/01/2015,26.13,
643677,375,Nitrogen dioxide (NO2),Mean,ppb,CD,401,Long Island City and Astoria (CD1),Winter 2018-19,12/01/2018,23.99,
336850,375,Nitrogen dioxide (NO2),Mean,ppb,CD,402,Woodside and Sunnyside (CD2),Annual Average 2015,01/01/2015,21.21,
643680,375,Nitrogen dioxide (NO2),Mean,ppb,CD,402,Woodside and Sunnyside (CD2),Winter 2018-19,12/01/2018,26.2,
667777,375,Nitrogen dioxide (NO2),Mean,ppb,CD,402,Woodside and Sunnyside (CD2),Annual Average 2020,01/01/2020,19.22,
167551,375,Nitrogen dioxide (NO2),Mean,ppb,CD,401,Long Island City and Astoria (CD1),Annual Average 2009,12/01/2008,25.44,
167669,375,Nitrogen dioxide (NO2),Mean,ppb,CD,401,Long Island City and Astoria (CD1),Annual Average 2011,12/01/2010,24.36,
213442,375,Nitrogen dioxide (NO2),Mean,ppb,CD,401,Long Island City and Astoria (CD1),Summer 2014,06/01/2014,16.08,
336847,375,Nitrogen dioxide (NO2),Mean,ppb,CD,401,Long Island City and Astoria (CD1),Annual Average 2015,01/01/2015,20.65,
216625,386,Ozone (O3),Mean,ppb,CD,502,South Beach and Willowbrook (CD2),Summer 2014,06/01/2014,31.61,
216535,386,Ozone (O3),Mean,ppb,CD,401,Long Island City and Astoria (CD1),Summer 2014,06/01/2014,31.14,
216619,386,Ozone (O3),Mean,ppb,CD,501,St. George and Stapleton (CD1),Summer 2014,06/01/2014,30.32,
216541,386,Ozone (O3),Mean,ppb,CD,402,Woodside and Sunnyside (CD2),Summer 2014,06/01/2014,30.95,
216433,386,Ozone (O3),Mean,ppb,CD,302,Fort Greene and Brooklyn Heights (CD2),Summer 2014,06/01/2014,28.9,
167534,375,Nitrogen dioxide (NO2),Mean,ppb,CD,302,Fort Greene and Brooklyn Heights (CD2),Annual Average 2009,12/01/2008,29.25,
213425,375,Nitrogen dioxide (NO2),Mean,ppb,CD,302,Fort Greene and Brooklyn Heights (CD2),Summer 2014,06/01/2014,18.58,
167652,375,Nitrogen dioxide (NO2),Mean,ppb,CD,302,Fort Greene and Brooklyn Heights (CD2),Annual Average 2011,12/01/2010,27.36,
222624,386,Ozone (O3),Mean,ppb,UHF42,410,Rockaways,Summer 2010,06/01/2010,38.98,
222625,386,Ozone (O3),Mean,ppb,UHF42,410,Rockaways,Summer 2011,06/01/2011,39.03,
412031,386,Ozone (O3),Mean,ppb,UHF42,410,Rockaways,Summer 2016,06/01/2016,38.18,
219978,386,Ozone (O3),Mean,ppb,Borough,3,Manhattan,Summer 2010,06/01/2010,28.21,
222559,386,Ozone (O3),Mean,ppb,UHF42,309,Union Square - Lower East Side,Summer 2011,06/01/2011,26.94,
222558,386,Ozone (O3),Mean,ppb,UHF42,309,Union Square - Lower East Side,Summer 2010,06/01/2010,28.38,
412020,386,Ozone (O3),Mean,ppb,UHF42,309,Union Square - Lower East Side,Summer 2016,06/01/2016,30.14,
412030,386,Ozone (O3),Mean,ppb,UHF42,409,Southeast Queens,Summer 2016,06/01/2016,34.3,
222498,386,Ozone (O3),Mean,ppb,UHF42,210,Coney Island - Sheepshead Bay,Summer 2010,06/01/2010,36.52,
222499,386,Ozone (O3),Mean,ppb,UHF42,210,Coney Island - Sheepshead Bay,Summer 2011,06/01/2011,36.56,
412010,386,Ozone (O3),Mean,ppb,UHF42,210,Coney Island - Sheepshead Bay,Summer 2016,06/01/2016,35.62,
412538,375,Nitrogen dioxide (NO2),Mean,ppb,UHF42,410,Rockaways,Winter 2015-16,12/01/2015,18,
175957,375,Nitrogen dioxide (NO2),Mean,ppb,UHF42,409,Southeast Queens,Summer 2010,06/01/2010,16.15,
741004,375,Nitrogen dioxide (NO2),Mean,ppb,UHF42,410,Rockaways,Winter 2020-21,12/01/2020,19.05,
412505,375,Nitrogen dioxide (NO2),Mean,ppb,UHF42,309,Union Square - Lower East Side,Winter 2015-16,12/01/2015,27.88,
176020,375,Nitrogen dioxide (NO2),Mean,ppb,UHF42,209,Bensonhurst - Bay Ridge,Summer 2012,06/01/2012,14.96,
176062,375,Nitrogen dioxide (NO2),Mean,ppb,UHF42,209,Bensonhurst - Bay Ridge,Summer 2013,06/01/2013,13.99,
412474,375,Nitrogen dioxide (NO2),Mean,ppb,UHF42,209,Bensonhurst - Bay Ridge,Annual Average 2016,12/31/2015,17.78,
412477,375,Nitrogen dioxide (NO2),Mean,ppb,UHF42,210,Coney Island - Sheepshead Bay,Annual Average 2016,12/31/2015,15.62,
602750,375,Nitrogen dioxide (NO2),Mean,ppb,UHF42,210,Coney Island - Sheepshead Bay,Annual Average 2018,01/01/2018,14.35,
740930,375,Nitrogen dioxide (NO2),Mean,ppb,UHF42,206,Borough Park,Summer 2021,06/01/2021,11.37,
175411,375,Nitrogen dioxide (NO2),Mean,ppb,UHF42,409,Southeast Queens,Winter 2011-12,12/01/2011,20.53,
175327,375,Nitrogen dioxide (NO2),Mean,ppb,UHF42,409,Southeast Queens,Winter 2009-10,12/01/2009,23.39,
549871,375,Nitrogen dioxide (NO2),Mean,ppb,UHF42,410,Rockaways,Summer 2017,06/01/2017,7.81,
"130827,648,Asthma emergency department visits due to PM2.5,Estimated annual rate (under age 18),""per 100,000 children"",UHF42,503,Willowbrook,2005-2007,01/01/2005,30.2,"
"518908,648,Asthma emergency department visits due to PM2.5,Estimated annual rate (under age 18),""per 100,000 children"",UHF42,303,East Harlem,2012-2014,01/02/2012,241.33,"
"628457,648,Asthma emergency department visits due to PM2.5,Estimated annual rate (under age 18),""per 100,000 children"",UHF42,303,East Harlem,2015-2017,01/01/2015,215.5,"
"628459,648,Asthma emergency department visits due to PM2.5,Estimated annual rate (under age 18),""per 100,000 children"",UHF42,305,Upper East Side,2015-2017,01/01/2015,18.6,"
130437,640,Boiler Emissions- Total SO2 Emissions,Number per km2,number,UHF42,503,Willowbrook,2013,01/01/2013,0,
649983,365,Fine particles (PM 2.5),Mean,mcg/m3,CD,306,Park Slope and Carroll Gardens (CD6),Winter 2018-19,12/01/2018,8.38,
669895,365,Fine particles (PM 2.5),Mean,mcg/m3,CD,306,Park Slope and Carroll Gardens (CD6),Annual Average 2020,01/01/2020,6.74,
649754,365,Fine particles (PM 2.5),Mean,mcg/m3,UHF42,403,Flushing - Clearview,Summer 2019,06/01/2019,7.76,
334049,365,Fine particles (PM 2.5),Mean,mcg/m3,UHF42,405,Ridgewood - Forest Hills,Summer 2015,06/01/2015,9.33,
334043,365,Fine particles (PM 2.5),Mean,mcg/m3,UHF42,403,Flushing - Clearview,Summer 2015,06/01/2015,9.32,
742480,365,Fine particles (PM 2.5),Mean,mcg/m3,CD,306,Park Slope and Carroll Gardens (CD6),Winter 2020-21,12/01/2020,7.27,
169414,365,Fine particles (PM 2.5),Mean,mcg/m3,CD,206,Belmont and East Tremont (CD6),Summer 2011,06/01/2011,11.9,
547460,365,Fine particles (PM 2.5),Mean,mcg/m3,UHF42,403,Flushing - Clearview,Winter 2016-17,12/01/2016,8.01,
547458,365,Fine particles (PM 2.5),Mean,mcg/m3,UHF42,403,Flushing - Clearview,Summer 2017,06/01/2017,8.88,
742444,365,Fine particles (PM 2.5),Mean,mcg/m3,CD,206,Belmont and East Tremont (CD6),Winter 2020-21,12/01/2020,6.74,
742258,365,Fine particles (PM 2.5),Mean,mcg/m3,UHF42,405,Ridgewood - Forest Hills,Winter 2020-21,12/01/2020,6.72,
178597,365,Fine particles (PM 2.5),Mean,mcg/m3,UHF42,403,Flushing - Clearview,Annual Average 2013,12/01/2012,8.39,
742230,365,Fine particles (PM 2.5),Mean,mcg/m3,UHF42,305,Upper East Side,Annual Average 2021,01/01/2021,7.02,
649725,365,Fine particles (PM 2.5),Mean,mcg/m3,UHF42,303,East Harlem,Winter 2018-19,12/01/2018,7.79,
334012,365,Fine particles (PM 2.5),Mean,mcg/m3,UHF42,303,East Harlem,Annual Average 2015,01/01/2015,9.51,
130429,640,Boiler Emissions- Total SO2 Emissions,Number per km2,number,UHF42,405,Ridgewood - Forest Hills,2013,01/01/2013,2.7,
742222,365,Fine particles (PM 2.5),Mean,mcg/m3,UHF42,303,East Harlem,Winter 2020-21,12/01/2020,6.82,
177831,365,Fine particles (PM 2.5),Mean,mcg/m3,UHF42,303,East Harlem,Summer 2010,06/01/2010,12.31,
177873,365,Fine particles (PM 2.5),Mean,mcg/m3,UHF42,303,East Harlem,Summer 2011,06/01/2011,11.81,
410796,365,Fine particles (PM 2.5),Mean,mcg/m3,UHF42,303,East Harlem,Summer 2016,06/01/2016,8.9,
130417,640,Boiler Emissions- Total SO2 Emissions,Number per km2,number,UHF42,303,East Harlem,2013,01/01/2013,11.6,
168470,365,Fine particles (PM 2.5),Mean,mcg/m3,CD,206,Belmont and East Tremont (CD6),Winter 2009-10,12/01/2009,11.81,
168588,365,Fine particles (PM 2.5),Mean,mcg/m3,CD,206,Belmont and East Tremont (CD6),Winter 2011-12,12/01/2011,10.62,
214125,365,Fine particles (PM 2.5),Mean,mcg/m3,CD,206,Belmont and East Tremont (CD6),Annual Average 2014,12/01/2013,9.56,
740983,375,Nitrogen dioxide (NO2),Mean,ppb,UHF42,403,Flushing - Clearview,Winter 2020-21,12/01/2020,20.06,
175953,375,Nitrogen dioxide (NO2),Mean,ppb,UHF42,405,Ridgewood - Forest Hills,Summer 2010,06/01/2010,18.49,
549873,375,Nitrogen dioxide (NO2),Mean,ppb,UHF42,410,Rockaways,Winter 2016-17,12/01/2016,21.06,
602814,375,Nitrogen dioxide (NO2),Mean,ppb,UHF42,410,Rockaways,Summer 2018,06/01/2018,6.73,
667281,375,Nitrogen dioxide (NO2),Mean,ppb,UHF42,410,Rockaways,Summer 2020,06/01/2020,5.96,
212568,375,Nitrogen dioxide (NO2),Mean,ppb,UHF42,309,Union Square - Lower East Side,Annual Average 2014,12/01/2013,26.45,
175318,375,Nitrogen dioxide (NO2),Mean,ppb,UHF42,310,Lower Manhattan,Winter 2009-10,12/01/2009,35.16,
212578,375,Nitrogen dioxide (NO2),Mean,ppb,UHF42,409,Southeast Queens,Annual Average 2014,12/01/2013,17.28,
667275,375,Nitrogen dioxide (NO2),Mean,ppb,UHF42,409,Southeast Queens,Summer 2020,06/01/2020,8.37,
549868,375,Nitrogen dioxide (NO2),Mean,ppb,UHF42,409,Southeast Queens,Summer 2017,06/01/2017,12.59,
176692,375,Nitrogen dioxide (NO2),Mean,ppb,UHF42,209,Bensonhurst - Bay Ridge,Annual Average 2013,12/01/2012,18.58,
336537,375,Nitrogen dioxide (NO2),Mean,ppb,UHF42,209,Bensonhurst - Bay Ridge,Winter 2014-15,12/01/2014,24.9,
336540,375,Nitrogen dioxide (NO2),Mean,ppb,UHF42,210,Coney Island - Sheepshead Bay,Winter 2014-15,12/01/2014,23.96,
549809,375,Nitrogen dioxide (NO2),Mean,ppb,UHF42,210,Coney Island - Sheepshead Bay,Annual Average 2017,01/01/2017,16.08,
740943,375,Nitrogen dioxide (NO2),Mean,ppb,UHF42,210,Coney Island - Sheepshead Bay,Annual Average 2021,01/01/2021,14.68,
740931,375,Nitrogen dioxide (NO2),Mean,ppb,UHF42,206,Borough Park,Annual Average 2021,01/01/2021,16.74,
336601,375,Nitrogen dioxide (NO2),Mean,ppb,UHF42,410,Rockaways,Annual Average 2015,01/01/2015,13.55,
176629,375,Nitrogen dioxide (NO2),Mean,ppb,UHF42,409,Southeast Queens,Annual Average 2011,12/01/2010,19.29,
176545,375,Nitrogen dioxide (NO2),Mean,ppb,UHF42,409,Southeast Queens,Annual Average 2009,12/01/2008,19.89,
643431,375,Nitrogen dioxide (NO2),Mean,ppb,UHF42,410,Rockaways,Winter 2018-19,12/01/2018,13.95,
667279,375,Nitrogen dioxide (NO2),Mean,ppb,UHF42,410,Rockaways,Annual Average 2020,01/01/2020,10.55,
154454,645,Annual vehicle miles travelled (trucks),million miles,per km2,CD,201,Mott Haven and Melrose (CD1),2005,01/01/2005,2.3,
151638,643,Annual vehicle miles traveled,million miles,per km2,UHF42,209,Bensonhurst - Bay Ridge,2005,01/01/2005,23.1,
325214,643,Annual vehicle miles traveled,million miles,per km2,UHF42,210,Coney Island - Sheepshead Bay,2016,01/01/2016,18.9,
151687,644,Annual vehicle miles travelled (cars),million miles,per km2,UHF42,210,Coney Island - Sheepshead Bay,2005,01/01/2005,15.1,
325331,644,Annual vehicle miles travelled (cars),million miles,per km2,UHF42,309,Union Square - Lower East Side,2016,01/01/2016,43.4,
151698,644,Annual vehicle miles travelled (cars),million miles,per km2,UHF42,310,Lower Manhattan,2005,01/01/2005,37.6,
151683,644,Annual vehicle miles travelled (cars),million miles,per km2,UHF42,206,Borough Park,2005,01/01/2005,20.5,
151676,644,Annual vehicle miles travelled (cars),million miles,per km2,UHF42,106,High Bridge - Morrisania,2005,01/01/2005,33,
325317,644,Annual vehicle miles travelled (cars),million miles,per km2,UHF42,206,Borough Park,2016,01/01/2016,24.9,
151686,644,Annual vehicle miles travelled (cars),million miles,per km2,UHF42,209,Bensonhurst - Bay Ridge,2005,01/01/2005,22,
325342,644,Annual vehicle miles travelled (cars),million miles,per km2,UHF42,410,Rockaways,2016,01/01/2016,6.5,
151707,644,Annual vehicle miles travelled (cars),million miles,per km2,UHF42,409,Southeast Queens,2005,01/01/2005,25.8,
325117,645,Annual vehicle miles travelled (trucks),million miles,per km2,UHF42,309,Union Square - Lower East Side,2016,01/01/2016,1.9,
151746,645,Annual vehicle miles travelled (trucks),million miles,per km2,UHF42,310,Lower Manhattan,2005,01/01/2005,1.6,
667267,375,Nitrogen dioxide (NO2),Mean,ppb,UHF42,408,Jamaica,Annual Average 2020,01/01/2020,14.24,
643425,375,Nitrogen dioxide (NO2),Mean,ppb,UHF42,408,Jamaica,Winter 2018-19,12/01/2018,19.86,
"518499,653,Asthma emergency departments visits due to Ozone,Estimated annual rate (under age 18),""per 100,000 children"",Borough,1,Bronx,2012-2014,01/02/2012,210.4,"
"628960,655,Asthma hospitalizations due to Ozone,Estimated annual rate (under age 18),""per 100,000 children"",Borough,1,Bronx,2015-2017,01/01/2015,34.3,"
"518500,653,Asthma emergency departments visits due to Ozone,Estimated annual rate (under age 18),""per 100,000 children"",Borough,2,Brooklyn,2012-2014,01/02/2012,104.3,"
"628961,655,Asthma hospitalizations due to Ozone,Estimated annual rate (under age 18),""per 100,000 children"",Borough,2,Brooklyn,2015-2017,01/01/2015,16.5,"
"518614,655,Asthma hospitalizations due to Ozone,Estimated annual rate (under age 18),""per 100,000 children"",UHF42,208,Canarsie - Flatlands,2012-2014,01/02/2012,22.5,"
"628979,655,Asthma hospitalizations due to Ozone,Estimated annual rate (under age 18),""per 100,000 children"",UHF42,208,Canarsie - Flatlands,2015-2017,01/01/2015,19.8,"
"628883,653,Asthma emergency departments visits due to Ozone,Estimated annual rate (under age 18),""per 100,000 children"",UHF42,208,Canarsie - Flatlands,2015-2017,01/01/2015,88.9,"
"131435,648,Asthma emergency department visits due to PM2.5,Estimated annual rate (under age 18),""per 100,000 children"",UHF42,307,Gramercy Park - Murray Hill,2009-2011,01/01/2009,69.7,"
"131424,648,Asthma emergency department visits due to PM2.5,Estimated annual rate (under age 18),""per 100,000 children"",UHF42,207,East Flatbush - Flatbush,2009-2011,01/01/2009,115.8,"
"130821,648,Asthma emergency department visits due to PM2.5,Estimated annual rate (under age 18),""per 100,000 children"",UHF42,407,Southwest Queens,2005-2007,01/01/2005,81.4,"
"131425,648,Asthma emergency department visits due to PM2.5,Estimated annual rate (under age 18),""per 100,000 children"",UHF42,208,Canarsie - Flatlands,2009-2011,01/01/2009,81.7,"
"130812,648,Asthma emergency department visits due to PM2.5,Estimated annual rate (under age 18),""per 100,000 children"",UHF42,308,Greenwich Village - SoHo,2005-2007,01/01/2005,25.6,"
"518624,655,Asthma hospitalizations due to Ozone,Estimated annual rate (under age 18),""per 100,000 children"",UHF42,307,Gramercy Park - Murray Hill,2012-2014,01/02/2012,9,"
"628893,653,Asthma emergency departments visits due to Ozone,Estimated annual rate (under age 18),""per 100,000 children"",UHF42,307,Gramercy Park - Murray Hill,2015-2017,01/01/2015,56.6,"
"518529,653,Asthma emergency departments visits due to Ozone,Estimated annual rate (under age 18),""per 100,000 children"",UHF42,308,Greenwich Village - SoHo,2012-2014,01/02/2012,18.5,"
"518625,655,Asthma hospitalizations due to Ozone,Estimated annual rate (under age 18),""per 100,000 children"",UHF42,308,Greenwich Village - SoHo,2012-2014,01/02/2012,5.4,"
222610,386,Ozone (O3),Mean,ppb,UHF42,407,Southwest Queens,Summer 2014,06/01/2014,32.51,
219970,386,Ozone (O3),Mean,ppb,Borough,1,Bronx,Summer 2014,06/01/2014,31.15,
222616,386,Ozone (O3),Mean,ppb,UHF42,408,Jamaica,Summer 2014,06/01/2014,32.63,
222550,386,Ozone (O3),Mean,ppb,UHF42,307,Gramercy Park - Murray Hill,Summer 2014,06/01/2014,22.89,
222556,386,Ozone (O3),Mean,ppb,UHF42,308,Greenwich Village - SoHo,Summer 2014,06/01/2014,26.66,
175946,375,Nitrogen dioxide (NO2),Mean,ppb,UHF42,308,Greenwich Village - SoHo,Summer 2010,06/01/2010,29.56,
175988,375,Nitrogen dioxide (NO2),Mean,ppb,UHF42,308,Greenwich Village - SoHo,Summer 2011,06/01/2011,29.31,
412502,375,Nitrogen dioxide (NO2),Mean,ppb,UHF42,308,Greenwich Village - SoHo,Winter 2015-16,12/01/2015,29.03,
740965,375,Nitrogen dioxide (NO2),Mean,ppb,UHF42,307,Gramercy Park - Murray Hill,Winter 2020-21,12/01/2020,27,
"518613,655,Asthma hospitalizations due to Ozone,Estimated annual rate (under age 18),""per 100,000 children"",UHF42,207,East Flatbush - Flatbush,2012-2014,01/02/2012,36.6,"
175954,375,Nitrogen dioxide (NO2),Mean,ppb,UHF42,406,Fresh Meadows,Summer 2010,06/01/2010,18,
740962,375,Nitrogen dioxide (NO2),Mean,ppb,UHF42,306,Chelsea - Clinton,Winter 2020-21,12/01/2020,26.71,
175940,375,Nitrogen dioxide (NO2),Mean,ppb,UHF42,302,Central Harlem - Morningside Heights,Summer 2010,06/01/2010,25.48,
176542,375,Nitrogen dioxide (NO2),Mean,ppb,UHF42,406,Fresh Meadows,Annual Average 2009,12/01/2008,22.78,
176626,375,Nitrogen dioxide (NO2),Mean,ppb,UHF42,406,Fresh Meadows,Annual Average 2011,12/01/2010,22.1,
"130806,648,Asthma emergency department visits due to PM2.5,Estimated annual rate (under age 18),""per 100,000 children"",UHF42,302,Central Harlem - Morningside Heights,2005-2007,01/01/2005,424.7,"
"518527,653,Asthma emergency departments visits due to Ozone,Estimated annual rate (under age 18),""per 100,000 children"",UHF42,306,Chelsea - Clinton,2012-2014,01/02/2012,75.7,"
"518623,655,Asthma hospitalizations due to Ozone,Estimated annual rate (under age 18),""per 100,000 children"",UHF42,306,Chelsea - Clinton,2012-2014,01/02/2012,13.3,"
"628988,655,Asthma hospitalizations due to Ozone,Estimated annual rate (under age 18),""per 100,000 children"",UHF42,306,Chelsea - Clinton,2015-2017,01/01/2015,9.4,"
"628892,653,Asthma emergency departments visits due to Ozone,Estimated annual rate (under age 18),""per 100,000 children"",UHF42,306,Chelsea - Clinton,2015-2017,01/01/2015,67.9,"
176612,375,Nitrogen dioxide (NO2),Mean,ppb,UHF42,302,Central Harlem - Morningside Heights,Annual Average 2011,12/01/2010,28.23,
222604,386,Ozone (O3),Mean,ppb,UHF42,406,Fresh Meadows,Summer 2014,06/01/2014,31.8,
175986,375,Nitrogen dioxide (NO2),Mean,ppb,UHF42,306,Chelsea - Clinton,Summer 2011,06/01/2011,34.57,
175944,375,Nitrogen dioxide (NO2),Mean,ppb,UHF42,306,Chelsea - Clinton,Summer 2010,06/01/2010,34.75,
"518505,653,Asthma emergency departments visits due to Ozone,Estimated annual rate (under age 18),""per 100,000 children"",UHF42,102,Northeast Bronx,2012-2014,01/02/2012,184.4,"
"518601,655,Asthma hospitalizations due to Ozone,Estimated annual rate (under age 18),""per 100,000 children"",UHF42,102,Northeast Bronx,2012-2014,01/02/2012,42.4,"
"518608,655,Asthma hospitalizations due to Ozone,Estimated annual rate (under age 18),""per 100,000 children"",UHF42,202,Downtown - Heights - Slope,2012-2014,01/02/2012,17.1,"
"518512,653,Asthma emergency departments visits due to Ozone,Estimated annual rate (under age 18),""per 100,000 children"",UHF42,202,Downtown - Heights - Slope,2012-2014,01/02/2012,87.6,"
"628877,653,Asthma emergency departments visits due to Ozone,Estimated annual rate (under age 18),""per 100,000 children"",UHF42,202,Downtown - Heights - Slope,2015-2017,01/01/2015,62.6,"
"628973,655,Asthma hospitalizations due to Ozone,Estimated annual rate (under age 18),""per 100,000 children"",UHF42,202,Downtown - Heights - Slope,2015-2017,01/01/2015,12.5,"
"518537,653,Asthma emergency departments visits due to Ozone,Estimated annual rate (under age 18),""per 100,000 children"",UHF42,406,Fresh Meadows,2012-2014,01/02/2012,57.7,"
"518633,655,Asthma hospitalizations due to Ozone,Estimated annual rate (under age 18),""per 100,000 children"",UHF42,406,Fresh Meadows,2012-2014,01/02/2012,11.9,"
"628998,655,Asthma hospitalizations due to Ozone,Estimated annual rate (under age 18),""per 100,000 children"",UHF42,406,Fresh Meadows,2015-2017,01/01/2015,13.8,"
"518523,653,Asthma emergency departments visits due to Ozone,Estimated annual rate (under age 18),""per 100,000 children"",UHF42,302,Central Harlem - Morningside Heights,2012-2014,01/02/2012,277.7,"
"628984,655,Asthma hospitalizations due to Ozone,Estimated annual rate (under age 18),""per 100,000 children"",UHF42,302,Central Harlem - Morningside Heights,2015-2017,01/01/2015,39.2,"
"518619,655,Asthma hospitalizations due to Ozone,Estimated annual rate (under age 18),""per 100,000 children"",UHF42,302,Central Harlem - Morningside Heights,2012-2014,01/02/2012,46.2,"
"628888,653,Asthma emergency departments visits due to Ozone,Estimated annual rate (under age 18),""per 100,000 children"",UHF42,302,Central Harlem - Morningside Heights,2015-2017,01/01/2015,228.6,"
412524,375,Nitrogen dioxide (NO2),Mean,ppb,UHF42,405,Ridgewood - Forest Hills,Summer 2016,06/01/2016,13.62,
643410,375,Nitrogen dioxide (NO2),Mean,ppb,UHF42,403,Flushing - Clearview,Winter 2018-19,12/01/2018,21.25,
336586,375,Nitrogen dioxide (NO2),Mean,ppb,UHF42,405,Ridgewood - Forest Hills,Annual Average 2015,01/01/2015,19.25,
"131431,648,Asthma emergency department visits due to PM2.5,Estimated annual rate (under age 18),""per 100,000 children"",UHF42,303,East Harlem,2009-2011,01/01/2009,299.4,"
"130817,648,Asthma emergency department visits due to PM2.5,Estimated annual rate (under age 18),""per 100,000 children"",UHF42,403,Flushing - Clearview,2005-2007,01/01/2005,48.7,"
"130819,648,Asthma emergency department visits due to PM2.5,Estimated annual rate (under age 18),""per 100,000 children"",UHF42,405,Ridgewood - Forest Hills,2005-2007,01/01/2005,51,"
"518536,653,Asthma emergency departments visits due to Ozone,Estimated annual rate (under age 18),""per 100,000 children"",UHF42,405,Ridgewood - Forest Hills,2012-2014,01/02/2012,57.6,"
336550,375,Nitrogen dioxide (NO2),Mean,ppb,UHF42,303,East Harlem,Annual Average 2015,01/01/2015,22.99,
222586,386,Ozone (O3),Mean,ppb,UHF42,403,Flushing - Clearview,Summer 2014,06/01/2014,32.01,
222598,386,Ozone (O3),Mean,ppb,UHF42,405,Ridgewood - Forest Hills,Summer 2014,06/01/2014,31.33,
222526,386,Ozone (O3),Mean,ppb,UHF42,303,East Harlem,Summer 2014,06/01/2014,28.92,
175993,375,Nitrogen dioxide (NO2),Mean,ppb,UHF42,403,Flushing - Clearview,Summer 2011,06/01/2011,17.42,
"628974,655,Asthma hospitalizations due to Ozone,Estimated annual rate (under age 18),""per 100,000 children"",UHF42,203,Bedford Stuyvesant - Crown Heights,2015-2017,01/01/2015,33.9,"
"518609,655,Asthma hospitalizations due to Ozone,Estimated annual rate (under age 18),""per 100,000 children"",UHF42,203,Bedford Stuyvesant - Crown Heights,2012-2014,01/02/2012,44.8,"
"628976,655,Asthma hospitalizations due to Ozone,Estimated annual rate (under age 18),""per 100,000 children"",UHF42,205,Sunset Park,2015-2017,01/01/2015,6.3,"
"628880,653,Asthma emergency departments visits due to Ozone,Estimated annual rate (under age 18),""per 100,000 children"",UHF42,205,Sunset Park,2015-2017,01/01/2015,47.4,"
"518534,653,Asthma emergency departments visits due to Ozone,Estimated annual rate (under age 18),""per 100,000 children"",UHF42,403,Flushing - Clearview,2012-2014,01/02/2012,39.2,"
"628899,653,Asthma emergency departments visits due to Ozone,Estimated annual rate (under age 18),""per 100,000 children"",UHF42,403,Flushing - Clearview,2015-2017,01/01/2015,39.7,"
"518604,655,Asthma hospitalizations due to Ozone,Estimated annual rate (under age 18),""per 100,000 children"",UHF42,105,Crotona -Tremont,2012-2014,01/02/2012,44.8,"
"628889,653,Asthma emergency departments visits due to Ozone,Estimated annual rate (under age 18),""per 100,000 children"",UHF42,303,East Harlem,2015-2017,01/01/2015,262.3,"
547650,365,Fine particles (PM 2.5),Mean,mcg/m3,CD,206,Belmont and East Tremont (CD6),Summer 2017,06/01/2017,9.85,
669776,365,Fine particles (PM 2.5),Mean,mcg/m3,UHF42,303,East Harlem,Summer 2020,06/01/2020,7.27,
605724,365,Fine particles (PM 2.5),Mean,mcg/m3,UHF42,303,East Harlem,Summer 2018,06/01/2018,8.72,
177285,365,Fine particles (PM 2.5),Mean,mcg/m3,UHF42,303,East Harlem,Winter 2011-12,12/01/2011,10.18,
177201,365,Fine particles (PM 2.5),Mean,mcg/m3,UHF42,303,East Harlem,Winter 2009-10,12/01/2009,10.22,
605691,365,Fine particles (PM 2.5),Mean,mcg/m3,UHF42,203,Bedford Stuyvesant - Crown Heights,Summer 2018,06/01/2018,8.48,
547652,365,Fine particles (PM 2.5),Mean,mcg/m3,CD,206,Belmont and East Tremont (CD6),Winter 2016-17,12/01/2016,8.45,
605946,365,Fine particles (PM 2.5),Mean,mcg/m3,CD,206,Belmont and East Tremont (CD6),Summer 2018,06/01/2018,8.73,
168482,365,Fine particles (PM 2.5),Mean,mcg/m3,CD,306,Park Slope and Carroll Gardens (CD6),Winter 2009-10,12/01/2009,10.69,
151731,645,Annual vehicle miles travelled (trucks),million miles,per km2,UHF42,206,Borough Park,2005,01/01/2005,1.1,
325103,645,Annual vehicle miles travelled (trucks),million miles,per km2,UHF42,206,Borough Park,2016,01/01/2016,0.6,
151724,645,Annual vehicle miles travelled (trucks),million miles,per km2,UHF42,106,High Bridge - Morrisania,2005,01/01/2005,2.8,
151734,645,Annual vehicle miles travelled (trucks),million miles,per km2,UHF42,209,Bensonhurst - Bay Ridge,2005,01/01/2005,1,
154443,645,Annual vehicle miles travelled (trucks),million miles,per km2,CD,102,Greenwich Village and Soho (CD2),2005,01/01/2005,3.6,
154442,645,Annual vehicle miles travelled (trucks),million miles,per km2,CD,101,Financial District (CD1),2005,01/01/2005,2,
325134,645,Annual vehicle miles travelled (trucks),million miles,per km2,CD,101,Financial District (CD1),2016,01/01/2016,1.9,
154485,645,Annual vehicle miles travelled (trucks),million miles,per km2,CD,402,Woodside and Sunnyside (CD2),2005,01/01/2005,2.5,
325177,645,Annual vehicle miles travelled (trucks),million miles,per km2,CD,402,Woodside and Sunnyside (CD2),2016,01/01/2016,3.3,
"151399,652,Cardiac and respiratory deaths due to Ozone,Estimated annual rate,""per 100,000"",UHF42,210,Coney Island - Sheepshead Bay,2009-2011,01/01/2009,8.9,"
"151395,652,Cardiac and respiratory deaths due to Ozone,Estimated annual rate,""per 100,000"",UHF42,206,Borough Park,2009-2011,01/01/2009,5.3,"
"151388,652,Cardiac and respiratory deaths due to Ozone,Estimated annual rate,""per 100,000"",UHF42,106,High Bridge - Morrisania,2009-2011,01/01/2009,2.8,"
"518712,652,Cardiac and respiratory deaths due to Ozone,Estimated annual rate,""per 100,000"",UHF42,210,Coney Island - Sheepshead Bay,2012-2014,01/02/2012,8,"
"629194,652,Cardiac and respiratory deaths due to Ozone,Estimated annual rate,""per 100,000"",UHF42,410,Rockaways,2015-2017,01/01/2015,7.7,"
"629183,652,Cardiac and respiratory deaths due to Ozone,Estimated annual rate,""per 100,000"",UHF42,309,Union Square - Lower East Side,2015-2017,01/01/2015,4.5,"
"629173,652,Cardiac and respiratory deaths due to Ozone,Estimated annual rate,""per 100,000"",UHF42,210,Coney Island - Sheepshead Bay,2015-2017,01/01/2015,8.5,"
"518708,652,Cardiac and respiratory deaths due to Ozone,Estimated annual rate,""per 100,000"",UHF42,206,Borough Park,2012-2014,01/02/2012,5,"
"629154,652,Cardiac and respiratory deaths due to Ozone,Estimated annual rate,""per 100,000"",Borough,3,Manhattan,2015-2017,01/01/2015,3.9,"
"131437,648,Asthma emergency department visits due to PM2.5,Estimated annual rate (under age 18),""per 100,000 children"",UHF42,309,Union Square - Lower East Side,2009-2011,01/01/2009,151.9,"
"131438,648,Asthma emergency department visits due to PM2.5,Estimated annual rate (under age 18),""per 100,000 children"",UHF42,310,Lower Manhattan,2009-2011,01/01/2009,57.2,"
"130824,648,Asthma emergency department visits due to PM2.5,Estimated annual rate (under age 18),""per 100,000 children"",UHF42,410,Rockaways,2005-2007,01/01/2005,152.7,"
"130823,648,Asthma emergency department visits due to PM2.5,Estimated annual rate (under age 18),""per 100,000 children"",UHF42,409,Southeast Queens,2005-2007,01/01/2005,73.8,"
"518914,648,Asthma emergency department visits due to PM2.5,Estimated annual rate (under age 18),""per 100,000 children"",UHF42,309,Union Square - Lower East Side,2012-2014,01/02/2012,114.77,"
"628463,648,Asthma emergency department visits due to PM2.5,Estimated annual rate (under age 18),""per 100,000 children"",UHF42,309,Union Square - Lower East Side,2015-2017,01/01/2015,102.2,"
"518904,648,Asthma emergency department visits due to PM2.5,Estimated annual rate (under age 18),""per 100,000 children"",UHF42,210,Coney Island - Sheepshead Bay,2012-2014,01/02/2012,29.45,"
"628453,648,Asthma emergency department visits due to PM2.5,Estimated annual rate (under age 18),""per 100,000 children"",UHF42,210,Coney Island - Sheepshead Bay,2015-2017,01/01/2015,31.4,"
170189,365,Fine particles (PM 2.5),Mean,mcg/m3,CD,302,Fort Greene and Brooklyn Heights (CD2),Annual Average 2009,12/01/2008,11.55,
547417,365,Fine particles (PM 2.5),Mean,mcg/m3,UHF42,210,Coney Island - Sheepshead Bay,Annual Average 2017,01/01/2017,6.83,
742212,365,Fine particles (PM 2.5),Mean,mcg/m3,UHF42,210,Coney Island - Sheepshead Bay,Annual Average 2021,01/01/2021,6.27,
177235,365,Fine particles (PM 2.5),Mean,mcg/m3,UHF42,206,Borough Park,Winter 2010-11,12/01/2010,12.54,
178477,365,Fine particles (PM 2.5),Mean,mcg/m3,UHF42,409,Southeast Queens,Annual Average 2010,12/01/2009,8.65,
177343,365,Fine particles (PM 2.5),Mean,mcg/m3,UHF42,409,Southeast Queens,Winter 2012-13,12/01/2012,9.27,
169409,365,Fine particles (PM 2.5),Mean,mcg/m3,CD,201,Mott Haven and Melrose (CD1),Summer 2011,06/01/2011,12.46,
212947,365,Fine particles (PM 2.5),Mean,mcg/m3,UHF42,310,Lower Manhattan,Annual Average 2014,12/01/2013,11.36,
547451,365,Fine particles (PM 2.5),Mean,mcg/m3,UHF42,310,Lower Manhattan,Winter 2016-17,12/01/2016,9.08,
547449,365,Fine particles (PM 2.5),Mean,mcg/m3,UHF42,310,Lower Manhattan,Summer 2017,06/01/2017,10.48,
605745,365,Fine particles (PM 2.5),Mean,mcg/m3,UHF42,310,Lower Manhattan,Summer 2018,06/01/2018,10.07,
177207,365,Fine particles (PM 2.5),Mean,mcg/m3,UHF42,309,Union Square - Lower East Side,Winter 2009-10,12/01/2009,10.64,
212946,365,Fine particles (PM 2.5),Mean,mcg/m3,UHF42,309,Union Square - Lower East Side,Annual Average 2014,12/01/2013,10.53,
547448,365,Fine particles (PM 2.5),Mean,mcg/m3,UHF42,309,Union Square - Lower East Side,Winter 2016-17,12/01/2016,8.68,
605742,365,Fine particles (PM 2.5),Mean,mcg/m3,UHF42,309,Union Square - Lower East Side,Summer 2018,06/01/2018,9.28,
177208,365,Fine particles (PM 2.5),Mean,mcg/m3,UHF42,310,Lower Manhattan,Winter 2009-10,12/01/2009,12.37,
169350,365,Fine particles (PM 2.5),Mean,mcg/m3,CD,201,Mott Haven and Melrose (CD1),Summer 2010,06/01/2010,12.96,
411003,365,Fine particles (PM 2.5),Mean,mcg/m3,CD,201,Mott Haven and Melrose (CD1),Summer 2016,06/01/2016,9.28,
177838,365,Fine particles (PM 2.5),Mean,mcg/m3,UHF42,310,Lower Manhattan,Summer 2010,06/01/2010,13.75,
410817,365,Fine particles (PM 2.5),Mean,mcg/m3,UHF42,310,Lower Manhattan,Summer 2016,06/01/2016,9.8,
410816,365,Fine particles (PM 2.5),Mean,mcg/m3,UHF42,310,Lower Manhattan,Winter 2015-16,12/01/2015,10.28,
742243,365,Fine particles (PM 2.5),Mean,mcg/m3,UHF42,310,Lower Manhattan,Winter 2020-21,12/01/2020,7.71,
177879,365,Fine particles (PM 2.5),Mean,mcg/m3,UHF42,309,Union Square - Lower East Side,Summer 2011,06/01/2011,12.59,
177837,365,Fine particles (PM 2.5),Mean,mcg/m3,UHF42,309,Union Square - Lower East Side,Summer 2010,06/01/2010,13.11,
177880,365,Fine particles (PM 2.5),Mean,mcg/m3,UHF42,310,Lower Manhattan,Summer 2011,06/01/2011,13.21,
742240,365,Fine particles (PM 2.5),Mean,mcg/m3,UHF42,309,Union Square - Lower East Side,Winter 2020-21,12/01/2020,7.9,
130433,640,Boiler Emissions- Total SO2 Emissions,Number per km2,number,UHF42,409,Southeast Queens,2013,01/01/2013,0.3,
669758,365,Fine particles (PM 2.5),Mean,mcg/m3,UHF42,309,Union Square - Lower East Side,Summer 2020,06/01/2020,8.1,
178579,365,Fine particles (PM 2.5),Mean,mcg/m3,UHF42,206,Borough Park,Annual Average 2013,12/01/2012,8.49,
333990,365,Fine particles (PM 2.5),Mean,mcg/m3,UHF42,206,Borough Park,Winter 2014-15,12/01/2014,8.7,
212821,365,Fine particles (PM 2.5),Mean,mcg/m3,UHF42,310,Lower Manhattan,Summer 2014,06/01/2014,10.91,
334033,365,Fine particles (PM 2.5),Mean,mcg/m3,UHF42,310,Lower Manhattan,Annual Average 2015,01/01/2015,10.54,
649746,365,Fine particles (PM 2.5),Mean,mcg/m3,UHF42,310,Lower Manhattan,Winter 2018-19,12/01/2018,9.29,
669757,365,Fine particles (PM 2.5),Mean,mcg/m3,UHF42,310,Lower Manhattan,Annual Average 2020,01/01/2020,7.42,
649689,365,Fine particles (PM 2.5),Mean,mcg/m3,UHF42,202,Downtown - Heights - Slope,Winter 2018-19,12/01/2018,8.15,
669814,365,Fine particles (PM 2.5),Mean,mcg/m3,UHF42,202,Downtown - Heights - Slope,Annual Average 2020,01/01/2020,6.69,
547394,365,Fine particles (PM 2.5),Mean,mcg/m3,UHF42,202,Downtown - Heights - Slope,Winter 2016-17,12/01/2016,8.52,
605688,365,Fine particles (PM 2.5),Mean,mcg/m3,UHF42,202,Downtown - Heights - Slope,Summer 2018,06/01/2018,8.91,
547392,365,Fine particles (PM 2.5),Mean,mcg/m3,UHF42,202,Downtown - Heights - Slope,Summer 2017,06/01/2017,10.12,
669812,365,Fine particles (PM 2.5),Mean,mcg/m3,UHF42,202,Downtown - Heights - Slope,Summer 2020,06/01/2020,7.41,
"131434,648,Asthma emergency department visits due to PM2.5,Estimated annual rate (under age 18),""per 100,000 children"",UHF42,306,Chelsea - Clinton,2009-2011,01/01/2009,88.6,"
"151560,655,Asthma hospitalizations due to Ozone,Estimated annual rate (under age 18),""per 100,000 children"",UHF42,406,Fresh Meadows,2009-2011,01/01/2009,13.6,"
"151432,653,Asthma emergency departments visits due to Ozone,Estimated annual rate (under age 18),""per 100,000 children"",UHF42,102,Northeast Bronx,2009-2011,01/01/2009,79.3,"
412484,375,Nitrogen dioxide (NO2),Mean,ppb,UHF42,302,Central Harlem - Morningside Heights,Winter 2015-16,12/01/2015,25.73,
412485,375,Nitrogen dioxide (NO2),Mean,ppb,UHF42,302,Central Harlem - Morningside Heights,Summer 2016,06/01/2016,18.13,
"518841,651,Cardiovascular hospitalizations due to PM2.5 (age 40+),Estimated annual rate,""per 100,000 adults"",UHF42,102,Northeast Bronx,2012-2014,01/02/2012,12.96,"
"628589,651,Cardiovascular hospitalizations due to PM2.5 (age 40+),Estimated annual rate,""per 100,000 adults"",UHF42,202,Downtown - Heights - Slope,2015-2017,01/01/2015,14.4,"
"518873,651,Cardiovascular hospitalizations due to PM2.5 (age 40+),Estimated annual rate,""per 100,000 adults"",UHF42,406,Fresh Meadows,2012-2014,01/02/2012,9.37,"
"628614,651,Cardiovascular hospitalizations due to PM2.5 (age 40+),Estimated annual rate,""per 100,000 adults"",UHF42,406,Fresh Meadows,2015-2017,01/01/2015,11.7,"
"518859,651,Cardiovascular hospitalizations due to PM2.5 (age 40+),Estimated annual rate,""per 100,000 adults"",UHF42,302,Central Harlem - Morningside Heights,2012-2014,01/02/2012,16.21,"
"628600,651,Cardiovascular hospitalizations due to PM2.5 (age 40+),Estimated annual rate,""per 100,000 adults"",UHF42,302,Central Harlem - Morningside Heights,2015-2017,01/01/2015,20.2,"
176528,375,Nitrogen dioxide (NO2),Mean,ppb,UHF42,302,Central Harlem - Morningside Heights,Annual Average 2009,12/01/2008,31.06,
176616,375,Nitrogen dioxide (NO2),Mean,ppb,UHF42,306,Chelsea - Clinton,Annual Average 2011,12/01/2010,36.33,
212439,375,Nitrogen dioxide (NO2),Mean,ppb,UHF42,306,Chelsea - Clinton,Summer 2014,06/01/2014,28.44,
336559,375,Nitrogen dioxide (NO2),Mean,ppb,UHF42,306,Chelsea - Clinton,Annual Average 2015,01/01/2015,29.17,
643389,375,Nitrogen dioxide (NO2),Mean,ppb,UHF42,306,Chelsea - Clinton,Winter 2018-19,12/01/2018,29.47,
667195,375,Nitrogen dioxide (NO2),Mean,ppb,UHF42,306,Chelsea - Clinton,Annual Average 2020,01/01/2020,23.87,
212435,375,Nitrogen dioxide (NO2),Mean,ppb,UHF42,302,Central Harlem - Morningside Heights,Summer 2014,06/01/2014,19.54,
336547,375,Nitrogen dioxide (NO2),Mean,ppb,UHF42,302,Central Harlem - Morningside Heights,Annual Average 2015,01/01/2015,23.15,
643377,375,Nitrogen dioxide (NO2),Mean,ppb,UHF42,302,Central Harlem - Morningside Heights,Winter 2018-19,12/01/2018,24.69,
667171,375,Nitrogen dioxide (NO2),Mean,ppb,UHF42,302,Central Harlem - Morningside Heights,Annual Average 2020,01/01/2020,18.99,
165844,375,Nitrogen dioxide (NO2),Mean,ppb,CD,405,Ridgewood and Maspeth (CD5),Winter 2009-10,12/01/2009,26.31,
165962,375,Nitrogen dioxide (NO2),Mean,ppb,CD,405,Ridgewood and Maspeth (CD5),Winter 2011-12,12/01/2011,24.67,
178425,365,Fine particles (PM 2.5),Mean,mcg/m3,UHF42,309,Union Square - Lower East Side,Annual Average 2009,12/01/2008,12.08,
334030,365,Fine particles (PM 2.5),Mean,mcg/m3,UHF42,309,Union Square - Lower East Side,Annual Average 2015,01/01/2015,10.06,
178510,365,Fine particles (PM 2.5),Mean,mcg/m3,UHF42,310,Lower Manhattan,Annual Average 2011,12/01/2010,12.28,
669760,365,Fine particles (PM 2.5),Mean,mcg/m3,UHF42,309,Union Square - Lower East Side,Annual Average 2020,01/01/2020,7.76,
649743,365,Fine particles (PM 2.5),Mean,mcg/m3,UHF42,309,Union Square - Lower East Side,Winter 2018-19,12/01/2018,10.08,
334000,365,Fine particles (PM 2.5),Mean,mcg/m3,UHF42,210,Coney Island - Sheepshead Bay,Annual Average 2015,01/01/2015,7.72,
649713,365,Fine particles (PM 2.5),Mean,mcg/m3,UHF42,210,Coney Island - Sheepshead Bay,Winter 2018-19,12/01/2018,6.69,
669802,365,Fine particles (PM 2.5),Mean,mcg/m3,UHF42,206,Borough Park,Annual Average 2020,01/01/2020,5.94,
130424,640,Boiler Emissions- Total SO2 Emissions,Number per km2,number,UHF42,310,Lower Manhattan,2013,01/01/2013,13.7,
410784,365,Fine particles (PM 2.5),Mean,mcg/m3,UHF42,210,Coney Island - Sheepshead Bay,Summer 2016,06/01/2016,7.66,
410783,365,Fine particles (PM 2.5),Mean,mcg/m3,UHF42,210,Coney Island - Sheepshead Bay,Winter 2015-16,12/01/2015,7.03,
742210,365,Fine particles (PM 2.5),Mean,mcg/m3,UHF42,210,Coney Island - Sheepshead Bay,Winter 2020-21,12/01/2020,6.58,
742198,365,Fine particles (PM 2.5),Mean,mcg/m3,UHF42,206,Borough Park,Winter 2020-21,12/01/2020,6.65,
177865,365,Fine particles (PM 2.5),Mean,mcg/m3,UHF42,206,Borough Park,Summer 2011,06/01/2011,11.34,
410772,365,Fine particles (PM 2.5),Mean,mcg/m3,UHF42,206,Borough Park,Summer 2016,06/01/2016,8.08,
130423,640,Boiler Emissions- Total SO2 Emissions,Number per km2,number,UHF42,309,Union Square - Lower East Side,2013,01/01/2013,24.9,
130460,641,Boiler Emissions- Total PM2.5 Emissions,Number per km2,number,UHF42,209,Bensonhurst - Bay Ridge,2013,01/01/2013,0.2,
214133,365,Fine particles (PM 2.5),Mean,mcg/m3,CD,302,Fort Greene and Brooklyn Heights (CD2),Annual Average 2014,12/01/2013,10.01,
168478,365,Fine particles (PM 2.5),Mean,mcg/m3,CD,302,Fort Greene and Brooklyn Heights (CD2),Winter 2009-10,12/01/2009,10.62,
168583,365,Fine particles (PM 2.5),Mean,mcg/m3,CD,201,Mott Haven and Melrose (CD1),Winter 2011-12,12/01/2011,11.17,
168465,365,Fine particles (PM 2.5),Mean,mcg/m3,CD,201,Mott Haven and Melrose (CD1),Winter 2009-10,12/01/2009,11.62,
214120,365,Fine particles (PM 2.5),Mean,mcg/m3,CD,201,Mott Haven and Melrose (CD1),Annual Average 2014,12/01/2013,10.11,
547635,365,Fine particles (PM 2.5),Mean,mcg/m3,CD,201,Mott Haven and Melrose (CD1),Summer 2017,06/01/2017,10.52,
336568,375,Nitrogen dioxide (NO2),Mean,ppb,UHF42,309,Union Square - Lower East Side,Annual Average 2015,01/01/2015,24.84,
176536,375,Nitrogen dioxide (NO2),Mean,ppb,UHF42,310,Lower Manhattan,Annual Average 2009,12/01/2008,36.69,
412536,375,Nitrogen dioxide (NO2),Mean,ppb,UHF42,409,Southeast Queens,Summer 2016,06/01/2016,12.13,
412508,375,Nitrogen dioxide (NO2),Mean,ppb,UHF42,310,Lower Manhattan,Winter 2015-16,12/01/2015,28.96,
175947,375,Nitrogen dioxide (NO2),Mean,ppb,UHF42,309,Union Square - Lower East Side,Summer 2010,06/01/2010,27.36,
412506,375,Nitrogen dioxide (NO2),Mean,ppb,UHF42,309,Union Square - Lower East Side,Summer 2016,06/01/2016,20.44,
175948,375,Nitrogen dioxide (NO2),Mean,ppb,UHF42,310,Lower Manhattan,Summer 2010,06/01/2010,31.27,
667273,375,Nitrogen dioxide (NO2),Mean,ppb,UHF42,409,Southeast Queens,Annual Average 2020,01/01/2020,13.02,
170337,365,Fine particles (PM 2.5),Mean,mcg/m3,CD,414,Rockaway and Broad Channel (CD14),Annual Average 2011,12/01/2010,8.44,
669973,365,Fine particles (PM 2.5),Mean,mcg/m3,CD,414,Rockaway and Broad Channel (CD14),Annual Average 2020,01/01/2020,5.33,
177149,365,Fine particles (PM 2.5),Mean,mcg/m3,UHF42,204,East New York,Winter 2008-09,12/01/2008,12.87,
605695,365,Fine particles (PM 2.5),Mean,mcg/m3,UHF42,204,East New York,Winter 2017-18,12/01/2017,8.23,
179766,640,Boiler Emissions- Total SO2 Emissions,Number per km2,number,UHF42,504,South Beach - Tottenville,2015,01/01/2015,0,
169415,365,Fine particles (PM 2.5),Mean,mcg/m3,CD,207,Kingsbridge Heights and Bedford (CD7),Summer 2011,06/01/2011,11.72,
169356,365,Fine particles (PM 2.5),Mean,mcg/m3,CD,207,Kingsbridge Heights and Bedford (CD7),Summer 2010,06/01/2010,12.23,
411020,365,Fine particles (PM 2.5),Mean,mcg/m3,CD,207,Kingsbridge Heights and Bedford (CD7),Winter 2015-16,12/01/2015,8.52,
411021,365,Fine particles (PM 2.5),Mean,mcg/m3,CD,207,Kingsbridge Heights and Bedford (CD7),Summer 2016,06/01/2016,8.28,
"518809,650,Respiratory hospitalizations due to PM2.5 (age 20+),Estimated annual rate,""per 100,000 adults"",UHF42,211,Williamsburg - Bushwick,2012-2014,01/02/2012,15.94,"
"628554,650,Respiratory hospitalizations due to PM2.5 (age 20+),Estimated annual rate,""per 100,000 adults"",UHF42,304,Upper West Side,2015-2017,01/01/2015,8.5,"
176656,375,Nitrogen dioxide (NO2),Mean,ppb,UHF42,304,Upper West Side,Annual Average 2012,12/01/2011,27.08,
412077,386,Ozone (O3),Mean,ppb,CD,107,Upper West Side (CD7),Summer 2016,06/01/2016,30.55,
216610,386,Ozone (O3),Mean,ppb,CD,414,Rockaway and Broad Channel (CD14),Summer 2011,06/01/2011,39.14,
412126,386,Ozone (O3),Mean,ppb,CD,414,Rockaway and Broad Channel (CD14),Summer 2016,06/01/2016,38.26,
411110,365,Fine particles (PM 2.5),Mean,mcg/m3,CD,407,Flushing and Whitestone (CD7),Winter 2015-16,12/01/2015,7.72,
169393,365,Fine particles (PM 2.5),Mean,mcg/m3,CD,414,Rockaway and Broad Channel (CD14),Summer 2010,06/01/2010,10.74,
169452,365,Fine particles (PM 2.5),Mean,mcg/m3,CD,414,Rockaway and Broad Channel (CD14),Summer 2011,06/01/2011,10.59,
178588,365,Fine particles (PM 2.5),Mean,mcg/m3,UHF42,304,Upper West Side,Annual Average 2013,12/01/2012,10.35,
177244,365,Fine particles (PM 2.5),Mean,mcg/m3,UHF42,304,Upper West Side,Winter 2010-11,12/01/2010,14.37,
334017,365,Fine particles (PM 2.5),Mean,mcg/m3,UHF42,304,Upper West Side,Winter 2014-15,12/01/2014,10.57,
742227,365,Fine particles (PM 2.5),Mean,mcg/m3,UHF42,304,Upper West Side,Annual Average 2021,01/01/2021,6.8,
178608,365,Fine particles (PM 2.5),Mean,mcg/m3,UHF42,504,South Beach - Tottenville,Annual Average 2013,12/01/2012,7.82,
177810,365,Fine particles (PM 2.5),Mean,mcg/m3,UHF42,504,South Beach - Tottenville,Summer 2009,06/01/2009,10.37,
334077,365,Fine particles (PM 2.5),Mean,mcg/m3,UHF42,504,South Beach - Tottenville,Winter 2014-15,12/01/2014,8.05,
178566,365,Fine particles (PM 2.5),Mean,mcg/m3,UHF42,504,South Beach - Tottenville,Annual Average 2012,12/01/2011,8.28,
178409,365,Fine particles (PM 2.5),Mean,mcg/m3,UHF42,204,East New York,Annual Average 2009,12/01/2008,10.6,
178493,365,Fine particles (PM 2.5),Mean,mcg/m3,UHF42,204,East New York,Annual Average 2011,12/01/2010,10.09,
216609,386,Ozone (O3),Mean,ppb,CD,414,Rockaway and Broad Channel (CD14),Summer 2010,06/01/2010,39.08,
175910,375,Nitrogen dioxide (NO2),Mean,ppb,UHF42,404,Bayside - Little Neck,Summer 2009,06/01/2009,16.77,
336615,375,Nitrogen dioxide (NO2),Mean,ppb,UHF42,504,South Beach - Tottenville,Winter 2014-15,12/01/2014,18.29,
741018,375,Nitrogen dioxide (NO2),Mean,ppb,UHF42,504,South Beach - Tottenville,Annual Average 2021,01/01/2021,11.3,
740902,375,Nitrogen dioxide (NO2),Mean,ppb,UHF42,104,Pelham - Throgs Neck,Winter 2020-21,12/01/2020,19.55,
175984,375,Nitrogen dioxide (NO2),Mean,ppb,UHF42,304,Upper West Side,Summer 2011,06/01/2011,25.78,
179357,375,Nitrogen dioxide (NO2),Mean,ppb,Borough,5,Staten Island,Summer 2011,06/01/2011,11.57,
122008,386,Ozone (O3),Mean,ppb,UHF42,204,East New York,2-Year Summer Average 2009-2010,06/01/2009,27.97,
605240,386,Ozone (O3),Mean,ppb,UHF42,204,East New York,Summer 2018,06/01/2018,31.71,
122039,386,Ozone (O3),Mean,ppb,UHF42,504,South Beach - Tottenville,2-Year Summer Average 2009-2010,06/01/2009,30.3,
670976,386,Ozone (O3),Mean,ppb,UHF42,104,Pelham - Throgs Neck,Summer 2020,06/01/2020,32.05,
740903,375,Nitrogen dioxide (NO2),Mean,ppb,UHF42,104,Pelham - Throgs Neck,Summer 2021,06/01/2021,12.32,
740945,375,Nitrogen dioxide (NO2),Mean,ppb,UHF42,211,Williamsburg - Bushwick,Summer 2021,06/01/2021,14.71,
222420,386,Ozone (O3),Mean,ppb,UHF42,104,Pelham - Throgs Neck,Summer 2010,06/01/2010,34.31,
412025,386,Ozone (O3),Mean,ppb,UHF42,404,Bayside - Little Neck,Summer 2016,06/01/2016,32.99,
669841,365,Fine particles (PM 2.5),Mean,mcg/m3,Borough,5,Staten Island,Annual Average 2020,01/01/2020,5.54,
649716,365,Fine particles (PM 2.5),Mean,mcg/m3,UHF42,211,Williamsburg - Bushwick,Winter 2018-19,12/01/2018,8.1,
411111,365,Fine particles (PM 2.5),Mean,mcg/m3,CD,407,Flushing and Whitestone (CD7),Summer 2016,06/01/2016,7.85,
742537,365,Fine particles (PM 2.5),Mean,mcg/m3,CD,407,Flushing and Whitestone (CD7),Winter 2020-21,12/01/2020,6.52,
169445,365,Fine particles (PM 2.5),Mean,mcg/m3,CD,407,Flushing and Whitestone (CD7),Summer 2011,06/01/2011,11.28,
411132,365,Fine particles (PM 2.5),Mean,mcg/m3,CD,414,Rockaway and Broad Channel (CD14),Summer 2016,06/01/2016,6.87,
411131,365,Fine particles (PM 2.5),Mean,mcg/m3,CD,414,Rockaway and Broad Channel (CD14),Winter 2015-16,12/01/2015,5.92,
742558,365,Fine particles (PM 2.5),Mean,mcg/m3,CD,414,Rockaway and Broad Channel (CD14),Winter 2020-21,12/01/2020,6.33,
547492,365,Fine particles (PM 2.5),Mean,mcg/m3,UHF42,504,South Beach - Tottenville,Annual Average 2017,01/01/2017,6.58,
742287,365,Fine particles (PM 2.5),Mean,mcg/m3,UHF42,504,South Beach - Tottenville,Annual Average 2021,01/01/2021,6.04,
177254,365,Fine particles (PM 2.5),Mean,mcg/m3,UHF42,404,Bayside - Little Neck,Winter 2010-11,12/01/2010,12.12,
177800,365,Fine particles (PM 2.5),Mean,mcg/m3,UHF42,404,Bayside - Little Neck,Summer 2009,06/01/2009,9.87,
178598,365,Fine particles (PM 2.5),Mean,mcg/m3,UHF42,404,Bayside - Little Neck,Annual Average 2013,12/01/2012,8.08,
547462,365,Fine particles (PM 2.5),Mean,mcg/m3,UHF42,404,Bayside - Little Neck,Annual Average 2017,01/01/2017,7.03,
742257,365,Fine particles (PM 2.5),Mean,mcg/m3,UHF42,404,Bayside - Little Neck,Annual Average 2021,01/01/2021,6.29,
178556,365,Fine particles (PM 2.5),Mean,mcg/m3,UHF42,404,Bayside - Little Neck,Annual Average 2012,12/01/2011,8.55,
177821,365,Fine particles (PM 2.5),Mean,mcg/m3,UHF42,204,East New York,Summer 2010,06/01/2010,11.26,
178504,365,Fine particles (PM 2.5),Mean,mcg/m3,UHF42,304,Upper West Side,Annual Average 2011,12/01/2010,11.49,
669775,365,Fine particles (PM 2.5),Mean,mcg/m3,UHF42,304,Upper West Side,Annual Average 2020,01/01/2020,6.35,
178524,365,Fine particles (PM 2.5),Mean,mcg/m3,UHF42,504,South Beach - Tottenville,Annual Average 2011,12/01/2010,9.29,
212835,365,Fine particles (PM 2.5),Mean,mcg/m3,UHF42,504,South Beach - Tottenville,Summer 2014,06/01/2014,7.57,
334075,365,Fine particles (PM 2.5),Mean,mcg/m3,UHF42,504,South Beach - Tottenville,Annual Average 2015,01/01/2015,7.29,
178440,365,Fine particles (PM 2.5),Mean,mcg/m3,UHF42,504,South Beach - Tottenville,Annual Average 2009,12/01/2008,9.63,
649788,365,Fine particles (PM 2.5),Mean,mcg/m3,UHF42,504,South Beach - Tottenville,Winter 2018-19,12/01/2018,6.43,
547491,365,Fine particles (PM 2.5),Mean,mcg/m3,UHF42,504,South Beach - Tottenville,Summer 2017,06/01/2017,7.88,
547493,365,Fine particles (PM 2.5),Mean,mcg/m3,UHF42,504,South Beach - Tottenville,Winter 2016-17,12/01/2016,6.87,
605787,365,Fine particles (PM 2.5),Mean,mcg/m3,UHF42,504,South Beach - Tottenville,Summer 2018,06/01/2018,7.35,
669713,365,Fine particles (PM 2.5),Mean,mcg/m3,UHF42,504,South Beach - Tottenville,Summer 2020,06/01/2020,6.51,
177212,365,Fine particles (PM 2.5),Mean,mcg/m3,UHF42,404,Bayside - Little Neck,Winter 2009-10,12/01/2009,9.1,
212951,365,Fine particles (PM 2.5),Mean,mcg/m3,UHF42,404,Bayside - Little Neck,Annual Average 2014,12/01/2013,8.31,
547463,365,Fine particles (PM 2.5),Mean,mcg/m3,UHF42,404,Bayside - Little Neck,Winter 2016-17,12/01/2016,7.87,
547461,365,Fine particles (PM 2.5),Mean,mcg/m3,UHF42,404,Bayside - Little Neck,Summer 2017,06/01/2017,8.65,
605757,365,Fine particles (PM 2.5),Mean,mcg/m3,UHF42,404,Bayside - Little Neck,Summer 2018,06/01/2018,8,
669743,365,Fine particles (PM 2.5),Mean,mcg/m3,UHF42,404,Bayside - Little Neck,Summer 2020,06/01/2020,6.73,
177905,365,Fine particles (PM 2.5),Mean,mcg/m3,UHF42,204,East New York,Summer 2012,06/01/2012,9.73,
177898,365,Fine particles (PM 2.5),Mean,mcg/m3,UHF42,104,Pelham - Throgs Neck,Summer 2012,06/01/2012,10.29,
177940,365,Fine particles (PM 2.5),Mean,mcg/m3,UHF42,104,Pelham - Throgs Neck,Summer 2013,06/01/2013,10.26,
605672,365,Fine particles (PM 2.5),Mean,mcg/m3,UHF42,104,Pelham - Throgs Neck,Annual Average 2018,01/01/2018,7,
410733,365,Fine particles (PM 2.5),Mean,mcg/m3,Borough,5,Staten Island,Summer 2016,06/01/2016,7.8,
742159,365,Fine particles (PM 2.5),Mean,mcg/m3,Borough,5,Staten Island,Winter 2020-21,12/01/2020,6.51,
410787,365,Fine particles (PM 2.5),Mean,mcg/m3,UHF42,211,Williamsburg - Bushwick,Summer 2016,06/01/2016,8.99,
742225,365,Fine particles (PM 2.5),Mean,mcg/m3,UHF42,304,Upper West Side,Winter 2020-21,12/01/2020,6.84,
177894,365,Fine particles (PM 2.5),Mean,mcg/m3,UHF42,504,South Beach - Tottenville,Summer 2011,06/01/2011,10.96,
410859,365,Fine particles (PM 2.5),Mean,mcg/m3,UHF42,504,South Beach - Tottenville,Summer 2016,06/01/2016,7.54,
742285,365,Fine particles (PM 2.5),Mean,mcg/m3,UHF42,504,South Beach - Tottenville,Winter 2020-21,12/01/2020,6.5,
410858,365,Fine particles (PM 2.5),Mean,mcg/m3,UHF42,504,South Beach - Tottenville,Winter 2015-16,12/01/2015,7.13,
177884,365,Fine particles (PM 2.5),Mean,mcg/m3,UHF42,404,Bayside - Little Neck,Summer 2011,06/01/2011,11.01,
177842,365,Fine particles (PM 2.5),Mean,mcg/m3,UHF42,404,Bayside - Little Neck,Summer 2010,06/01/2010,11.26,
410829,365,Fine particles (PM 2.5),Mean,mcg/m3,UHF42,404,Bayside - Little Neck,Summer 2016,06/01/2016,7.38,
410828,365,Fine particles (PM 2.5),Mean,mcg/m3,UHF42,404,Bayside - Little Neck,Winter 2015-16,12/01/2015,7.37,
742255,365,Fine particles (PM 2.5),Mean,mcg/m3,UHF42,404,Bayside - Little Neck,Winter 2020-21,12/01/2020,6.41,
173148,365,Fine particles (PM 2.5),Mean,mcg/m3,UHF34,409,Southeast Queens,Winter 2009-10,12/01/2009,8.85,
547571,365,Fine particles (PM 2.5),Mean,mcg/m3,UHF34,409,Southeast Queens,Winter 2016-17,12/01/2016,7.7,
605880,365,Fine particles (PM 2.5),Mean,mcg/m3,UHF34,404406,Bayside Little Neck-Fresh Meadows,Summer 2018,06/01/2018,8.01,
643428,375,Nitrogen dioxide (NO2),Mean,ppb,UHF42,409,Southeast Queens,Winter 2018-19,12/01/2018,17.99,
"628881,653,Asthma emergency departments visits due to Ozone,Estimated annual rate (under age 18),""per 100,000 children"",UHF42,206,Borough Park,2015-2017,01/01/2015,22.5,"
"130814,648,Asthma emergency department visits due to PM2.5,Estimated annual rate (under age 18),""per 100,000 children"",UHF42,310,Lower Manhattan,2005-2007,01/01/2005,71.6,"
336571,375,Nitrogen dioxide (NO2),Mean,ppb,UHF42,310,Lower Manhattan,Annual Average 2015,01/01/2015,26.61,
212443,375,Nitrogen dioxide (NO2),Mean,ppb,UHF42,310,Lower Manhattan,Summer 2014,06/01/2014,25.15,
643401,375,Nitrogen dioxide (NO2),Mean,ppb,UHF42,310,Lower Manhattan,Winter 2018-19,12/01/2018,27.74,
667219,375,Nitrogen dioxide (NO2),Mean,ppb,UHF42,310,Lower Manhattan,Annual Average 2020,01/01/2020,21.55,
176535,375,Nitrogen dioxide (NO2),Mean,ppb,UHF42,309,Union Square - Lower East Side,Annual Average 2009,12/01/2008,32.71,
222478,386,Ozone (O3),Mean,ppb,UHF42,206,Borough Park,Summer 2014,06/01/2014,30.68,
222628,386,Ozone (O3),Mean,ppb,UHF42,410,Rockaways,Summer 2014,06/01/2014,36.25,
222562,386,Ozone (O3),Mean,ppb,UHF42,309,Union Square - Lower East Side,Summer 2014,06/01/2014,26.93,
222622,386,Ozone (O3),Mean,ppb,UHF42,409,Southeast Queens,Summer 2014,06/01/2014,33.6,
175990,375,Nitrogen dioxide (NO2),Mean,ppb,UHF42,310,Lower Manhattan,Summer 2011,06/01/2011,31.05,
"628884,653,Asthma emergency departments visits due to Ozone,Estimated annual rate (under age 18),""per 100,000 children"",UHF42,209,Bensonhurst - Bay Ridge,2015-2017,01/01/2015,25.9,"
"518616,655,Asthma hospitalizations due to Ozone,Estimated annual rate (under age 18),""per 100,000 children"",UHF42,210,Coney Island - Sheepshead Bay,2012-2014,01/02/2012,7.3,"
"629002,655,Asthma hospitalizations due to Ozone,Estimated annual rate (under age 18),""per 100,000 children"",UHF42,410,Rockaways,2015-2017,01/01/2015,11,"
"518530,653,Asthma emergency departments visits due to Ozone,Estimated annual rate (under age 18),""per 100,000 children"",UHF42,309,Union Square - Lower East Side,2012-2014,01/02/2012,127,"
"518626,655,Asthma hospitalizations due to Ozone,Estimated annual rate (under age 18),""per 100,000 children"",UHF42,309,Union Square - Lower East Side,2012-2014,01/02/2012,14.1,"
"628895,653,Asthma emergency departments visits due to Ozone,Estimated annual rate (under age 18),""per 100,000 children"",UHF42,309,Union Square - Lower East Side,2015-2017,01/01/2015,124.9,"
"628991,655,Asthma hospitalizations due to Ozone,Estimated annual rate (under age 18),""per 100,000 children"",UHF42,309,Union Square - Lower East Side,2015-2017,01/01/2015,15.5,"
"518520,653,Asthma emergency departments visits due to Ozone,Estimated annual rate (under age 18),""per 100,000 children"",UHF42,210,Coney Island - Sheepshead Bay,2012-2014,01/02/2012,42.4,"
"628981,655,Asthma hospitalizations due to Ozone,Estimated annual rate (under age 18),""per 100,000 children"",UHF42,210,Coney Island - Sheepshead Bay,2015-2017,01/01/2015,6.7,"
"628885,653,Asthma emergency departments visits due to Ozone,Estimated annual rate (under age 18),""per 100,000 children"",UHF42,210,Coney Island - Sheepshead Bay,2015-2017,01/01/2015,46.2,"
"628977,655,Asthma hospitalizations due to Ozone,Estimated annual rate (under age 18),""per 100,000 children"",UHF42,206,Borough Park,2015-2017,01/01/2015,3,"
"518612,655,Asthma hospitalizations due to Ozone,Estimated annual rate (under age 18),""per 100,000 children"",UHF42,206,Borough Park,2012-2014,01/02/2012,3.5,"
"518597,655,Asthma hospitalizations due to Ozone,Estimated annual rate (under age 18),""per 100,000 children"",Borough,3,Manhattan,2012-2014,01/02/2012,20.6,"
"628905,653,Asthma emergency departments visits due to Ozone,Estimated annual rate (under age 18),""per 100,000 children"",UHF42,409,Southeast Queens,2015-2017,01/01/2015,60.1,"
178495,365,Fine particles (PM 2.5),Mean,mcg/m3,UHF42,206,Borough Park,Annual Average 2011,12/01/2010,10.07,
547586,365,Fine particles (PM 2.5),Mean,mcg/m3,UHF34,404406,Bayside Little Neck-Fresh Meadows,Winter 2016-17,12/01/2016,7.85,
121699,386,Ozone (O3),Mean,ppb,CD,414,Rockaway and Broad Channel (CD14),2-Year Summer Average 2009-2010,06/01/2009,30.55,
549459,386,Ozone (O3),Mean,ppb,CD,414,Rockaway and Broad Channel (CD14),Summer 2017,06/01/2017,35.3,
605362,386,Ozone (O3),Mean,ppb,CD,414,Rockaway and Broad Channel (CD14),Summer 2018,06/01/2018,35.29,
671092,386,Ozone (O3),Mean,ppb,CD,414,Rockaway and Broad Channel (CD14),Summer 2020,06/01/2020,31.59,
550081,375,Nitrogen dioxide (NO2),Mean,ppb,CD,307,Sunset Park (CD7),Summer 2017,06/01/2017,14.2,
603024,375,Nitrogen dioxide (NO2),Mean,ppb,CD,307,Sunset Park (CD7),Summer 2018,06/01/2018,14.48,
171657,375,Nitrogen dioxide (NO2),Mean,ppb,UHF34,404406,Bayside Little Neck-Fresh Meadows,Winter 2010-11,12/01/2010,27.47,
172745,375,Nitrogen dioxide (NO2),Mean,ppb,UHF34,404406,Bayside Little Neck-Fresh Meadows,Annual Average 2013,12/01/2012,17.46,
172099,375,Nitrogen dioxide (NO2),Mean,ppb,UHF34,404406,Bayside Little Neck-Fresh Meadows,Summer 2009,06/01/2009,17.8,
336708,375,Nitrogen dioxide (NO2),Mean,ppb,UHF34,404406,Bayside Little Neck-Fresh Meadows,Winter 2014-15,12/01/2014,23,
221837,386,Ozone (O3),Mean,ppb,UHF34,205,Sunset Park,Summer 2009,06/01/2009,24.63,
221969,386,Ozone (O3),Mean,ppb,UHF34,404406,Bayside Little Neck-Fresh Meadows,Summer 2009,06/01/2009,25.94,
172094,375,Nitrogen dioxide (NO2),Mean,ppb,UHF34,409,Southeast Queens,Summer 2009,06/01/2009,16.05,
171652,375,Nitrogen dioxide (NO2),Mean,ppb,UHF34,409,Southeast Queens,Winter 2010-11,12/01/2010,25.66,
172740,375,Nitrogen dioxide (NO2),Mean,ppb,UHF34,409,Southeast Queens,Annual Average 2013,12/01/2012,16.8,
549377,386,Ozone (O3),Mean,ppb,UHF34,205,Sunset Park,Summer 2017,06/01/2017,29.26,
670929,386,Ozone (O3),Mean,ppb,UHF34,205,Sunset Park,Summer 2020,06/01/2020,28.93,
175374,375,Nitrogen dioxide (NO2),Mean,ppb,UHF42,504,South Beach - Tottenville,Winter 2010-11,12/01/2010,20.56,
175920,375,Nitrogen dioxide (NO2),Mean,ppb,UHF42,504,South Beach - Tottenville,Summer 2009,06/01/2009,10.8,
549884,375,Nitrogen dioxide (NO2),Mean,ppb,UHF42,504,South Beach - Tottenville,Annual Average 2017,01/01/2017,11.7,
549399,386,Ozone (O3),Mean,ppb,UHF34,404406,Bayside Little Neck-Fresh Meadows,Summer 2017,06/01/2017,30.18,
605302,386,Ozone (O3),Mean,ppb,UHF34,404406,Bayside Little Neck-Fresh Meadows,Summer 2018,06/01/2018,31,
172145,375,Nitrogen dioxide (NO2),Mean,ppb,UHF34,205,Sunset Park,Summer 2011,06/01/2011,19.22,
412579,375,Nitrogen dioxide (NO2),Mean,ppb,UHF34,205,Sunset Park,Annual Average 2016,12/31/2015,19.32,
222423,386,Ozone (O3),Mean,ppb,UHF42,104,Pelham - Throgs Neck,Summer 2013,06/01/2013,32.06,
222507,386,Ozone (O3),Mean,ppb,UHF42,211,Williamsburg - Bushwick,Summer 2013,06/01/2013,29.7,
221971,386,Ozone (O3),Mean,ppb,UHF34,404406,Bayside Little Neck-Fresh Meadows,Summer 2011,06/01/2011,32.99,
221970,386,Ozone (O3),Mean,ppb,UHF34,404406,Bayside Little Neck-Fresh Meadows,Summer 2010,06/01/2010,33.4,
222650,386,Ozone (O3),Mean,ppb,UHF42,504,South Beach - Tottenville,Summer 2012,06/01/2012,35.27,
222651,386,Ozone (O3),Mean,ppb,UHF42,504,South Beach - Tottenville,Summer 2013,06/01/2013,32.66,
743685,386,Ozone (O3),Mean,ppb,UHF42,504,South Beach - Tottenville,Summer 2021,06/01/2021,30.21,
222591,386,Ozone (O3),Mean,ppb,UHF42,404,Bayside - Little Neck,Summer 2013,06/01/2013,30.76,
"518517,653,Asthma emergency departments visits due to Ozone,Estimated annual rate (under age 18),""per 100,000 children"",UHF42,207,East Flatbush - Flatbush,2012-2014,01/02/2012,137.4,"
"628882,653,Asthma emergency departments visits due to Ozone,Estimated annual rate (under age 18),""per 100,000 children"",UHF42,207,East Flatbush - Flatbush,2015-2017,01/01/2015,119.3,"
"628978,655,Asthma hospitalizations due to Ozone,Estimated annual rate (under age 18),""per 100,000 children"",UHF42,207,East Flatbush - Flatbush,2015-2017,01/01/2015,27.6,"
"518528,653,Asthma emergency departments visits due to Ozone,Estimated annual rate (under age 18),""per 100,000 children"",UHF42,307,Gramercy Park - Murray Hill,2012-2014,01/02/2012,48.8,"
"628865,653,Asthma emergency departments visits due to Ozone,Estimated annual rate (under age 18),""per 100,000 children"",Borough,2,Brooklyn,2015-2017,01/01/2015,87.3,"
"518634,655,Asthma hospitalizations due to Ozone,Estimated annual rate (under age 18),""per 100,000 children"",UHF42,407,Southwest Queens,2012-2014,01/02/2012,18.1,"
"628903,653,Asthma emergency departments visits due to Ozone,Estimated annual rate (under age 18),""per 100,000 children"",UHF42,407,Southwest Queens,2015-2017,01/01/2015,61.2,"
"628999,655,Asthma hospitalizations due to Ozone,Estimated annual rate (under age 18),""per 100,000 children"",UHF42,407,Southwest Queens,2015-2017,01/01/2015,11.3,"
"518539,653,Asthma emergency departments visits due to Ozone,Estimated annual rate (under age 18),""per 100,000 children"",UHF42,408,Jamaica,2012-2014,01/02/2012,133.6,"
178412,365,Fine particles (PM 2.5),Mean,mcg/m3,UHF42,207,East Flatbush - Flatbush,Annual Average 2009,12/01/2008,10.47,
177278,365,Fine particles (PM 2.5),Mean,mcg/m3,UHF42,207,East Flatbush - Flatbush,Winter 2011-12,12/01/2011,9.29,
547407,365,Fine particles (PM 2.5),Mean,mcg/m3,UHF42,207,East Flatbush - Flatbush,Summer 2017,06/01/2017,8.92,
547409,365,Fine particles (PM 2.5),Mean,mcg/m3,UHF42,207,East Flatbush - Flatbush,Winter 2016-17,12/01/2016,7.76,
605703,365,Fine particles (PM 2.5),Mean,mcg/m3,UHF42,207,East Flatbush - Flatbush,Summer 2018,06/01/2018,8.26,
669797,365,Fine particles (PM 2.5),Mean,mcg/m3,UHF42,207,East Flatbush - Flatbush,Summer 2020,06/01/2020,6.76,
214152,365,Fine particles (PM 2.5),Mean,mcg/m3,CD,403,Jackson Heights (CD3),Annual Average 2014,12/01/2013,8.7,
547682,365,Fine particles (PM 2.5),Mean,mcg/m3,CD,304,Bushwick (CD4),Winter 2016-17,12/01/2016,8.14,
605976,365,Fine particles (PM 2.5),Mean,mcg/m3,CD,304,Bushwick (CD4),Summer 2018,06/01/2018,8.75,
214134,365,Fine particles (PM 2.5),Mean,mcg/m3,CD,303,Bedford Stuyvesant (CD3),Annual Average 2014,12/01/2013,9.27,
547677,365,Fine particles (PM 2.5),Mean,mcg/m3,CD,303,Bedford Stuyvesant (CD3),Summer 2017,06/01/2017,9.29,
547679,365,Fine particles (PM 2.5),Mean,mcg/m3,CD,303,Bedford Stuyvesant (CD3),Winter 2016-17,12/01/2016,7.99,
605973,365,Fine particles (PM 2.5),Mean,mcg/m3,CD,303,Bedford Stuyvesant (CD3),Summer 2018,06/01/2018,8.55,
669888,365,Fine particles (PM 2.5),Mean,mcg/m3,CD,303,Bedford Stuyvesant (CD3),Summer 2020,06/01/2020,7.07,
"518596,655,Asthma hospitalizations due to Ozone,Estimated annual rate (under age 18),""per 100,000 children"",Borough,2,Brooklyn,2012-2014,01/02/2012,21.3,"
"151445,653,Asthma emergency departments visits due to Ozone,Estimated annual rate (under age 18),""per 100,000 children"",UHF42,208,Canarsie - Flatlands,2009-2011,01/01/2009,97.7,"
"151562,655,Asthma hospitalizations due to Ozone,Estimated annual rate (under age 18),""per 100,000 children"",UHF42,408,Jamaica,2009-2011,01/01/2009,28.3,"
"151466,653,Asthma emergency departments visits due to Ozone,Estimated annual rate (under age 18),""per 100,000 children"",UHF42,408,Jamaica,2009-2011,01/01/2009,144.7,"
"151561,655,Asthma hospitalizations due to Ozone,Estimated annual rate (under age 18),""per 100,000 children"",UHF42,407,Southwest Queens,2009-2011,01/01/2009,18.6,"
"151455,653,Asthma emergency departments visits due to Ozone,Estimated annual rate (under age 18),""per 100,000 children"",UHF42,307,Gramercy Park - Murray Hill,2009-2011,01/01/2009,70,"
178411,365,Fine particles (PM 2.5),Mean,mcg/m3,UHF42,206,Borough Park,Annual Average 2009,12/01/2008,10.27,
212806,365,Fine particles (PM 2.5),Mean,mcg/m3,UHF42,206,Borough Park,Summer 2014,06/01/2014,8.6,
333988,365,Fine particles (PM 2.5),Mean,mcg/m3,UHF42,206,Borough Park,Annual Average 2015,01/01/2015,8.44,
212936,365,Fine particles (PM 2.5),Mean,mcg/m3,UHF42,210,Coney Island - Sheepshead Bay,Annual Average 2014,12/01/2013,8.37,
605712,365,Fine particles (PM 2.5),Mean,mcg/m3,UHF42,210,Coney Island - Sheepshead Bay,Summer 2018,06/01/2018,7.87,
605700,365,Fine particles (PM 2.5),Mean,mcg/m3,UHF42,206,Borough Park,Summer 2018,06/01/2018,8.17,
669800,365,Fine particles (PM 2.5),Mean,mcg/m3,UHF42,206,Borough Park,Summer 2020,06/01/2020,6.74,
"628980,655,Asthma hospitalizations due to Ozone,Estimated annual rate (under age 18),""per 100,000 children"",UHF42,209,Bensonhurst - Bay Ridge,2015-2017,01/01/2015,4.7,"
"518501,653,Asthma emergency departments visits due to Ozone,Estimated annual rate (under age 18),""per 100,000 children"",Borough,3,Manhattan,2012-2014,01/02/2012,127.2,"
"628962,655,Asthma hospitalizations due to Ozone,Estimated annual rate (under age 18),""per 100,000 children"",Borough,3,Manhattan,2015-2017,01/01/2015,18,"
"628866,653,Asthma emergency departments visits due to Ozone,Estimated annual rate (under age 18),""per 100,000 children"",Borough,3,Manhattan,2015-2017,01/01/2015,113.3,"
"151542,655,Asthma hospitalizations due to Ozone,Estimated annual rate (under age 18),""per 100,000 children"",UHF42,209,Bensonhurst - Bay Ridge,2009-2011,01/01/2009,5,"
175978,375,Nitrogen dioxide (NO2),Mean,ppb,UHF42,209,Bensonhurst - Bay Ridge,Summer 2011,06/01/2011,16.98,
175936,375,Nitrogen dioxide (NO2),Mean,ppb,UHF42,209,Bensonhurst - Bay Ridge,Summer 2010,06/01/2010,16.91,
412472,375,Nitrogen dioxide (NO2),Mean,ppb,UHF42,209,Bensonhurst - Bay Ridge,Winter 2015-16,12/01/2015,22.68,
412473,375,Nitrogen dioxide (NO2),Mean,ppb,UHF42,209,Bensonhurst - Bay Ridge,Summer 2016,06/01/2016,13.27,
"628618,651,Cardiovascular hospitalizations due to PM2.5 (age 40+),Estimated annual rate,""per 100,000 adults"",UHF42,410,Rockaways,2015-2017,01/01/2015,21,"
"628607,651,Cardiovascular hospitalizations due to PM2.5 (age 40+),Estimated annual rate,""per 100,000 adults"",UHF42,309,Union Square - Lower East Side,2015-2017,01/01/2015,15.6,"
"518856,651,Cardiovascular hospitalizations due to PM2.5 (age 40+),Estimated annual rate,""per 100,000 adults"",UHF42,210,Coney Island - Sheepshead Bay,2012-2014,01/02/2012,15.01,"
"628597,651,Cardiovascular hospitalizations due to PM2.5 (age 40+),Estimated annual rate,""per 100,000 adults"",UHF42,210,Coney Island - Sheepshead Bay,2015-2017,01/01/2015,20,"
"518876,651,Cardiovascular hospitalizations due to PM2.5 (age 40+),Estimated annual rate,""per 100,000 adults"",UHF42,409,Southeast Queens,2012-2014,01/02/2012,11.22,"
"628596,651,Cardiovascular hospitalizations due to PM2.5 (age 40+),Estimated annual rate,""per 100,000 adults"",UHF42,209,Bensonhurst - Bay Ridge,2015-2017,01/01/2015,14.2,"
412476,375,Nitrogen dioxide (NO2),Mean,ppb,UHF42,210,Coney Island - Sheepshead Bay,Summer 2016,06/01/2016,10.44,
412475,375,Nitrogen dioxide (NO2),Mean,ppb,UHF42,210,Coney Island - Sheepshead Bay,Winter 2015-16,12/01/2015,21.29,
740941,375,Nitrogen dioxide (NO2),Mean,ppb,UHF42,210,Coney Island - Sheepshead Bay,Winter 2020-21,12/01/2020,21.65,
740929,375,Nitrogen dioxide (NO2),Mean,ppb,UHF42,206,Borough Park,Winter 2020-21,12/01/2020,23.01,
222502,386,Ozone (O3),Mean,ppb,UHF42,210,Coney Island - Sheepshead Bay,Summer 2014,06/01/2014,32.61,
176620,375,Nitrogen dioxide (NO2),Mean,ppb,UHF42,310,Lower Manhattan,Annual Average 2011,12/01/2010,33.5,
667213,375,Nitrogen dioxide (NO2),Mean,ppb,UHF42,309,Union Square - Lower East Side,Annual Average 2020,01/01/2020,19.69,
643398,375,Nitrogen dioxide (NO2),Mean,ppb,UHF42,309,Union Square - Lower East Side,Winter 2018-19,12/01/2018,25.9,
"151551,655,Asthma hospitalizations due to Ozone,Estimated annual rate (under age 18),""per 100,000 children"",UHF42,307,Gramercy Park - Murray Hill,2009-2011,01/01/2009,10.6,"
175987,375,Nitrogen dioxide (NO2),Mean,ppb,UHF42,307,Gramercy Park - Murray Hill,Summer 2011,06/01/2011,38.09,
"518853,651,Cardiovascular hospitalizations due to PM2.5 (age 40+),Estimated annual rate,""per 100,000 adults"",UHF42,207,East Flatbush - Flatbush,2012-2014,01/02/2012,13.42,"
"628594,651,Cardiovascular hospitalizations due to PM2.5 (age 40+),Estimated annual rate,""per 100,000 adults"",UHF42,207,East Flatbush - Flatbush,2015-2017,01/01/2015,18.3,"
"628606,651,Cardiovascular hospitalizations due to PM2.5 (age 40+),Estimated annual rate,""per 100,000 adults"",UHF42,308,Greenwich Village - SoHo,2015-2017,01/01/2015,8.3,"
"518864,651,Cardiovascular hospitalizations due to PM2.5 (age 40+),Estimated annual rate,""per 100,000 adults"",UHF42,307,Gramercy Park - Murray Hill,2012-2014,01/02/2012,12.08,"
"518836,651,Cardiovascular hospitalizations due to PM2.5 (age 40+),Estimated annual rate,""per 100,000 adults"",Borough,2,Brooklyn,2012-2014,01/02/2012,14.8,"
"518874,651,Cardiovascular hospitalizations due to PM2.5 (age 40+),Estimated annual rate,""per 100,000 adults"",UHF42,407,Southwest Queens,2012-2014,01/02/2012,13.3,"
"518875,651,Cardiovascular hospitalizations due to PM2.5 (age 40+),Estimated annual rate,""per 100,000 adults"",UHF42,408,Jamaica,2012-2014,01/02/2012,14.39,"
"518835,651,Cardiovascular hospitalizations due to PM2.5 (age 40+),Estimated annual rate,""per 100,000 adults"",Borough,1,Bronx,2012-2014,01/02/2012,15.49,"
175934,375,Nitrogen dioxide (NO2),Mean,ppb,UHF42,207,East Flatbush - Flatbush,Summer 2010,06/01/2010,18.96,
175976,375,Nitrogen dioxide (NO2),Mean,ppb,UHF42,207,East Flatbush - Flatbush,Summer 2011,06/01/2011,18.77,
412499,375,Nitrogen dioxide (NO2),Mean,ppb,UHF42,307,Gramercy Park - Murray Hill,Winter 2015-16,12/01/2015,32.41,
412500,375,Nitrogen dioxide (NO2),Mean,ppb,UHF42,307,Gramercy Park - Murray Hill,Summer 2016,06/01/2016,26.92,
176618,375,Nitrogen dioxide (NO2),Mean,ppb,UHF42,308,Greenwich Village - SoHo,Annual Average 2011,12/01/2010,32.25,
176534,375,Nitrogen dioxide (NO2),Mean,ppb,UHF42,308,Greenwich Village - SoHo,Annual Average 2009,12/01/2008,34.75,
212441,375,Nitrogen dioxide (NO2),Mean,ppb,UHF42,308,Greenwich Village - SoHo,Summer 2014,06/01/2014,23.91,
667201,375,Nitrogen dioxide (NO2),Mean,ppb,UHF42,307,Gramercy Park - Murray Hill,Annual Average 2020,01/01/2020,24.27,
176617,375,Nitrogen dioxide (NO2),Mean,ppb,UHF42,307,Gramercy Park - Murray Hill,Annual Average 2011,12/01/2010,39.18,
212440,375,Nitrogen dioxide (NO2),Mean,ppb,UHF42,307,Gramercy Park - Murray Hill,Summer 2014,06/01/2014,31.56,
176522,375,Nitrogen dioxide (NO2),Mean,ppb,UHF42,207,East Flatbush - Flatbush,Annual Average 2009,12/01/2008,25.14,
667791,375,Nitrogen dioxide (NO2),Mean,ppb,CD,404,Elmhurst and Corona (CD4),Summer 2020,06/01/2020,12.36,
550128,375,Nitrogen dioxide (NO2),Mean,ppb,CD,404,Elmhurst and Corona (CD4),Winter 2016-17,12/01/2016,27.56,
603069,375,Nitrogen dioxide (NO2),Mean,ppb,CD,404,Elmhurst and Corona (CD4),Summer 2018,06/01/2018,14.87,
550126,375,Nitrogen dioxide (NO2),Mean,ppb,CD,404,Elmhurst and Corona (CD4),Summer 2017,06/01/2017,16.66,
550123,375,Nitrogen dioxide (NO2),Mean,ppb,CD,403,Jackson Heights (CD3),Summer 2017,06/01/2017,15.68,
165838,375,Nitrogen dioxide (NO2),Mean,ppb,CD,317,East Flatbush (CD17),Winter 2009-10,12/01/2009,28.08,
165956,375,Nitrogen dioxide (NO2),Mean,ppb,CD,317,East Flatbush (CD17),Winter 2011-12,12/01/2011,24.35,
550111,375,Nitrogen dioxide (NO2),Mean,ppb,CD,317,East Flatbush (CD17),Summer 2017,06/01/2017,13.82,
550113,375,Nitrogen dioxide (NO2),Mean,ppb,CD,317,East Flatbush (CD17),Winter 2016-17,12/01/2016,25.34,
669753,365,Fine particles (PM 2.5),Mean,mcg/m3,UHF42,401,Long Island City - Astoria,Winter 2019-20,12/01/2019,8.31,
411030,365,Fine particles (PM 2.5),Mean,mcg/m3,CD,210,Throgs Neck and Co-op City (CD10),Summer 2016,06/01/2016,8.01,
742456,365,Fine particles (PM 2.5),Mean,mcg/m3,CD,210,Throgs Neck and Co-op City (CD10),Winter 2020-21,12/01/2020,6.47,
411036,365,Fine particles (PM 2.5),Mean,mcg/m3,CD,212,Williamsbridge and Baychester (CD12),Summer 2016,06/01/2016,7.84,
605748,365,Fine particles (PM 2.5),Mean,mcg/m3,UHF42,401,Long Island City - Astoria,Summer 2018,06/01/2018,9.43,
669752,365,Fine particles (PM 2.5),Mean,mcg/m3,UHF42,401,Long Island City - Astoria,Summer 2020,06/01/2020,7.76,
547454,365,Fine particles (PM 2.5),Mean,mcg/m3,UHF42,401,Long Island City - Astoria,Winter 2016-17,12/01/2016,8.85,
410819,365,Fine particles (PM 2.5),Mean,mcg/m3,UHF42,401,Long Island City - Astoria,Winter 2015-16,12/01/2015,9.1,
410820,365,Fine particles (PM 2.5),Mean,mcg/m3,UHF42,401,Long Island City - Astoria,Summer 2016,06/01/2016,9.23,
742246,365,Fine particles (PM 2.5),Mean,mcg/m3,UHF42,401,Long Island City - Astoria,Winter 2020-21,12/01/2020,7.36,
178574,365,Fine particles (PM 2.5),Mean,mcg/m3,UHF42,201,Greenpoint,Annual Average 2013,12/01/2012,10,
177230,365,Fine particles (PM 2.5),Mean,mcg/m3,UHF42,201,Greenpoint,Winter 2010-11,12/01/2010,14.07,
669754,365,Fine particles (PM 2.5),Mean,mcg/m3,UHF42,401,Long Island City - Astoria,Annual Average 2020,01/01/2020,6.83,
649749,365,Fine particles (PM 2.5),Mean,mcg/m3,UHF42,401,Long Island City - Astoria,Winter 2018-19,12/01/2018,8.62,
212822,365,Fine particles (PM 2.5),Mean,mcg/m3,UHF42,401,Long Island City - Astoria,Summer 2014,06/01/2014,9.59,
178501,365,Fine particles (PM 2.5),Mean,mcg/m3,UHF42,301,Washington Heights,Annual Average 2011,12/01/2010,11.12,
130415,640,Boiler Emissions- Total SO2 Emissions,Number per km2,number,UHF42,301,Washington Heights,2013,01/01/2013,51,
168476,365,Fine particles (PM 2.5),Mean,mcg/m3,CD,212,Williamsbridge and Baychester (CD12),Winter 2009-10,12/01/2009,10.29,
547662,365,Fine particles (PM 2.5),Mean,mcg/m3,CD,210,Throgs Neck and Co-op City (CD10),Summer 2017,06/01/2017,9.24,
547664,365,Fine particles (PM 2.5),Mean,mcg/m3,CD,210,Throgs Neck and Co-op City (CD10),Winter 2016-17,12/01/2016,8.21,
214131,365,Fine particles (PM 2.5),Mean,mcg/m3,CD,212,Williamsbridge and Baychester (CD12),Annual Average 2014,12/01/2013,8.91,
412512,375,Nitrogen dioxide (NO2),Mean,ppb,UHF42,401,Long Island City - Astoria,Summer 2016,06/01/2016,16.02,
740977,375,Nitrogen dioxide (NO2),Mean,ppb,UHF42,401,Long Island City - Astoria,Winter 2020-21,12/01/2020,23.07,
212444,375,Nitrogen dioxide (NO2),Mean,ppb,UHF42,401,Long Island City - Astoria,Summer 2014,06/01/2014,16.92,
"131418,648,Asthma emergency department visits due to PM2.5,Estimated annual rate (under age 18),""per 100,000 children"",UHF42,201,Greenpoint,2009-2011,01/01/2009,59.6,"
667225,375,Nitrogen dioxide (NO2),Mean,ppb,UHF42,401,Long Island City - Astoria,Annual Average 2020,01/01/2020,18.94,
643404,375,Nitrogen dioxide (NO2),Mean,ppb,UHF42,401,Long Island City - Astoria,Winter 2018-19,12/01/2018,25.7,
176537,375,Nitrogen dioxide (NO2),Mean,ppb,UHF42,401,Long Island City - Astoria,Annual Average 2009,12/01/2008,26.29,
176621,375,Nitrogen dioxide (NO2),Mean,ppb,UHF42,401,Long Island City - Astoria,Annual Average 2011,12/01/2010,25.24,
222634,386,Ozone (O3),Mean,ppb,UHF42,501,Port Richmond,Summer 2014,06/01/2014,30.23,
740949,375,Nitrogen dioxide (NO2),Mean,ppb,UHF42,301,Washington Heights,Annual Average 2021,01/01/2021,17.1,
"518522,653,Asthma emergency departments visits due to Ozone,Estimated annual rate (under age 18),""per 100,000 children"",UHF42,301,Washington Heights,2012-2014,01/02/2012,126.2,"
"518542,653,Asthma emergency departments visits due to Ozone,Estimated annual rate (under age 18),""per 100,000 children"",UHF42,501,Port Richmond,2012-2014,01/02/2012,109.6,"
"518638,655,Asthma hospitalizations due to Ozone,Estimated annual rate (under age 18),""per 100,000 children"",UHF42,501,Port Richmond,2012-2014,01/02/2012,22.3,"
"518511,653,Asthma emergency departments visits due to Ozone,Estimated annual rate (under age 18),""per 100,000 children"",UHF42,201,Greenpoint,2012-2014,01/02/2012,50.5,"
"518607,655,Asthma hospitalizations due to Ozone,Estimated annual rate (under age 18),""per 100,000 children"",UHF42,201,Greenpoint,2012-2014,01/02/2012,6.4,"
"518618,655,Asthma hospitalizations due to Ozone,Estimated annual rate (under age 18),""per 100,000 children"",UHF42,301,Washington Heights,2012-2014,01/02/2012,19.1,"
168580,365,Fine particles (PM 2.5),Mean,mcg/m3,CD,110,Central Harlem (CD10),Winter 2011-12,12/01/2011,10.81,
168462,365,Fine particles (PM 2.5),Mean,mcg/m3,CD,110,Central Harlem (CD10),Winter 2009-10,12/01/2009,11.46,
214117,365,Fine particles (PM 2.5),Mean,mcg/m3,CD,110,Central Harlem (CD10),Annual Average 2014,12/01/2013,9.67,
547628,365,Fine particles (PM 2.5),Mean,mcg/m3,CD,110,Central Harlem (CD10),Winter 2016-17,12/01/2016,8.24,
"518504,653,Asthma emergency departments visits due to Ozone,Estimated annual rate (under age 18),""per 100,000 children"",UHF42,101,Kingsbridge - Riverdale,2012-2014,01/02/2012,102.7,"
"518600,655,Asthma hospitalizations due to Ozone,Estimated annual rate (under age 18),""per 100,000 children"",UHF42,101,Kingsbridge - Riverdale,2012-2014,01/02/2012,22.7,"
"628869,653,Asthma emergency departments visits due to Ozone,Estimated annual rate (under age 18),""per 100,000 children"",UHF42,101,Kingsbridge - Riverdale,2015-2017,01/01/2015,79.5,"
"628965,655,Asthma hospitalizations due to Ozone,Estimated annual rate (under age 18),""per 100,000 children"",UHF42,101,Kingsbridge - Riverdale,2015-2017,01/01/2015,15.1,"
"151438,653,Asthma emergency departments visits due to Ozone,Estimated annual rate (under age 18),""per 100,000 children"",UHF42,201,Greenpoint,2009-2011,01/01/2009,58.6,"
"151534,655,Asthma hospitalizations due to Ozone,Estimated annual rate (under age 18),""per 100,000 children"",UHF42,201,Greenpoint,2009-2011,01/01/2009,10.3,"
412482,375,Nitrogen dioxide (NO2),Mean,ppb,UHF42,301,Washington Heights,Summer 2016,06/01/2016,16.19,
412481,375,Nitrogen dioxide (NO2),Mean,ppb,UHF42,301,Washington Heights,Winter 2015-16,12/01/2015,23.4,
"518878,651,Cardiovascular hospitalizations due to PM2.5 (age 40+),Estimated annual rate,""per 100,000 adults"",UHF42,501,Port Richmond,2012-2014,01/02/2012,12.49,"
"518847,651,Cardiovascular hospitalizations due to PM2.5 (age 40+),Estimated annual rate,""per 100,000 adults"",UHF42,201,Greenpoint,2012-2014,01/02/2012,15.84,"
"518858,651,Cardiovascular hospitalizations due to PM2.5 (age 40+),Estimated annual rate,""per 100,000 adults"",UHF42,301,Washington Heights,2012-2014,01/02/2012,14,"
740947,375,Nitrogen dioxide (NO2),Mean,ppb,UHF42,301,Washington Heights,Winter 2020-21,12/01/2020,20.46,
212434,375,Nitrogen dioxide (NO2),Mean,ppb,UHF42,301,Washington Heights,Summer 2014,06/01/2014,17.09,
550061,375,Nitrogen dioxide (NO2),Mean,ppb,CD,212,Williamsbridge and Baychester (CD12),Annual Average 2017,01/01/2017,18.35,
741195,375,Nitrogen dioxide (NO2),Mean,ppb,CD,212,Williamsbridge and Baychester (CD12),Annual Average 2021,01/01/2021,15.64,
"518714,652,Cardiac and respiratory deaths due to Ozone,Estimated annual rate,""per 100,000"",UHF42,301,Washington Heights,2012-2014,01/02/2012,3.9,"
"518696,652,Cardiac and respiratory deaths due to Ozone,Estimated annual rate,""per 100,000"",UHF42,101,Kingsbridge - Riverdale,2012-2014,01/02/2012,10.5,"
"629157,652,Cardiac and respiratory deaths due to Ozone,Estimated annual rate,""per 100,000"",UHF42,101,Kingsbridge - Riverdale,2015-2017,01/01/2015,8.3,"
"628995,655,Asthma hospitalizations due to Ozone,Estimated annual rate (under age 18),""per 100,000 children"",UHF42,403,Flushing - Clearview,2015-2017,01/01/2015,8.5,"
"628985,655,Asthma hospitalizations due to Ozone,Estimated annual rate (under age 18),""per 100,000 children"",UHF42,303,East Harlem,2015-2017,01/01/2015,36.9,"
"518506,653,Asthma emergency departments visits due to Ozone,Estimated annual rate (under age 18),""per 100,000 children"",UHF42,103,Fordham - Bronx Pk,2012-2014,01/02/2012,232.6,"
"131433,648,Asthma emergency department visits due to PM2.5,Estimated annual rate (under age 18),""per 100,000 children"",UHF42,305,Upper East Side,2009-2011,01/01/2009,35.5,"
"131422,648,Asthma emergency department visits due to PM2.5,Estimated annual rate (under age 18),""per 100,000 children"",UHF42,205,Sunset Park,2009-2011,01/01/2009,51.3,"
"151559,655,Asthma hospitalizations due to Ozone,Estimated annual rate (under age 18),""per 100,000 children"",UHF42,405,Ridgewood - Forest Hills,2009-2011,01/01/2009,16,"
"151463,653,Asthma emergency departments visits due to Ozone,Estimated annual rate (under age 18),""per 100,000 children"",UHF42,405,Ridgewood - Forest Hills,2009-2011,01/01/2009,56.3,"
740953,375,Nitrogen dioxide (NO2),Mean,ppb,UHF42,303,East Harlem,Winter 2020-21,12/01/2020,22.03,
175983,375,Nitrogen dioxide (NO2),Mean,ppb,UHF42,303,East Harlem,Summer 2011,06/01/2011,23.33,
"628590,651,Cardiovascular hospitalizations due to PM2.5 (age 40+),Estimated annual rate,""per 100,000 adults"",UHF42,203,Bedford Stuyvesant - Crown Heights,2015-2017,01/01/2015,22.3,"
"518870,651,Cardiovascular hospitalizations due to PM2.5 (age 40+),Estimated annual rate,""per 100,000 adults"",UHF42,403,Flushing - Clearview,2012-2014,01/02/2012,9.2,"
"628611,651,Cardiovascular hospitalizations due to PM2.5 (age 40+),Estimated annual rate,""per 100,000 adults"",UHF42,403,Flushing - Clearview,2015-2017,01/01/2015,12.8,"
"518860,651,Cardiovascular hospitalizations due to PM2.5 (age 40+),Estimated annual rate,""per 100,000 adults"",UHF42,303,East Harlem,2012-2014,01/02/2012,20.69,"
740959,375,Nitrogen dioxide (NO2),Mean,ppb,UHF42,305,Upper East Side,Winter 2020-21,12/01/2020,24,
175985,375,Nitrogen dioxide (NO2),Mean,ppb,UHF42,305,Upper East Side,Summer 2011,06/01/2011,28.61,
175943,375,Nitrogen dioxide (NO2),Mean,ppb,UHF42,305,Upper East Side,Summer 2010,06/01/2010,28.98,
412494,375,Nitrogen dioxide (NO2),Mean,ppb,UHF42,305,Upper East Side,Summer 2016,06/01/2016,20.78,
412493,375,Nitrogen dioxide (NO2),Mean,ppb,UHF42,305,Upper East Side,Winter 2015-16,12/01/2015,28.02,
176539,375,Nitrogen dioxide (NO2),Mean,ppb,UHF42,403,Flushing - Clearview,Annual Average 2009,12/01/2008,22.68,
212446,375,Nitrogen dioxide (NO2),Mean,ppb,UHF42,403,Flushing - Clearview,Summer 2014,06/01/2014,14.58,
176623,375,Nitrogen dioxide (NO2),Mean,ppb,UHF42,403,Flushing - Clearview,Annual Average 2011,12/01/2010,21.94,
667189,375,Nitrogen dioxide (NO2),Mean,ppb,UHF42,305,Upper East Side,Annual Average 2020,01/01/2020,20.89,
643380,375,Nitrogen dioxide (NO2),Mean,ppb,UHF42,303,East Harlem,Winter 2018-19,12/01/2018,24.44,
667177,375,Nitrogen dioxide (NO2),Mean,ppb,UHF42,303,East Harlem,Annual Average 2020,01/01/2020,18.77,
176613,375,Nitrogen dioxide (NO2),Mean,ppb,UHF42,303,East Harlem,Annual Average 2011,12/01/2010,27.65,
176529,375,Nitrogen dioxide (NO2),Mean,ppb,UHF42,303,East Harlem,Annual Average 2009,12/01/2008,29.9,
212436,375,Nitrogen dioxide (NO2),Mean,ppb,UHF42,303,East Harlem,Summer 2014,06/01/2014,19.16,
176615,375,Nitrogen dioxide (NO2),Mean,ppb,UHF42,305,Upper East Side,Annual Average 2011,12/01/2010,31.52,
176531,375,Nitrogen dioxide (NO2),Mean,ppb,UHF42,305,Upper East Side,Annual Average 2009,12/01/2008,34.29,
336556,375,Nitrogen dioxide (NO2),Mean,ppb,UHF42,305,Upper East Side,Annual Average 2015,01/01/2015,25.67,
213626,375,Nitrogen dioxide (NO2),Mean,ppb,CD,408,Hillcrest and Fresh Meadows (CD8),Annual Average 2014,12/01/2013,18.82,
176524,375,Nitrogen dioxide (NO2),Mean,ppb,UHF42,209,Bensonhurst - Bay Ridge,Annual Average 2009,12/01/2008,22.54,
336535,375,Nitrogen dioxide (NO2),Mean,ppb,UHF42,209,Bensonhurst - Bay Ridge,Annual Average 2015,01/01/2015,18.62,
212432,375,Nitrogen dioxide (NO2),Mean,ppb,UHF42,210,Coney Island - Sheepshead Bay,Summer 2014,06/01/2014,11.77,
667153,375,Nitrogen dioxide (NO2),Mean,ppb,UHF42,210,Coney Island - Sheepshead Bay,Annual Average 2020,01/01/2020,13.78,
"629169,652,Cardiac and respiratory deaths due to Ozone,Estimated annual rate,""per 100,000"",UHF42,206,Borough Park,2015-2017,01/01/2015,4.8,"
"629172,652,Cardiac and respiratory deaths due to Ozone,Estimated annual rate,""per 100,000"",UHF42,209,Bensonhurst - Bay Ridge,2015-2017,01/01/2015,6.3,"
"518693,652,Cardiac and respiratory deaths due to Ozone,Estimated annual rate,""per 100,000"",Borough,3,Manhattan,2012-2014,01/02/2012,4.2,"
"518701,652,Cardiac and respiratory deaths due to Ozone,Estimated annual rate,""per 100,000"",UHF42,106,High Bridge - Morrisania,2012-2014,01/02/2012,3.7,"
"629162,652,Cardiac and respiratory deaths due to Ozone,Estimated annual rate,""per 100,000"",UHF42,106,High Bridge - Morrisania,2015-2017,01/01/2015,3.9,"
550164,375,Nitrogen dioxide (NO2),Mean,ppb,CD,502,South Beach and Willowbrook (CD2),Winter 2016-17,12/01/2016,18.41,
667863,375,Nitrogen dioxide (NO2),Mean,ppb,CD,502,South Beach and Willowbrook (CD2),Summer 2020,06/01/2020,7.5,
603060,375,Nitrogen dioxide (NO2),Mean,ppb,CD,401,Long Island City and Astoria (CD1),Summer 2018,06/01/2018,14.73,
667773,375,Nitrogen dioxide (NO2),Mean,ppb,CD,401,Long Island City and Astoria (CD1),Summer 2020,06/01/2020,12.83,
213620,375,Nitrogen dioxide (NO2),Mean,ppb,CD,402,Woodside and Sunnyside (CD2),Annual Average 2014,12/01/2013,21.94,
603063,375,Nitrogen dioxide (NO2),Mean,ppb,CD,402,Woodside and Sunnyside (CD2),Summer 2018,06/01/2018,16.56,
667779,375,Nitrogen dioxide (NO2),Mean,ppb,CD,402,Woodside and Sunnyside (CD2),Summer 2020,06/01/2020,14.58,
602811,375,Nitrogen dioxide (NO2),Mean,ppb,UHF42,409,Southeast Queens,Summer 2018,06/01/2018,12.22,
168672,365,Fine particles (PM 2.5),Mean,mcg/m3,CD,401,Long Island City and Astoria (CD1),Winter 2012-13,12/01/2012,10.77,
334310,365,Fine particles (PM 2.5),Mean,mcg/m3,CD,401,Long Island City and Astoria (CD1),Summer 2015,06/01/2015,9.72,
334259,365,Fine particles (PM 2.5),Mean,mcg/m3,CD,302,Fort Greene and Brooklyn Heights (CD2),Summer 2015,06/01/2015,10.25,
669884,365,Fine particles (PM 2.5),Mean,mcg/m3,CD,302,Fort Greene and Brooklyn Heights (CD2),Winter 2019-20,12/01/2019,8.68,
649970,365,Fine particles (PM 2.5),Mean,mcg/m3,CD,302,Fort Greene and Brooklyn Heights (CD2),Summer 2019,06/01/2019,8.61,
168654,365,Fine particles (PM 2.5),Mean,mcg/m3,CD,301,Greenpoint and Williamsburg (CD1),Winter 2012-13,12/01/2012,11.72,
602784,375,Nitrogen dioxide (NO2),Mean,ppb,UHF42,310,Lower Manhattan,Summer 2018,06/01/2018,21.79,
175401,375,Nitrogen dioxide (NO2),Mean,ppb,UHF42,309,Union Square - Lower East Side,Winter 2011-12,12/01/2011,30.14,
175317,375,Nitrogen dioxide (NO2),Mean,ppb,UHF42,309,Union Square - Lower East Side,Winter 2009-10,12/01/2009,32.14,
175402,375,Nitrogen dioxide (NO2),Mean,ppb,UHF42,310,Lower Manhattan,Winter 2011-12,12/01/2011,32.03,
667215,375,Nitrogen dioxide (NO2),Mean,ppb,UHF42,309,Union Square - Lower East Side,Summer 2020,06/01/2020,14.45,
165840,375,Nitrogen dioxide (NO2),Mean,ppb,CD,401,Long Island City and Astoria (CD1),Winter 2009-10,12/01/2009,26.43,
165958,375,Nitrogen dioxide (NO2),Mean,ppb,CD,401,Long Island City and Astoria (CD1),Winter 2011-12,12/01/2011,25.25,
603054,375,Nitrogen dioxide (NO2),Mean,ppb,CD,317,East Flatbush (CD17),Summer 2018,06/01/2018,12.46,
"518691,652,Cardiac and respiratory deaths due to Ozone,Estimated annual rate,""per 100,000"",Borough,1,Bronx,2012-2014,01/02/2012,5,"
"518710,652,Cardiac and respiratory deaths due to Ozone,Estimated annual rate,""per 100,000"",UHF42,208,Canarsie - Flatlands,2012-2014,01/02/2012,5.9,"
"518730,652,Cardiac and respiratory deaths due to Ozone,Estimated annual rate,""per 100,000"",UHF42,407,Southwest Queens,2012-2014,01/02/2012,4.1,"
"629181,652,Cardiac and respiratory deaths due to Ozone,Estimated annual rate,""per 100,000"",UHF42,307,Gramercy Park - Murray Hill,2015-2017,01/01/2015,3.6,"
"518721,652,Cardiac and respiratory deaths due to Ozone,Estimated annual rate,""per 100,000"",UHF42,308,Greenwich Village - SoHo,2012-2014,01/02/2012,2.8,"
"518709,652,Cardiac and respiratory deaths due to Ozone,Estimated annual rate,""per 100,000"",UHF42,207,East Flatbush - Flatbush,2012-2014,01/02/2012,4.7,"
"629170,652,Cardiac and respiratory deaths due to Ozone,Estimated annual rate,""per 100,000"",UHF42,207,East Flatbush - Flatbush,2015-2017,01/01/2015,4.8,"
"629191,652,Cardiac and respiratory deaths due to Ozone,Estimated annual rate,""per 100,000"",UHF42,407,Southwest Queens,2015-2017,01/01/2015,3.8,"
"518731,652,Cardiac and respiratory deaths due to Ozone,Estimated annual rate,""per 100,000"",UHF42,408,Jamaica,2012-2014,01/02/2012,5.4,"
"629153,652,Cardiac and respiratory deaths due to Ozone,Estimated annual rate,""per 100,000"",Borough,2,Brooklyn,2015-2017,01/01/2015,5,"
165957,375,Nitrogen dioxide (NO2),Mean,ppb,CD,318,Flatlands and Canarsie (CD18),Winter 2011-12,12/01/2011,20.27,
165974,375,Nitrogen dioxide (NO2),Mean,ppb,CD,503,Tottenville and Great Kills (CD3),Winter 2011-12,12/01/2011,15.98,
165856,375,Nitrogen dioxide (NO2),Mean,ppb,CD,503,Tottenville and Great Kills (CD3),Winter 2009-10,12/01/2009,16.69,
213635,375,Nitrogen dioxide (NO2),Mean,ppb,CD,503,Tottenville and Great Kills (CD3),Annual Average 2014,12/01/2013,12.53,
667767,375,Nitrogen dioxide (NO2),Mean,ppb,CD,318,Flatlands and Canarsie (CD18),Summer 2020,06/01/2020,8.61,
603057,375,Nitrogen dioxide (NO2),Mean,ppb,CD,318,Flatlands and Canarsie (CD18),Summer 2018,06/01/2018,9.03,
550114,375,Nitrogen dioxide (NO2),Mean,ppb,CD,318,Flatlands and Canarsie (CD18),Summer 2017,06/01/2017,10.31,
550125,375,Nitrogen dioxide (NO2),Mean,ppb,CD,403,Jackson Heights (CD3),Winter 2016-17,12/01/2016,26.95,
175326,375,Nitrogen dioxide (NO2),Mean,ppb,UHF42,408,Jamaica,Winter 2009-10,12/01/2009,25.35,
175410,375,Nitrogen dioxide (NO2),Mean,ppb,UHF42,408,Jamaica,Winter 2011-12,12/01/2011,22.78,
212577,375,Nitrogen dioxide (NO2),Mean,ppb,UHF42,408,Jamaica,Annual Average 2014,12/01/2013,18.81,
549865,375,Nitrogen dioxide (NO2),Mean,ppb,UHF42,408,Jamaica,Summer 2017,06/01/2017,13.67,
667269,375,Nitrogen dioxide (NO2),Mean,ppb,UHF42,408,Jamaica,Summer 2020,06/01/2020,9.35,
650018,365,Fine particles (PM 2.5),Mean,mcg/m3,CD,318,Flatlands and Canarsie (CD18),Summer 2019,06/01/2019,7.68,
669932,365,Fine particles (PM 2.5),Mean,mcg/m3,CD,318,Flatlands and Canarsie (CD18),Winter 2019-20,12/01/2019,6.84,
169382,365,Fine particles (PM 2.5),Mean,mcg/m3,CD,403,Jackson Heights (CD3),Summer 2010,06/01/2010,11.61,
411048,365,Fine particles (PM 2.5),Mean,mcg/m3,CD,304,Bushwick (CD4),Summer 2016,06/01/2016,8.42,
411047,365,Fine particles (PM 2.5),Mean,mcg/m3,CD,304,Bushwick (CD4),Winter 2015-16,12/01/2015,8.8,
742474,365,Fine particles (PM 2.5),Mean,mcg/m3,CD,304,Bushwick (CD4),Winter 2020-21,12/01/2020,7.06,
411044,365,Fine particles (PM 2.5),Mean,mcg/m3,CD,303,Bedford Stuyvesant (CD3),Winter 2015-16,12/01/2015,8.93,
742471,365,Fine particles (PM 2.5),Mean,mcg/m3,CD,303,Bedford Stuyvesant (CD3),Winter 2020-21,12/01/2020,7.02,
"151390,652,Cardiac and respiratory deaths due to Ozone,Estimated annual rate,""per 100,000"",UHF42,201,Greenpoint,2009-2011,01/01/2009,3.6,"
550098,375,Nitrogen dioxide (NO2),Mean,ppb,CD,312,Borough Park (CD12),Winter 2016-17,12/01/2016,25.19,
550096,375,Nitrogen dioxide (NO2),Mean,ppb,CD,312,Borough Park (CD12),Summer 2017,06/01/2017,14.01,
603039,375,Nitrogen dioxide (NO2),Mean,ppb,CD,312,Borough Park (CD12),Summer 2018,06/01/2018,12.98,
667731,375,Nitrogen dioxide (NO2),Mean,ppb,CD,312,Borough Park (CD12),Summer 2020,06/01/2020,10.94,
213610,375,Nitrogen dioxide (NO2),Mean,ppb,CD,310,Bay Ridge and Dyker Heights (CD10),Annual Average 2014,12/01/2013,19.63,
165831,375,Nitrogen dioxide (NO2),Mean,ppb,CD,310,Bay Ridge and Dyker Heights (CD10),Winter 2009-10,12/01/2009,26.97,
603033,375,Nitrogen dioxide (NO2),Mean,ppb,CD,310,Bay Ridge and Dyker Heights (CD10),Summer 2018,06/01/2018,12.36,
667165,375,Nitrogen dioxide (NO2),Mean,ppb,UHF42,301,Washington Heights,Annual Average 2020,01/01/2020,18.08,
212570,375,Nitrogen dioxide (NO2),Mean,ppb,UHF42,401,Long Island City - Astoria,Annual Average 2014,12/01/2013,22.07,
650000,365,Fine particles (PM 2.5),Mean,mcg/m3,CD,312,Borough Park (CD12),Summer 2019,06/01/2019,7.96,
334283,365,Fine particles (PM 2.5),Mean,mcg/m3,CD,310,Bay Ridge and Dyker Heights (CD10),Summer 2015,06/01/2015,9.15,
169406,365,Fine particles (PM 2.5),Mean,mcg/m3,CD,110,Central Harlem (CD10),Summer 2011,06/01/2011,11.88,
169347,365,Fine particles (PM 2.5),Mean,mcg/m3,CD,110,Central Harlem (CD10),Summer 2010,06/01/2010,12.43,
410994,365,Fine particles (PM 2.5),Mean,mcg/m3,CD,110,Central Harlem (CD10),Summer 2016,06/01/2016,8.6,
669908,365,Fine particles (PM 2.5),Mean,mcg/m3,CD,310,Bay Ridge and Dyker Heights (CD10),Winter 2019-20,12/01/2019,7.84,
602787,375,Nitrogen dioxide (NO2),Mean,ppb,UHF42,401,Long Island City - Astoria,Summer 2018,06/01/2018,16.35,
549846,375,Nitrogen dioxide (NO2),Mean,ppb,UHF42,401,Long Island City - Astoria,Winter 2016-17,12/01/2016,26.93,
667227,375,Nitrogen dioxide (NO2),Mean,ppb,UHF42,401,Long Island City - Astoria,Summer 2020,06/01/2020,14.24,
175319,375,Nitrogen dioxide (NO2),Mean,ppb,UHF42,401,Long Island City - Astoria,Winter 2009-10,12/01/2009,27.27,
667719,375,Nitrogen dioxide (NO2),Mean,ppb,CD,310,Bay Ridge and Dyker Heights (CD10),Summer 2020,06/01/2020,10.09,
121697,386,Ozone (O3),Mean,ppb,CD,412,Jamaica and Hollis (CD12),2-Year Summer Average 2009-2010,06/01/2009,27.89,
121667,386,Ozone (O3),Mean,ppb,CD,212,Williamsbridge and Baychester (CD12),2-Year Summer Average 2009-2010,06/01/2009,28.55,
121665,386,Ozone (O3),Mean,ppb,CD,210,Throgs Neck and Co-op City (CD10),2-Year Summer Average 2009-2010,06/01/2009,29.53,
549425,386,Ozone (O3),Mean,ppb,CD,210,Throgs Neck and Co-op City (CD10),Summer 2017,06/01/2017,30.23,
670881,386,Ozone (O3),Mean,ppb,CD,210,Throgs Neck and Co-op City (CD10),Summer 2020,06/01/2020,32.41,
549365,386,Ozone (O3),Mean,ppb,UHF42,501,Port Richmond,Summer 2017,06/01/2017,27,
165833,375,Nitrogen dioxide (NO2),Mean,ppb,CD,312,Borough Park (CD12),Winter 2009-10,12/01/2009,28.28,
165951,375,Nitrogen dioxide (NO2),Mean,ppb,CD,312,Borough Park (CD12),Winter 2011-12,12/01/2011,23.8,
213612,375,Nitrogen dioxide (NO2),Mean,ppb,CD,312,Borough Park (CD12),Annual Average 2014,12/01/2013,20.62,
165821,375,Nitrogen dioxide (NO2),Mean,ppb,CD,212,Williamsbridge and Baychester (CD12),Winter 2009-10,12/01/2009,22.01,
165939,375,Nitrogen dioxide (NO2),Mean,ppb,CD,212,Williamsbridge and Baychester (CD12),Winter 2011-12,12/01/2011,21.72,
549879,375,Nitrogen dioxide (NO2),Mean,ppb,UHF42,502,Stapleton - St. George,Winter 2016-17,12/01/2016,19.92,
222576,386,Ozone (O3),Mean,ppb,UHF42,402,West Queens,Summer 2010,06/01/2010,33.17,
222577,386,Ozone (O3),Mean,ppb,UHF42,402,West Queens,Summer 2011,06/01/2011,33,
412023,386,Ozone (O3),Mean,ppb,UHF42,402,West Queens,Summer 2016,06/01/2016,33.12,
602820,375,Nitrogen dioxide (NO2),Mean,ppb,UHF42,502,Stapleton - St. George,Summer 2018,06/01/2018,9.31,
667293,375,Nitrogen dioxide (NO2),Mean,ppb,UHF42,502,Stapleton - St. George,Summer 2020,06/01/2020,8.02,
667291,375,Nitrogen dioxide (NO2),Mean,ppb,UHF42,502,Stapleton - St. George,Annual Average 2020,01/01/2020,12.56,
154494,645,Annual vehicle miles travelled (trucks),million miles,per km2,CD,411,Bayside and Little Neck (CD11),2005,01/01/2005,2.1,
154452,645,Annual vehicle miles travelled (trucks),million miles,per km2,CD,111,East Harlem (CD11),2005,01/01/2005,2.1,
325144,645,Annual vehicle miles travelled (trucks),million miles,per km2,CD,111,East Harlem (CD11),2016,01/01/2016,2.2,
151700,644,Annual vehicle miles travelled (cars),million miles,per km2,UHF42,402,West Queens,2005,01/01/2005,38.7,
154450,645,Annual vehicle miles travelled (trucks),million miles,per km2,CD,109,Morningside Heights and Hamilton Heights (CD9),2005,01/01/2005,1.6,
154492,645,Annual vehicle miles travelled (trucks),million miles,per km2,CD,409,Kew Gardens and Woodhaven (CD9),2005,01/01/2005,1.7,
325184,645,Annual vehicle miles travelled (trucks),million miles,per km2,CD,409,Kew Gardens and Woodhaven (CD9),2016,01/01/2016,1.1,
"629196,652,Cardiac and respiratory deaths due to Ozone,Estimated annual rate,""per 100,000"",UHF42,502,Stapleton - St. George,2015-2017,01/01/2015,8.4,"
"131450,648,Asthma emergency department visits due to PM2.5,Estimated annual rate (under age 18),""per 100,000 children"",UHF42,502,Stapleton - St. George,2009-2011,01/01/2009,76.1,"
213965,365,Fine particles (PM 2.5),Mean,mcg/m3,CD,311,Bensonhurst (CD11),Summer 2014,06/01/2014,8.22,
334285,365,Fine particles (PM 2.5),Mean,mcg/m3,CD,311,Bensonhurst (CD11),Annual Average 2015,01/01/2015,8.02,
669910,365,Fine particles (PM 2.5),Mean,mcg/m3,CD,311,Bensonhurst (CD11),Annual Average 2020,01/01/2020,5.85,
649998,365,Fine particles (PM 2.5),Mean,mcg/m3,CD,311,Bensonhurst (CD11),Winter 2018-19,12/01/2018,6.78,
177336,365,Fine particles (PM 2.5),Mean,mcg/m3,UHF42,402,West Queens,Winter 2012-13,12/01/2012,10.76,
178470,365,Fine particles (PM 2.5),Mean,mcg/m3,UHF42,402,West Queens,Annual Average 2010,12/01/2009,9.89,
169372,365,Fine particles (PM 2.5),Mean,mcg/m3,CD,311,Bensonhurst (CD11),Summer 2010,06/01/2010,11.5,
411069,365,Fine particles (PM 2.5),Mean,mcg/m3,CD,311,Bensonhurst (CD11),Summer 2016,06/01/2016,7.85,
411068,365,Fine particles (PM 2.5),Mean,mcg/m3,CD,311,Bensonhurst (CD11),Winter 2015-16,12/01/2015,7.54,
169429,365,Fine particles (PM 2.5),Mean,mcg/m3,CD,309,South Crown Heights and Lefferts Gardens (CD9),Summer 2011,06/01/2011,11.4,
169370,365,Fine particles (PM 2.5),Mean,mcg/m3,CD,309,South Crown Heights and Lefferts Gardens (CD9),Summer 2010,06/01/2010,11.82,
177210,365,Fine particles (PM 2.5),Mean,mcg/m3,UHF42,402,West Queens,Winter 2009-10,12/01/2009,9.84,
177294,365,Fine particles (PM 2.5),Mean,mcg/m3,UHF42,402,West Queens,Winter 2011-12,12/01/2011,9.57,
212949,365,Fine particles (PM 2.5),Mean,mcg/m3,UHF42,402,West Queens,Annual Average 2014,12/01/2013,9.47,
547457,365,Fine particles (PM 2.5),Mean,mcg/m3,UHF42,402,West Queens,Winter 2016-17,12/01/2016,8.48,
547455,365,Fine particles (PM 2.5),Mean,mcg/m3,UHF42,402,West Queens,Summer 2017,06/01/2017,9.58,
550140,375,Nitrogen dioxide (NO2),Mean,ppb,CD,408,Hillcrest and Fresh Meadows (CD8),Winter 2016-17,12/01/2016,24.51,
550138,375,Nitrogen dioxide (NO2),Mean,ppb,CD,408,Hillcrest and Fresh Meadows (CD8),Summer 2017,06/01/2017,13.48,
667815,375,Nitrogen dioxide (NO2),Mean,ppb,CD,408,Hillcrest and Fresh Meadows (CD8),Summer 2020,06/01/2020,9.26,
165945,375,Nitrogen dioxide (NO2),Mean,ppb,CD,306,Park Slope and Carroll Gardens (CD6),Winter 2011-12,12/01/2011,26.49,
165827,375,Nitrogen dioxide (NO2),Mean,ppb,CD,306,Park Slope and Carroll Gardens (CD6),Winter 2009-10,12/01/2009,28.81,
"518728,652,Cardiac and respiratory deaths due to Ozone,Estimated annual rate,""per 100,000"",UHF42,405,Ridgewood - Forest Hills,2012-2014,01/02/2012,6,"
"518726,652,Cardiac and respiratory deaths due to Ozone,Estimated annual rate,""per 100,000"",UHF42,403,Flushing - Clearview,2012-2014,01/02/2012,5.9,"
"518716,652,Cardiac and respiratory deaths due to Ozone,Estimated annual rate,""per 100,000"",UHF42,303,East Harlem,2012-2014,01/02/2012,5.3,"
"629187,652,Cardiac and respiratory deaths due to Ozone,Estimated annual rate,""per 100,000"",UHF42,403,Flushing - Clearview,2015-2017,01/01/2015,5.8,"
"151385,652,Cardiac and respiratory deaths due to Ozone,Estimated annual rate,""per 100,000"",UHF42,103,Fordham - Bronx Pk,2009-2011,01/01/2009,4,"
643386,375,Nitrogen dioxide (NO2),Mean,ppb,UHF42,305,Upper East Side,Winter 2018-19,12/01/2018,26.49,
168600,365,Fine particles (PM 2.5),Mean,mcg/m3,CD,306,Park Slope and Carroll Gardens (CD6),Winter 2011-12,12/01/2011,10.47,
214137,365,Fine particles (PM 2.5),Mean,mcg/m3,CD,306,Park Slope and Carroll Gardens (CD6),Annual Average 2014,12/01/2013,9.95,
168661,365,Fine particles (PM 2.5),Mean,mcg/m3,CD,308,Crown Heights and Prospect Heights (CD8),Winter 2012-13,12/01/2012,10.37,
170254,365,Fine particles (PM 2.5),Mean,mcg/m3,CD,308,Crown Heights and Prospect Heights (CD8),Annual Average 2010,12/01/2009,9.98,
649988,365,Fine particles (PM 2.5),Mean,mcg/m3,CD,308,Crown Heights and Prospect Heights (CD8),Summer 2019,06/01/2019,8.18,
669902,365,Fine particles (PM 2.5),Mean,mcg/m3,CD,308,Crown Heights and Prospect Heights (CD8),Winter 2019-20,12/01/2019,8.04,
549852,375,Nitrogen dioxide (NO2),Mean,ppb,UHF42,403,Flushing - Clearview,Winter 2016-17,12/01/2016,25.52,
602793,375,Nitrogen dioxide (NO2),Mean,ppb,UHF42,403,Flushing - Clearview,Summer 2018,06/01/2018,12.95,
165829,375,Nitrogen dioxide (NO2),Mean,ppb,CD,308,Crown Heights and Prospect Heights (CD8),Winter 2009-10,12/01/2009,29.36,
165947,375,Nitrogen dioxide (NO2),Mean,ppb,CD,308,Crown Heights and Prospect Heights (CD8),Winter 2011-12,12/01/2011,26.52,
213608,375,Nitrogen dioxide (NO2),Mean,ppb,CD,308,Crown Heights and Prospect Heights (CD8),Annual Average 2014,12/01/2013,22.25,
550086,375,Nitrogen dioxide (NO2),Mean,ppb,CD,308,Crown Heights and Prospect Heights (CD8),Winter 2016-17,12/01/2016,26.45,
550084,375,Nitrogen dioxide (NO2),Mean,ppb,CD,308,Crown Heights and Prospect Heights (CD8),Summer 2017,06/01/2017,15.68,
667707,375,Nitrogen dioxide (NO2),Mean,ppb,CD,308,Crown Heights and Prospect Heights (CD8),Summer 2020,06/01/2020,11.78,
603027,375,Nitrogen dioxide (NO2),Mean,ppb,CD,308,Crown Heights and Prospect Heights (CD8),Summer 2018,06/01/2018,14.58,
667695,375,Nitrogen dioxide (NO2),Mean,ppb,CD,306,Park Slope and Carroll Gardens (CD6),Summer 2020,06/01/2020,12.95,
605336,386,Ozone (O3),Mean,ppb,CD,306,Park Slope and Carroll Gardens (CD6),Summer 2018,06/01/2018,28.6,
671098,386,Ozone (O3),Mean,ppb,CD,408,Hillcrest and Fresh Meadows (CD8),Summer 2020,06/01/2020,29.87,
550117,375,Nitrogen dioxide (NO2),Mean,ppb,CD,401,Long Island City and Astoria (CD1),Summer 2017,06/01/2017,15.42,
550119,375,Nitrogen dioxide (NO2),Mean,ppb,CD,401,Long Island City and Astoria (CD1),Winter 2016-17,12/01/2016,26.48,
213602,375,Nitrogen dioxide (NO2),Mean,ppb,CD,302,Fort Greene and Brooklyn Heights (CD2),Annual Average 2014,12/01/2013,23.39,
550068,375,Nitrogen dioxide (NO2),Mean,ppb,CD,302,Fort Greene and Brooklyn Heights (CD2),Winter 2016-17,12/01/2016,26.73,
550066,375,Nitrogen dioxide (NO2),Mean,ppb,CD,302,Fort Greene and Brooklyn Heights (CD2),Summer 2017,06/01/2017,17.33,
549429,386,Ozone (O3),Mean,ppb,CD,302,Fort Greene and Brooklyn Heights (CD2),Summer 2017,06/01/2017,27.57,
549838,375,Nitrogen dioxide (NO2),Mean,ppb,UHF42,309,Union Square - Lower East Side,Summer 2017,06/01/2017,20.58,
549840,375,Nitrogen dioxide (NO2),Mean,ppb,UHF42,309,Union Square - Lower East Side,Winter 2016-17,12/01/2016,28.98,
212569,375,Nitrogen dioxide (NO2),Mean,ppb,UHF42,310,Lower Manhattan,Annual Average 2014,12/01/2013,28.87,
670982,386,Ozone (O3),Mean,ppb,Borough,3,Manhattan,Summer 2020,06/01/2020,28.77,
122024,386,Ozone (O3),Mean,ppb,UHF42,309,Union Square - Lower East Side,2-Year Summer Average 2009-2010,06/01/2009,23.95,
670943,386,Ozone (O3),Mean,ppb,UHF42,409,Southeast Queens,Summer 2020,06/01/2020,29.98,
605266,386,Ozone (O3),Mean,ppb,UHF42,409,Southeast Queens,Summer 2018,06/01/2018,31.82,
549364,386,Ozone (O3),Mean,ppb,UHF42,410,Rockaways,Summer 2017,06/01/2017,35.19,
605267,386,Ozone (O3),Mean,ppb,UHF42,410,Rockaways,Summer 2018,06/01/2018,35.18,
670942,386,Ozone (O3),Mean,ppb,UHF42,410,Rockaways,Summer 2020,06/01/2020,31.49,
549353,386,Ozone (O3),Mean,ppb,UHF42,309,Union Square - Lower East Side,Summer 2017,06/01/2017,25.58,
605256,386,Ozone (O3),Mean,ppb,UHF42,309,Union Square - Lower East Side,Summer 2018,06/01/2018,26.82,
670953,386,Ozone (O3),Mean,ppb,UHF42,309,Union Square - Lower East Side,Summer 2020,06/01/2020,28.92,
165941,375,Nitrogen dioxide (NO2),Mean,ppb,CD,302,Fort Greene and Brooklyn Heights (CD2),Winter 2011-12,12/01/2011,27.75,
165823,375,Nitrogen dioxide (NO2),Mean,ppb,CD,302,Fort Greene and Brooklyn Heights (CD2),Winter 2009-10,12/01/2009,29.83,
667671,375,Nitrogen dioxide (NO2),Mean,ppb,CD,302,Fort Greene and Brooklyn Heights (CD2),Summer 2020,06/01/2020,13,
165940,375,Nitrogen dioxide (NO2),Mean,ppb,CD,301,Greenpoint and Williamsburg (CD1),Winter 2011-12,12/01/2011,26.94,
165822,375,Nitrogen dioxide (NO2),Mean,ppb,CD,301,Greenpoint and Williamsburg (CD1),Winter 2009-10,12/01/2009,28.2,
213601,375,Nitrogen dioxide (NO2),Mean,ppb,CD,301,Greenpoint and Williamsburg (CD1),Annual Average 2014,12/01/2013,22.43,
603006,375,Nitrogen dioxide (NO2),Mean,ppb,CD,301,Greenpoint and Williamsburg (CD1),Summer 2018,06/01/2018,17.57,
667665,375,Nitrogen dioxide (NO2),Mean,ppb,CD,301,Greenpoint and Williamsburg (CD1),Summer 2020,06/01/2020,14.83,
"518589,659,Asthma emergency departments visits due to Ozone,Estimated annual rate (age 18+),""per 100,000 adults"",UHF42,410,Rockaways,2012-2014,01/02/2012,72.6,"
"628954,659,Asthma emergency departments visits due to Ozone,Estimated annual rate (age 18+),""per 100,000 adults"",UHF42,410,Rockaways,2015-2017,01/01/2015,63,"
"628943,659,Asthma emergency departments visits due to Ozone,Estimated annual rate (age 18+),""per 100,000 adults"",UHF42,309,Union Square - Lower East Side,2015-2017,01/01/2015,40.7,"
"518568,659,Asthma emergency departments visits due to Ozone,Estimated annual rate (age 18+),""per 100,000 adults"",UHF42,210,Coney Island - Sheepshead Bay,2012-2014,01/02/2012,26.8,"
605751,365,Fine particles (PM 2.5),Mean,mcg/m3,UHF42,402,West Queens,Summer 2018,06/01/2018,8.89,
669749,365,Fine particles (PM 2.5),Mean,mcg/m3,UHF42,402,West Queens,Summer 2020,06/01/2020,7.37,
742249,365,Fine particles (PM 2.5),Mean,mcg/m3,UHF42,402,West Queens,Winter 2020-21,12/01/2020,7.35,
130436,640,Boiler Emissions- Total SO2 Emissions,Number per km2,number,UHF42,502,Stapleton - St. George,2013,01/01/2013,0.4,
130426,640,Boiler Emissions- Total SO2 Emissions,Number per km2,number,UHF42,402,West Queens,2013,01/01/2013,2.3,
175950,375,Nitrogen dioxide (NO2),Mean,ppb,UHF42,402,West Queens,Summer 2010,06/01/2010,20.31,
412514,375,Nitrogen dioxide (NO2),Mean,ppb,UHF42,402,West Queens,Winter 2015-16,12/01/2015,25.02,
740980,375,Nitrogen dioxide (NO2),Mean,ppb,UHF42,402,West Queens,Winter 2020-21,12/01/2020,22.92,
"130826,648,Asthma emergency department visits due to PM2.5,Estimated annual rate (under age 18),""per 100,000 children"",UHF42,502,Stapleton - St. George,2005-2007,01/01/2005,82.4,"
"130816,648,Asthma emergency department visits due to PM2.5,Estimated annual rate (under age 18),""per 100,000 children"",UHF42,402,West Queens,2005-2007,01/01/2005,89.3,"
176538,375,Nitrogen dioxide (NO2),Mean,ppb,UHF42,402,West Queens,Annual Average 2009,12/01/2008,25.81,
176622,375,Nitrogen dioxide (NO2),Mean,ppb,UHF42,402,West Queens,Annual Average 2011,12/01/2010,24.96,
212445,375,Nitrogen dioxide (NO2),Mean,ppb,UHF42,402,West Queens,Summer 2014,06/01/2014,16.64,
667231,375,Nitrogen dioxide (NO2),Mean,ppb,UHF42,402,West Queens,Annual Average 2020,01/01/2020,17.79,
222640,386,Ozone (O3),Mean,ppb,UHF42,502,Stapleton - St. George,Summer 2014,06/01/2014,31.14,
222580,386,Ozone (O3),Mean,ppb,UHF42,402,West Queens,Summer 2014,06/01/2014,30.87,
"629004,655,Asthma hospitalizations due to Ozone,Estimated annual rate (under age 18),""per 100,000 children"",UHF42,502,Stapleton - St. George,2015-2017,01/01/2015,15,"
"518629,655,Asthma hospitalizations due to Ozone,Estimated annual rate (under age 18),""per 100,000 children"",UHF42,402,West Queens,2012-2014,01/02/2012,11,"
"518533,653,Asthma emergency departments visits due to Ozone,Estimated annual rate (under age 18),""per 100,000 children"",UHF42,402,West Queens,2012-2014,01/02/2012,62,"
547661,365,Fine particles (PM 2.5),Mean,mcg/m3,CD,209,Parkchester and Soundview (CD9),Winter 2016-17,12/01/2016,8.23,
547659,365,Fine particles (PM 2.5),Mean,mcg/m3,CD,209,Parkchester and Soundview (CD9),Summer 2017,06/01/2017,9.43,
669870,365,Fine particles (PM 2.5),Mean,mcg/m3,CD,209,Parkchester and Soundview (CD9),Summer 2020,06/01/2020,7.2,
"518869,651,Cardiovascular hospitalizations due to PM2.5 (age 40+),Estimated annual rate,""per 100,000 adults"",UHF42,402,West Queens,2012-2014,01/02/2012,8.84,"
"628610,651,Cardiovascular hospitalizations due to PM2.5 (age 40+),Estimated annual rate,""per 100,000 adults"",UHF42,402,West Queens,2015-2017,01/01/2015,12.7,"
550141,375,Nitrogen dioxide (NO2),Mean,ppb,CD,409,Kew Gardens and Woodhaven (CD9),Summer 2017,06/01/2017,14.21,
603084,375,Nitrogen dioxide (NO2),Mean,ppb,CD,409,Kew Gardens and Woodhaven (CD9),Summer 2018,06/01/2018,12.73,
667821,375,Nitrogen dioxide (NO2),Mean,ppb,CD,409,Kew Gardens and Woodhaven (CD9),Summer 2020,06/01/2020,10.2,
213609,375,Nitrogen dioxide (NO2),Mean,ppb,CD,309,South Crown Heights and Lefferts Gardens (CD9),Annual Average 2014,12/01/2013,21.66,
550089,375,Nitrogen dioxide (NO2),Mean,ppb,CD,309,South Crown Heights and Lefferts Gardens (CD9),Winter 2016-17,12/01/2016,26.02,
550087,375,Nitrogen dioxide (NO2),Mean,ppb,CD,309,South Crown Heights and Lefferts Gardens (CD9),Summer 2017,06/01/2017,15.01,
667713,375,Nitrogen dioxide (NO2),Mean,ppb,CD,309,South Crown Heights and Lefferts Gardens (CD9),Summer 2020,06/01/2020,11.3,
"518719,652,Cardiac and respiratory deaths due to Ozone,Estimated annual rate,""per 100,000"",UHF42,306,Chelsea - Clinton,2012-2014,01/02/2012,3.7,"
"629180,652,Cardiac and respiratory deaths due to Ozone,Estimated annual rate,""per 100,000"",UHF42,306,Chelsea - Clinton,2015-2017,01/01/2015,3.4,"
"518697,652,Cardiac and respiratory deaths due to Ozone,Estimated annual rate,""per 100,000"",UHF42,102,Northeast Bronx,2012-2014,01/02/2012,6.6,"
"518715,652,Cardiac and respiratory deaths due to Ozone,Estimated annual rate,""per 100,000"",UHF42,302,Central Harlem - Morningside Heights,2012-2014,01/02/2012,4.7,"
"629176,652,Cardiac and respiratory deaths due to Ozone,Estimated annual rate,""per 100,000"",UHF42,302,Central Harlem - Morningside Heights,2015-2017,01/01/2015,4.4,"
165837,375,Nitrogen dioxide (NO2),Mean,ppb,CD,316,Brownsville (CD16),Winter 2009-10,12/01/2009,28.14,
165955,375,Nitrogen dioxide (NO2),Mean,ppb,CD,316,Brownsville (CD16),Winter 2011-12,12/01/2011,25.2,
602772,375,Nitrogen dioxide (NO2),Mean,ppb,UHF42,306,Chelsea - Clinton,Summer 2018,06/01/2018,24.85,
168599,365,Fine particles (PM 2.5),Mean,mcg/m3,CD,305,East New York and Starrett City (CD5),Winter 2011-12,12/01/2011,8.99,
214136,365,Fine particles (PM 2.5),Mean,mcg/m3,CD,305,East New York and Starrett City (CD5),Annual Average 2014,12/01/2013,8.99,
168481,365,Fine particles (PM 2.5),Mean,mcg/m3,CD,305,East New York and Starrett City (CD5),Winter 2009-10,12/01/2009,10.17,
605979,365,Fine particles (PM 2.5),Mean,mcg/m3,CD,305,East New York and Starrett City (CD5),Summer 2018,06/01/2018,8.38,
168669,365,Fine particles (PM 2.5),Mean,mcg/m3,CD,316,Brownsville (CD16),Winter 2012-13,12/01/2012,10.43,
169366,365,Fine particles (PM 2.5),Mean,mcg/m3,CD,305,East New York and Starrett City (CD5),Summer 2010,06/01/2010,11.89,
169425,365,Fine particles (PM 2.5),Mean,mcg/m3,CD,305,East New York and Starrett City (CD5),Summer 2011,06/01/2011,11.54,
411050,365,Fine particles (PM 2.5),Mean,mcg/m3,CD,305,East New York and Starrett City (CD5),Winter 2015-16,12/01/2015,8.33,
411051,365,Fine particles (PM 2.5),Mean,mcg/m3,CD,305,East New York and Starrett City (CD5),Summer 2016,06/01/2016,8.22,
121672,386,Ozone (O3),Mean,ppb,CD,305,East New York and Starrett City (CD5),2-Year Summer Average 2009-2010,06/01/2009,28.26,
549432,386,Ozone (O3),Mean,ppb,CD,305,East New York and Starrett City (CD5),Summer 2017,06/01/2017,31.2,
605335,386,Ozone (O3),Mean,ppb,CD,305,East New York and Starrett City (CD5),Summer 2018,06/01/2018,31.99,
671119,386,Ozone (O3),Mean,ppb,CD,305,East New York and Starrett City (CD5),Summer 2020,06/01/2020,29.56,
175398,375,Nitrogen dioxide (NO2),Mean,ppb,UHF42,306,Chelsea - Clinton,Winter 2011-12,12/01/2011,34.33,
212565,375,Nitrogen dioxide (NO2),Mean,ppb,UHF42,306,Chelsea - Clinton,Annual Average 2014,12/01/2013,31.9,
549831,375,Nitrogen dioxide (NO2),Mean,ppb,UHF42,306,Chelsea - Clinton,Winter 2016-17,12/01/2016,32.93,
667197,375,Nitrogen dioxide (NO2),Mean,ppb,UHF42,306,Chelsea - Clinton,Summer 2020,06/01/2020,19.29,
122021,386,Ozone (O3),Mean,ppb,UHF42,306,Chelsea - Clinton,2-Year Summer Average 2009-2010,06/01/2009,21.26,
165932,375,Nitrogen dioxide (NO2),Mean,ppb,CD,205,Fordham and University Heights (CD5),Winter 2011-12,12/01/2011,27.05,
165814,375,Nitrogen dioxide (NO2),Mean,ppb,CD,205,Fordham and University Heights (CD5),Winter 2009-10,12/01/2009,27.96,
165826,375,Nitrogen dioxide (NO2),Mean,ppb,CD,305,East New York and Starrett City (CD5),Winter 2009-10,12/01/2009,26.48,
165944,375,Nitrogen dioxide (NO2),Mean,ppb,CD,305,East New York and Starrett City (CD5),Winter 2011-12,12/01/2011,23.78,
121673,386,Ozone (O3),Mean,ppb,CD,306,Park Slope and Carroll Gardens (CD6),2-Year Summer Average 2009-2010,06/01/2009,26.43,
549433,386,Ozone (O3),Mean,ppb,CD,306,Park Slope and Carroll Gardens (CD6),Summer 2017,06/01/2017,28.26,
121675,386,Ozone (O3),Mean,ppb,CD,308,Crown Heights and Prospect Heights (CD8),2-Year Summer Average 2009-2010,06/01/2009,26.12,
605338,386,Ozone (O3),Mean,ppb,CD,308,Crown Heights and Prospect Heights (CD8),Summer 2018,06/01/2018,29.7,
549435,386,Ozone (O3),Mean,ppb,CD,308,Crown Heights and Prospect Heights (CD8),Summer 2017,06/01/2017,28.88,
671116,386,Ozone (O3),Mean,ppb,CD,308,Crown Heights and Prospect Heights (CD8),Summer 2020,06/01/2020,29.08,
175321,375,Nitrogen dioxide (NO2),Mean,ppb,UHF42,403,Flushing - Clearview,Winter 2009-10,12/01/2009,24.85,
175405,375,Nitrogen dioxide (NO2),Mean,ppb,UHF42,403,Flushing - Clearview,Winter 2011-12,12/01/2011,22.77,
212572,375,Nitrogen dioxide (NO2),Mean,ppb,UHF42,403,Flushing - Clearview,Annual Average 2014,12/01/2013,19.46,
667191,375,Nitrogen dioxide (NO2),Mean,ppb,UHF42,305,Upper East Side,Summer 2020,06/01/2020,16.33,
549820,375,Nitrogen dioxide (NO2),Mean,ppb,UHF42,303,East Harlem,Summer 2017,06/01/2017,18.57,
549822,375,Nitrogen dioxide (NO2),Mean,ppb,UHF42,303,East Harlem,Winter 2016-17,12/01/2016,28.06,
667179,375,Nitrogen dioxide (NO2),Mean,ppb,UHF42,303,East Harlem,Summer 2020,06/01/2020,14.24,
605252,386,Ozone (O3),Mean,ppb,UHF42,305,Upper East Side,Summer 2018,06/01/2018,26.97,
670957,386,Ozone (O3),Mean,ppb,UHF42,305,Upper East Side,Summer 2020,06/01/2020,29.3,
671118,386,Ozone (O3),Mean,ppb,CD,306,Park Slope and Carroll Gardens (CD6),Summer 2020,06/01/2020,28.7,
213606,375,Nitrogen dioxide (NO2),Mean,ppb,CD,306,Park Slope and Carroll Gardens (CD6),Annual Average 2014,12/01/2013,22.01,
"518584,659,Asthma emergency departments visits due to Ozone,Estimated annual rate (age 18+),""per 100,000 adults"",UHF42,405,Ridgewood - Forest Hills,2012-2014,01/02/2012,19.5,"
"151394,652,Cardiac and respiratory deaths due to Ozone,Estimated annual rate,""per 100,000"",UHF42,205,Sunset Park,2009-2011,01/01/2009,4.1,"
"151403,652,Cardiac and respiratory deaths due to Ozone,Estimated annual rate,""per 100,000"",UHF42,303,East Harlem,2009-2011,01/01/2009,4.7,"
154445,645,Annual vehicle miles travelled (trucks),million miles,per km2,CD,104,Clinton and Chelsea (CD4),2005,01/01/2005,3.1,
325258,643,Annual vehicle miles traveled,million miles,per km2,CD,206,Belmont and East Tremont (CD6),2016,01/01/2016,36.7,
325100,645,Annual vehicle miles travelled (trucks),million miles,per km2,UHF42,203,Bedford Stuyvesant - Crown Heights,2016,01/01/2016,1,
325121,645,Annual vehicle miles travelled (trucks),million miles,per km2,UHF42,403,Flushing - Clearview,2016,01/01/2016,1.2,
325095,645,Annual vehicle miles travelled (trucks),million miles,per km2,UHF42,105,Crotona -Tremont,2016,01/01/2016,4,
130454,641,Boiler Emissions- Total PM2.5 Emissions,Number per km2,number,UHF42,203,Bedford Stuyvesant - Crown Heights,2013,01/01/2013,0.1,
"628926,659,Asthma emergency departments visits due to Ozone,Estimated annual rate (age 18+),""per 100,000 adults"",UHF42,203,Bedford Stuyvesant - Crown Heights,2015-2017,01/01/2015,100.2,"
"131395,657,Asthma emergency department visits due to PM2.5,Estimated annual rate (age 18+),""per 100,000 adults"",UHF42,405,Ridgewood - Forest Hills,2009-2011,01/01/2009,14.9,"
"131393,657,Asthma emergency department visits due to PM2.5,Estimated annual rate (age 18+),""per 100,000 adults"",UHF42,403,Flushing - Clearview,2009-2011,01/01/2009,9.3,"
"131383,657,Asthma emergency department visits due to PM2.5,Estimated annual rate (age 18+),""per 100,000 adults"",UHF42,303,East Harlem,2009-2011,01/01/2009,147.1,"
"628933,659,Asthma emergency departments visits due to Ozone,Estimated annual rate (age 18+),""per 100,000 adults"",UHF42,210,Coney Island - Sheepshead Bay,2015-2017,01/01/2015,27.7,"
"628929,659,Asthma emergency departments visits due to Ozone,Estimated annual rate (age 18+),""per 100,000 adults"",UHF42,206,Borough Park,2015-2017,01/01/2015,14.2,"
"151420,652,Cardiac and respiratory deaths due to Ozone,Estimated annual rate,""per 100,000"",UHF42,410,Rockaways,2009-2011,01/01/2009,9,"
"151419,652,Cardiac and respiratory deaths due to Ozone,Estimated annual rate,""per 100,000"",UHF42,409,Southeast Queens,2009-2011,01/01/2009,4.3,"
154484,645,Annual vehicle miles travelled (trucks),million miles,per km2,CD,401,Long Island City and Astoria (CD1),2005,01/01/2005,0.7,
325176,645,Annual vehicle miles travelled (trucks),million miles,per km2,CD,401,Long Island City and Astoria (CD1),2016,01/01/2016,1,
325159,645,Annual vehicle miles travelled (trucks),million miles,per km2,CD,302,Fort Greene and Brooklyn Heights (CD2),2016,01/01/2016,4.9,
154466,645,Annual vehicle miles travelled (trucks),million miles,per km2,CD,301,Greenpoint and Williamsburg (CD1),2005,01/01/2005,1.8,
154572,643,Annual vehicle miles traveled,million miles,per km2,CD,201,Mott Haven and Melrose (CD1),2005,01/01/2005,34.9,
325128,645,Annual vehicle miles travelled (trucks),million miles,per km2,UHF42,410,Rockaways,2016,01/01/2016,0.2,
151755,645,Annual vehicle miles travelled (trucks),million miles,per km2,UHF42,409,Southeast Queens,2005,01/01/2005,0.5,
151635,643,Annual vehicle miles traveled,million miles,per km2,UHF42,206,Borough Park,2005,01/01/2005,21.6,
334034,365,Fine particles (PM 2.5),Mean,mcg/m3,UHF42,310,Lower Manhattan,Summer 2015,06/01/2015,11.01,
669756,365,Fine particles (PM 2.5),Mean,mcg/m3,UHF42,310,Lower Manhattan,Winter 2019-20,12/01/2019,9.88,
649745,365,Fine particles (PM 2.5),Mean,mcg/m3,UHF42,310,Lower Manhattan,Summer 2019,06/01/2019,9.52,
177333,365,Fine particles (PM 2.5),Mean,mcg/m3,UHF42,309,Union Square - Lower East Side,Winter 2012-13,12/01/2012,11.85,
334031,365,Fine particles (PM 2.5),Mean,mcg/m3,UHF42,309,Union Square - Lower East Side,Summer 2015,06/01/2015,10.53,
177334,365,Fine particles (PM 2.5),Mean,mcg/m3,UHF42,310,Lower Manhattan,Winter 2012-13,12/01/2012,12.76,
130471,641,Boiler Emissions- Total PM2.5 Emissions,Number per km2,number,UHF42,309,Union Square - Lower East Side,2013,01/01/2013,3,
130519,642,Boiler Emissions- Total NOx Emissions,Number per km2,number,UHF42,309,Union Square - Lower East Side,2013,01/01/2013,126.1,
130457,641,Boiler Emissions- Total PM2.5 Emissions,Number per km2,number,UHF42,206,Borough Park,2013,01/01/2013,0.2,
130498,642,Boiler Emissions- Total NOx Emissions,Number per km2,number,UHF42,106,High Bridge - Morrisania,2013,01/01/2013,78,
130450,641,Boiler Emissions- Total PM2.5 Emissions,Number per km2,number,UHF42,106,High Bridge - Morrisania,2013,01/01/2013,2.4,
130490,641,Boiler Emissions- Total PM2.5 Emissions,Number per km2,number,Borough,3,Manhattan,2013,01/01/2013,5.9,
130505,642,Boiler Emissions- Total NOx Emissions,Number per km2,number,UHF42,206,Borough Park,2013,01/01/2013,34.8,
130482,641,Boiler Emissions- Total PM2.5 Emissions,Number per km2,number,UHF42,410,Rockaways,2013,01/01/2013,0,
130481,641,Boiler Emissions- Total PM2.5 Emissions,Number per km2,number,UHF42,409,Southeast Queens,2013,01/01/2013,0,
130529,642,Boiler Emissions- Total NOx Emissions,Number per km2,number,UHF42,409,Southeast Queens,2013,01/01/2013,8.1,
"518549,659,Asthma emergency departments visits due to Ozone,Estimated annual rate (age 18+),""per 100,000 adults"",Borough,3,Manhattan,2012-2014,01/02/2012,46.5,"
"131256,657,Asthma emergency department visits due to PM2.5,Estimated annual rate (age 18+),""per 100,000 adults"",UHF42,410,Rockaways,2005-2007,01/01/2005,60,"
170249,365,Fine particles (PM 2.5),Mean,mcg/m3,CD,303,Bedford Stuyvesant (CD3),Annual Average 2010,12/01/2009,9.9,
334307,365,Fine particles (PM 2.5),Mean,mcg/m3,CD,318,Flatlands and Canarsie (CD18),Summer 2015,06/01/2015,8.94,
213621,375,Nitrogen dioxide (NO2),Mean,ppb,CD,403,Jackson Heights (CD3),Annual Average 2014,12/01/2013,21.72,
550074,375,Nitrogen dioxide (NO2),Mean,ppb,CD,304,Bushwick (CD4),Winter 2016-17,12/01/2016,25.93,
603015,375,Nitrogen dioxide (NO2),Mean,ppb,CD,304,Bushwick (CD4),Summer 2018,06/01/2018,14.13,
667683,375,Nitrogen dioxide (NO2),Mean,ppb,CD,304,Bushwick (CD4),Summer 2020,06/01/2020,12.1,
550071,375,Nitrogen dioxide (NO2),Mean,ppb,CD,303,Bedford Stuyvesant (CD3),Winter 2016-17,12/01/2016,26.45,
550069,375,Nitrogen dioxide (NO2),Mean,ppb,CD,303,Bedford Stuyvesant (CD3),Summer 2017,06/01/2017,15.74,
603012,375,Nitrogen dioxide (NO2),Mean,ppb,CD,303,Bedford Stuyvesant (CD3),Summer 2018,06/01/2018,14.83,
549449,386,Ozone (O3),Mean,ppb,CD,404,Elmhurst and Corona (CD4),Summer 2017,06/01/2017,29.18,
605352,386,Ozone (O3),Mean,ppb,CD,404,Elmhurst and Corona (CD4),Summer 2018,06/01/2018,30.49,
602778,375,Nitrogen dioxide (NO2),Mean,ppb,UHF42,308,Greenwich Village - SoHo,Summer 2018,06/01/2018,21.53,
175400,375,Nitrogen dioxide (NO2),Mean,ppb,UHF42,308,Greenwich Village - SoHo,Winter 2011-12,12/01/2011,31.61,
212567,375,Nitrogen dioxide (NO2),Mean,ppb,UHF42,308,Greenwich Village - SoHo,Annual Average 2014,12/01/2013,27.99,
667203,375,Nitrogen dioxide (NO2),Mean,ppb,UHF42,307,Gramercy Park - Murray Hill,Summer 2020,06/01/2020,19.72,
175315,375,Nitrogen dioxide (NO2),Mean,ppb,UHF42,307,Gramercy Park - Murray Hill,Winter 2009-10,12/01/2009,40.59,
175399,375,Nitrogen dioxide (NO2),Mean,ppb,UHF42,307,Gramercy Park - Murray Hill,Winter 2011-12,12/01/2011,36.31,
549837,375,Nitrogen dioxide (NO2),Mean,ppb,UHF42,308,Greenwich Village - SoHo,Winter 2016-17,12/01/2016,30.12,
549362,386,Ozone (O3),Mean,ppb,UHF42,408,Jamaica,Summer 2017,06/01/2017,30.93,
605265,386,Ozone (O3),Mean,ppb,UHF42,408,Jamaica,Summer 2018,06/01/2018,31.33,
670944,386,Ozone (O3),Mean,ppb,UHF42,408,Jamaica,Summer 2020,06/01/2020,29.47,
122023,386,Ozone (O3),Mean,ppb,UHF42,308,Greenwich Village - SoHo,2-Year Summer Average 2009-2010,06/01/2009,23.82,
605351,386,Ozone (O3),Mean,ppb,CD,403,Jackson Heights (CD3),Summer 2018,06/01/2018,30.65,
671103,386,Ozone (O3),Mean,ppb,CD,403,Jackson Heights (CD3),Summer 2020,06/01/2020,31.61,
213603,375,Nitrogen dioxide (NO2),Mean,ppb,CD,303,Bedford Stuyvesant (CD3),Annual Average 2014,12/01/2013,22.24,
165943,375,Nitrogen dioxide (NO2),Mean,ppb,CD,304,Bushwick (CD4),Winter 2011-12,12/01/2011,25.76,
165825,375,Nitrogen dioxide (NO2),Mean,ppb,CD,304,Bushwick (CD4),Winter 2009-10,12/01/2009,27.78,
"518576,659,Asthma emergency departments visits due to Ozone,Estimated annual rate (age 18+),""per 100,000 adults"",UHF42,307,Gramercy Park - Murray Hill,2012-2014,01/02/2012,22.5,"
"628942,659,Asthma emergency departments visits due to Ozone,Estimated annual rate (age 18+),""per 100,000 adults"",UHF42,308,Greenwich Village - SoHo,2015-2017,01/01/2015,8.6,"
"518565,659,Asthma emergency departments visits due to Ozone,Estimated annual rate (age 18+),""per 100,000 adults"",UHF42,207,East Flatbush - Flatbush,2012-2014,01/02/2012,67.6,"
"628930,659,Asthma emergency departments visits due to Ozone,Estimated annual rate (age 18+),""per 100,000 adults"",UHF42,207,East Flatbush - Flatbush,2015-2017,01/01/2015,62.8,"
"151417,652,Cardiac and respiratory deaths due to Ozone,Estimated annual rate,""per 100,000"",UHF42,407,Southwest Queens,2009-2011,01/01/2009,4,"
"151426,652,Cardiac and respiratory deaths due to Ozone,Estimated annual rate,""per 100,000"",Borough,1,Bronx,2009-2011,01/01/2009,4.1,"
151753,645,Annual vehicle miles travelled (trucks),million miles,per km2,UHF42,407,Southwest Queens,2005,01/01/2005,1.4,
325125,645,Annual vehicle miles travelled (trucks),million miles,per km2,UHF42,407,Southwest Queens,2016,01/01/2016,1,
178466,365,Fine particles (PM 2.5),Mean,mcg/m3,UHF42,308,Greenwich Village - SoHo,Annual Average 2010,12/01/2009,11.56,
130528,642,Boiler Emissions- Total NOx Emissions,Number per km2,number,UHF42,408,Jamaica,2013,01/01/2013,13.2,
130480,641,Boiler Emissions- Total PM2.5 Emissions,Number per km2,number,UHF42,408,Jamaica,2013,01/01/2013,0.1,
130527,642,Boiler Emissions- Total NOx Emissions,Number per km2,number,UHF42,407,Southwest Queens,2013,01/01/2013,14.5,
130479,641,Boiler Emissions- Total PM2.5 Emissions,Number per km2,number,UHF42,407,Southwest Queens,2013,01/01/2013,0.1,
130517,642,Boiler Emissions- Total NOx Emissions,Number per km2,number,UHF42,307,Gramercy Park - Murray Hill,2013,01/01/2013,284.7,
130469,641,Boiler Emissions- Total PM2.5 Emissions,Number per km2,number,UHF42,307,Gramercy Park - Murray Hill,2013,01/01/2013,9,
130458,641,Boiler Emissions- Total PM2.5 Emissions,Number per km2,number,UHF42,207,East Flatbush - Flatbush,2013,01/01/2013,0.3,
130518,642,Boiler Emissions- Total NOx Emissions,Number per km2,number,UHF42,308,Greenwich Village - SoHo,2013,01/01/2013,132.5,
130470,641,Boiler Emissions- Total PM2.5 Emissions,Number per km2,number,UHF42,308,Greenwich Village - SoHo,2013,01/01/2013,4.1,
130506,642,Boiler Emissions- Total NOx Emissions,Number per km2,number,UHF42,207,East Flatbush - Flatbush,2013,01/01/2013,33.5,
130507,642,Boiler Emissions- Total NOx Emissions,Number per km2,number,UHF42,208,Canarsie - Flatlands,2013,01/01/2013,6.7,
"518558,659,Asthma emergency departments visits due to Ozone,Estimated annual rate (age 18+),""per 100,000 adults"",UHF42,107,Hunts Point - Mott Haven,2012-2014,01/02/2012,146.8,"
"628923,659,Asthma emergency departments visits due to Ozone,Estimated annual rate (age 18+),""per 100,000 adults"",UHF42,107,Hunts Point - Mott Haven,2015-2017,01/01/2015,130.1,"
"131388,657,Asthma emergency department visits due to PM2.5,Estimated annual rate (age 18+),""per 100,000 adults"",UHF42,308,Greenwich Village - SoHo,2009-2011,01/01/2009,9.2,"
"131254,657,Asthma emergency department visits due to PM2.5,Estimated annual rate (age 18+),""per 100,000 adults"",UHF42,408,Jamaica,2005-2007,01/01/2005,47.5,"
"131387,657,Asthma emergency department visits due to PM2.5,Estimated annual rate (age 18+),""per 100,000 adults"",UHF42,307,Gramercy Park - Murray Hill,2009-2011,01/01/2009,20.7,"
667868,375,Nitrogen dioxide (NO2),Mean,ppb,CD,503,Tottenville and Great Kills (CD3),Winter 2019-20,12/01/2019,15.11,
651039,386,Ozone (O3),Mean,ppb,CD,317,East Flatbush (CD17),Summer 2019,06/01/2019,31.81,
338290,386,Ozone (O3),Mean,ppb,CD,318,Flatlands and Canarsie (CD18),Summer 2015,06/01/2015,34.66,
651040,386,Ozone (O3),Mean,ppb,CD,318,Flatlands and Canarsie (CD18),Summer 2019,06/01/2019,33.98,
338307,386,Ozone (O3),Mean,ppb,CD,503,Tottenville and Great Kills (CD3),Summer 2015,06/01/2015,34.09,
651057,386,Ozone (O3),Mean,ppb,CD,503,Tottenville and Great Kills (CD3),Summer 2019,06/01/2019,30.04,
651044,386,Ozone (O3),Mean,ppb,CD,404,Elmhurst and Corona (CD4),Summer 2019,06/01/2019,30.62,
338276,386,Ozone (O3),Mean,ppb,CD,304,Bushwick (CD4),Summer 2015,06/01/2015,31.66,
651026,386,Ozone (O3),Mean,ppb,CD,304,Bushwick (CD4),Summer 2019,06/01/2019,30.49,
338293,386,Ozone (O3),Mean,ppb,CD,403,Jackson Heights (CD3),Summer 2015,06/01/2015,31.53,
549351,386,Ozone (O3),Mean,ppb,UHF42,307,Gramercy Park - Murray Hill,Summer 2017,06/01/2017,22.12,
334280,365,Fine particles (PM 2.5),Mean,mcg/m3,CD,309,South Crown Heights and Lefferts Gardens (CD9),Summer 2015,06/01/2015,9.31,
649991,365,Fine particles (PM 2.5),Mean,mcg/m3,CD,309,South Crown Heights and Lefferts Gardens (CD9),Summer 2019,06/01/2019,7.88,
669905,365,Fine particles (PM 2.5),Mean,mcg/m3,CD,309,South Crown Heights and Lefferts Gardens (CD9),Winter 2019-20,12/01/2019,7.67,
742453,365,Fine particles (PM 2.5),Mean,mcg/m3,CD,209,Parkchester and Soundview (CD9),Winter 2020-21,12/01/2020,6.68,
175320,375,Nitrogen dioxide (NO2),Mean,ppb,UHF42,402,West Queens,Winter 2009-10,12/01/2009,27.56,
212571,375,Nitrogen dioxide (NO2),Mean,ppb,UHF42,402,West Queens,Annual Average 2014,12/01/2013,21.87,
602790,375,Nitrogen dioxide (NO2),Mean,ppb,UHF42,402,West Queens,Summer 2018,06/01/2018,14.92,
667653,375,Nitrogen dioxide (NO2),Mean,ppb,CD,211,Morris Park and Bronxdale (CD11),Summer 2020,06/01/2020,12.86,
605357,386,Ozone (O3),Mean,ppb,CD,409,Kew Gardens and Woodhaven (CD9),Summer 2018,06/01/2018,31.21,
671097,386,Ozone (O3),Mean,ppb,CD,409,Kew Gardens and Woodhaven (CD9),Summer 2020,06/01/2020,29.56,
671095,386,Ozone (O3),Mean,ppb,CD,411,Bayside and Little Neck (CD11),Summer 2020,06/01/2020,30.66,
605329,386,Ozone (O3),Mean,ppb,CD,211,Morris Park and Bronxdale (CD11),Summer 2018,06/01/2018,31.11,
121676,386,Ozone (O3),Mean,ppb,CD,309,South Crown Heights and Lefferts Gardens (CD9),2-Year Summer Average 2009-2010,06/01/2009,26.58,
165832,375,Nitrogen dioxide (NO2),Mean,ppb,CD,311,Bensonhurst (CD11),Winter 2009-10,12/01/2009,27.32,
165950,375,Nitrogen dioxide (NO2),Mean,ppb,CD,311,Bensonhurst (CD11),Winter 2011-12,12/01/2011,22.1,
213611,375,Nitrogen dioxide (NO2),Mean,ppb,CD,311,Bensonhurst (CD11),Annual Average 2014,12/01/2013,19.68,
550095,375,Nitrogen dioxide (NO2),Mean,ppb,CD,311,Bensonhurst (CD11),Winter 2016-17,12/01/2016,24.63,
550093,375,Nitrogen dioxide (NO2),Mean,ppb,CD,311,Bensonhurst (CD11),Summer 2017,06/01/2017,13.02,
667725,375,Nitrogen dioxide (NO2),Mean,ppb,CD,311,Bensonhurst (CD11),Summer 2020,06/01/2020,10.28,
165936,375,Nitrogen dioxide (NO2),Mean,ppb,CD,209,Parkchester and Soundview (CD9),Winter 2011-12,12/01/2011,23.67,
165818,375,Nitrogen dioxide (NO2),Mean,ppb,CD,209,Parkchester and Soundview (CD9),Winter 2009-10,12/01/2009,25.18,
213597,375,Nitrogen dioxide (NO2),Mean,ppb,CD,209,Parkchester and Soundview (CD9),Annual Average 2014,12/01/2013,20.2,
165938,375,Nitrogen dioxide (NO2),Mean,ppb,CD,211,Morris Park and Bronxdale (CD11),Winter 2011-12,12/01/2011,22.67,
165820,375,Nitrogen dioxide (NO2),Mean,ppb,CD,211,Morris Park and Bronxdale (CD11),Winter 2009-10,12/01/2009,23.69,
213599,375,Nitrogen dioxide (NO2),Mean,ppb,CD,211,Morris Park and Bronxdale (CD11),Annual Average 2014,12/01/2013,19.37,
550057,375,Nitrogen dioxide (NO2),Mean,ppb,CD,211,Morris Park and Bronxdale (CD11),Summer 2017,06/01/2017,14.44,
603000,375,Nitrogen dioxide (NO2),Mean,ppb,CD,211,Morris Park and Bronxdale (CD11),Summer 2018,06/01/2018,13.27,
550059,375,Nitrogen dioxide (NO2),Mean,ppb,CD,211,Morris Park and Bronxdale (CD11),Winter 2016-17,12/01/2016,26.47,
"151412,652,Cardiac and respiratory deaths due to Ozone,Estimated annual rate,""per 100,000"",UHF42,402,West Queens,2009-2011,01/01/2009,3,"
"629186,652,Cardiac and respiratory deaths due to Ozone,Estimated annual rate,""per 100,000"",UHF42,402,West Queens,2015-2017,01/01/2015,3.5,"
154582,643,Annual vehicle miles traveled,million miles,per km2,CD,211,Morris Park and Bronxdale (CD11),2005,01/01/2005,13.6,
222531,386,Ozone (O3),Mean,ppb,UHF42,304,Upper West Side,Summer 2013,06/01/2013,26.93,
222530,386,Ozone (O3),Mean,ppb,UHF42,304,Upper West Side,Summer 2012,06/01/2012,30.17,
412522,375,Nitrogen dioxide (NO2),Mean,ppb,UHF42,404,Bayside - Little Neck,Annual Average 2016,12/31/2015,16.43,
"131538,650,Respiratory hospitalizations due to PM2.5 (age 20+),Estimated annual rate,""per 100,000 adults"",UHF42,404,Bayside - Little Neck,2009-2011,01/01/2009,10.2,"
"518833,650,Respiratory hospitalizations due to PM2.5 (age 20+),Estimated annual rate,""per 100,000 adults"",UHF42,504,South Beach - Tottenville,2012-2014,01/02/2012,11.8,"
"628574,650,Respiratory hospitalizations due to PM2.5 (age 20+),Estimated annual rate,""per 100,000 adults"",UHF42,504,South Beach - Tottenville,2015-2017,01/01/2015,12.9,"
"518823,650,Respiratory hospitalizations due to PM2.5 (age 20+),Estimated annual rate,""per 100,000 adults"",UHF42,404,Bayside - Little Neck,2012-2014,01/02/2012,6.97,"
"628564,650,Respiratory hospitalizations due to PM2.5 (age 20+),Estimated annual rate,""per 100,000 adults"",UHF42,404,Bayside - Little Neck,2015-2017,01/01/2015,8.2,"
"130893,650,Respiratory hospitalizations due to PM2.5 (age 20+),Estimated annual rate,""per 100,000 adults"",UHF42,204,East New York,2005-2007,01/01/2005,20.4,"
"130930,650,Respiratory hospitalizations due to PM2.5 (age 20+),Estimated annual rate,""per 100,000 adults"",Borough,5,Staten Island,2005-2007,01/01/2005,17.5,"
602795,375,Nitrogen dioxide (NO2),Mean,ppb,UHF42,404,Bayside - Little Neck,Annual Average 2018,01/01/2018,15.77,
176088,375,Nitrogen dioxide (NO2),Mean,ppb,UHF42,504,South Beach - Tottenville,Summer 2013,06/01/2013,7.62,
547584,365,Fine particles (PM 2.5),Mean,mcg/m3,UHF34,404406,Bayside Little Neck-Fresh Meadows,Summer 2017,06/01/2017,8.64,
177317,365,Fine particles (PM 2.5),Mean,mcg/m3,UHF42,204,East New York,Winter 2012-13,12/01/2012,9.57,
333962,365,Fine particles (PM 2.5),Mean,mcg/m3,UHF42,104,Pelham - Throgs Neck,Summer 2015,06/01/2015,9.68,
669840,365,Fine particles (PM 2.5),Mean,mcg/m3,Borough,5,Staten Island,Winter 2019-20,12/01/2019,6.66,
212092,365,Fine particles (PM 2.5),Mean,mcg/m3,UHF34,404406,Bayside Little Neck-Fresh Meadows,Annual Average 2014,12/01/2013,8.36,
669620,365,Fine particles (PM 2.5),Mean,mcg/m3,UHF34,404406,Bayside Little Neck-Fresh Meadows,Summer 2020,06/01/2020,6.71,
173153,365,Fine particles (PM 2.5),Mean,mcg/m3,UHF34,404406,Bayside Little Neck-Fresh Meadows,Winter 2009-10,12/01/2009,9.29,
173221,365,Fine particles (PM 2.5),Mean,mcg/m3,UHF34,404406,Bayside Little Neck-Fresh Meadows,Winter 2011-12,12/01/2011,8.96,
173216,365,Fine particles (PM 2.5),Mean,mcg/m3,UHF34,409,Southeast Queens,Winter 2011-12,12/01/2011,8.32,
212087,365,Fine particles (PM 2.5),Mean,mcg/m3,UHF34,409,Southeast Queens,Annual Average 2014,12/01/2013,8.02,
547569,365,Fine particles (PM 2.5),Mean,mcg/m3,UHF34,409,Southeast Queens,Summer 2017,06/01/2017,8.35,
669635,365,Fine particles (PM 2.5),Mean,mcg/m3,UHF34,409,Southeast Queens,Summer 2020,06/01/2020,6.57,
742365,365,Fine particles (PM 2.5),Mean,mcg/m3,UHF34,409,Southeast Queens,Annual Average 2021,01/01/2021,6.23,
173165,365,Fine particles (PM 2.5),Mean,mcg/m3,UHF34,205,Sunset Park,Winter 2010-11,12/01/2010,13.49,
174253,365,Fine particles (PM 2.5),Mean,mcg/m3,UHF34,205,Sunset Park,Annual Average 2013,12/01/2012,9.12,
173607,365,Fine particles (PM 2.5),Mean,mcg/m3,UHF34,205,Sunset Park,Summer 2009,06/01/2009,11.45,
334155,365,Fine particles (PM 2.5),Mean,mcg/m3,UHF34,409,Southeast Queens,Winter 2014-15,12/01/2014,8.23,
547585,365,Fine particles (PM 2.5),Mean,mcg/m3,UHF34,404406,Bayside Little Neck-Fresh Meadows,Annual Average 2017,01/01/2017,7.04,
650925,386,Ozone (O3),Mean,ppb,UHF42,104,Pelham - Throgs Neck,Summer 2019,06/01/2019,30.87,
650939,386,Ozone (O3),Mean,ppb,UHF42,211,Williamsburg - Bushwick,Summer 2019,06/01/2019,29.34,
175438,375,Nitrogen dioxide (NO2),Mean,ppb,UHF42,304,Upper West Side,Winter 2012-13,12/01/2012,30.65,
643382,375,Nitrogen dioxide (NO2),Mean,ppb,UHF42,304,Upper West Side,Summer 2019,06/01/2019,18.84,
667184,375,Nitrogen dioxide (NO2),Mean,ppb,UHF42,304,Upper West Side,Winter 2019-20,12/01/2019,28.11,
667052,375,Nitrogen dioxide (NO2),Mean,ppb,Borough,5,Staten Island,Winter 2019-20,12/01/2019,17.87,
667303,375,Nitrogen dioxide (NO2),Mean,ppb,UHF42,504,South Beach - Tottenville,Annual Average 2020,01/01/2020,10.56,
412066,386,Ozone (O3),Mean,ppb,UHF34,404406,Bayside Little Neck-Fresh Meadows,Summer 2016,06/01/2016,33.05,
172167,375,Nitrogen dioxide (NO2),Mean,ppb,UHF34,404406,Bayside Little Neck-Fresh Meadows,Summer 2011,06/01/2011,16.24,
172133,375,Nitrogen dioxide (NO2),Mean,ppb,UHF34,404406,Bayside Little Neck-Fresh Meadows,Summer 2010,06/01/2010,16.81,
122154,386,Ozone (O3),Mean,ppb,UHF34,404406,Bayside Little Neck-Fresh Meadows,2-Year Summer Average 2009-2010,06/01/2009,28.29,
670907,386,Ozone (O3),Mean,ppb,UHF34,404406,Bayside Little Neck-Fresh Meadows,Summer 2020,06/01/2020,30.47,
171623,375,Nitrogen dioxide (NO2),Mean,ppb,UHF34,404406,Bayside Little Neck-Fresh Meadows,Winter 2009-10,12/01/2009,23.79,
171691,375,Nitrogen dioxide (NO2),Mean,ppb,UHF34,404406,Bayside Little Neck-Fresh Meadows,Winter 2011-12,12/01/2011,21.5,
171618,375,Nitrogen dioxide (NO2),Mean,ppb,UHF34,409,Southeast Queens,Winter 2009-10,12/01/2009,23.39,
171686,375,Nitrogen dioxide (NO2),Mean,ppb,UHF34,409,Southeast Queens,Winter 2011-12,12/01/2011,20.53,
211781,375,Nitrogen dioxide (NO2),Mean,ppb,UHF34,409,Southeast Queens,Annual Average 2014,12/01/2013,17.28,
602854,375,Nitrogen dioxide (NO2),Mean,ppb,UHF34,205,Sunset Park,Winter 2017-18,12/01/2017,25.76,
742380,365,Fine particles (PM 2.5),Mean,mcg/m3,UHF34,404406,Bayside Little Neck-Fresh Meadows,Annual Average 2021,01/01/2021,6.28,
174275,365,Fine particles (PM 2.5),Mean,mcg/m3,UHF34,404406,Bayside Little Neck-Fresh Meadows,Annual Average 2013,12/01/2012,8.13,
173629,365,Fine particles (PM 2.5),Mean,mcg/m3,UHF34,404406,Bayside Little Neck-Fresh Meadows,Summer 2009,06/01/2009,9.96,
173187,365,Fine particles (PM 2.5),Mean,mcg/m3,UHF34,404406,Bayside Little Neck-Fresh Meadows,Winter 2010-11,12/01/2010,12.13,
334170,365,Fine particles (PM 2.5),Mean,mcg/m3,UHF34,404406,Bayside Little Neck-Fresh Meadows,Winter 2014-15,12/01/2014,8.82,
174270,365,Fine particles (PM 2.5),Mean,mcg/m3,UHF34,409,Southeast Queens,Annual Average 2013,12/01/2012,7.85,
173182,365,Fine particles (PM 2.5),Mean,mcg/m3,UHF34,409,Southeast Queens,Winter 2010-11,12/01/2010,11.44,
173624,365,Fine particles (PM 2.5),Mean,mcg/m3,UHF34,409,Southeast Queens,Summer 2009,06/01/2009,9.65,
547570,365,Fine particles (PM 2.5),Mean,mcg/m3,UHF34,409,Southeast Queens,Annual Average 2017,01/01/2017,6.75,
669637,365,Fine particles (PM 2.5),Mean,mcg/m3,UHF34,409,Southeast Queens,Annual Average 2020,01/01/2020,5.78,
334102,365,Fine particles (PM 2.5),Mean,mcg/m3,UHF34,205,Sunset Park,Annual Average 2015,01/01/2015,9.45,
334153,365,Fine particles (PM 2.5),Mean,mcg/m3,UHF34,409,Southeast Queens,Annual Average 2015,01/01/2015,7.9,
177264,365,Fine particles (PM 2.5),Mean,mcg/m3,UHF42,504,South Beach - Tottenville,Winter 2010-11,12/01/2010,11.47,
178584,365,Fine particles (PM 2.5),Mean,mcg/m3,UHF42,211,Williamsburg - Bushwick,Annual Average 2013,12/01/2012,9.36,
177240,365,Fine particles (PM 2.5),Mean,mcg/m3,UHF42,211,Williamsburg - Bushwick,Winter 2010-11,12/01/2010,14.57,
177786,365,Fine particles (PM 2.5),Mean,mcg/m3,UHF42,211,Williamsburg - Bushwick,Summer 2009,06/01/2009,12.74,
547420,365,Fine particles (PM 2.5),Mean,mcg/m3,UHF42,211,Williamsburg - Bushwick,Annual Average 2017,01/01/2017,8.22,
179587,365,Fine particles (PM 2.5),Mean,mcg/m3,Borough,5,Staten Island,Summer 2012,06/01/2012,9.9,
410788,365,Fine particles (PM 2.5),Mean,mcg/m3,UHF42,211,Williamsburg - Bushwick,Annual Average 2016,12/31/2015,8.67,
177916,365,Fine particles (PM 2.5),Mean,mcg/m3,UHF42,304,Upper West Side,Summer 2012,06/01/2012,11.44,
177936,365,Fine particles (PM 2.5),Mean,mcg/m3,UHF42,504,South Beach - Tottenville,Summer 2012,06/01/2012,9.78,
602920,375,Nitrogen dioxide (NO2),Mean,ppb,UHF34,404406,Bayside Little Neck-Fresh Meadows,Winter 2017-18,12/01/2017,22.83,
171584,375,Nitrogen dioxide (NO2),Mean,ppb,UHF34,409,Southeast Queens,Winter 2008-09,12/01/2008,25.88,
171589,375,Nitrogen dioxide (NO2),Mean,ppb,UHF34,404406,Bayside Little Neck-Fresh Meadows,Winter 2008-09,12/01/2008,26.5,
336641,375,Nitrogen dioxide (NO2),Mean,ppb,UHF34,205,Sunset Park,Summer 2015,06/01/2015,14.98,
336692,375,Nitrogen dioxide (NO2),Mean,ppb,UHF34,409,Southeast Queens,Summer 2015,06/01/2015,12.04,
221840,386,Ozone (O3),Mean,ppb,UHF34,205,Sunset Park,Summer 2012,06/01/2012,32.29,
221943,386,Ozone (O3),Mean,ppb,UHF34,409,Southeast Queens,Summer 2013,06/01/2013,31.79,
221973,386,Ozone (O3),Mean,ppb,UHF34,404406,Bayside Little Neck-Fresh Meadows,Summer 2013,06/01/2013,30.72,
221972,386,Ozone (O3),Mean,ppb,UHF34,404406,Bayside Little Neck-Fresh Meadows,Summer 2012,06/01/2012,33.66,
743654,386,Ozone (O3),Mean,ppb,UHF34,404406,Bayside Little Neck-Fresh Meadows,Summer 2021,06/01/2021,30.3,
177978,365,Fine particles (PM 2.5),Mean,mcg/m3,UHF42,504,South Beach - Tottenville,Summer 2013,06/01/2013,9.13,
173641,365,Fine particles (PM 2.5),Mean,mcg/m3,UHF34,205,Sunset Park,Summer 2010,06/01/2010,12.46,
742312,365,Fine particles (PM 2.5),Mean,mcg/m3,UHF34,205,Sunset Park,Winter 2020-21,12/01/2020,7.27,
173658,365,Fine particles (PM 2.5),Mean,mcg/m3,UHF34,409,Southeast Queens,Summer 2010,06/01/2010,10.98,
410936,365,Fine particles (PM 2.5),Mean,mcg/m3,UHF34,409,Southeast Queens,Winter 2015-16,12/01/2015,6.89,
410937,365,Fine particles (PM 2.5),Mean,mcg/m3,UHF34,409,Southeast Queens,Summer 2016,06/01/2016,7.06,
742378,365,Fine particles (PM 2.5),Mean,mcg/m3,UHF34,404406,Bayside Little Neck-Fresh Meadows,Winter 2020-21,12/01/2020,6.41,
173663,365,Fine particles (PM 2.5),Mean,mcg/m3,UHF34,404406,Bayside Little Neck-Fresh Meadows,Summer 2010,06/01/2010,11.31,
173697,365,Fine particles (PM 2.5),Mean,mcg/m3,UHF34,404406,Bayside Little Neck-Fresh Meadows,Summer 2011,06/01/2011,11.04,
410952,365,Fine particles (PM 2.5),Mean,mcg/m3,UHF34,404406,Bayside Little Neck-Fresh Meadows,Summer 2016,06/01/2016,7.47,
410951,365,Fine particles (PM 2.5),Mean,mcg/m3,UHF34,404406,Bayside Little Neck-Fresh Meadows,Winter 2015-16,12/01/2015,7.43,
173692,365,Fine particles (PM 2.5),Mean,mcg/m3,UHF34,409,Southeast Queens,Summer 2011,06/01/2011,10.79,
742363,365,Fine particles (PM 2.5),Mean,mcg/m3,UHF34,409,Southeast Queens,Winter 2020-21,12/01/2020,6.48,
410860,365,Fine particles (PM 2.5),Mean,mcg/m3,UHF42,504,South Beach - Tottenville,Annual Average 2016,12/31/2015,6.59,
605786,365,Fine particles (PM 2.5),Mean,mcg/m3,UHF42,504,South Beach - Tottenville,Annual Average 2018,01/01/2018,6.18,
742286,365,Fine particles (PM 2.5),Mean,mcg/m3,UHF42,504,South Beach - Tottenville,Summer 2021,06/01/2021,7.62,
177926,365,Fine particles (PM 2.5),Mean,mcg/m3,UHF42,404,Bayside - Little Neck,Summer 2012,06/01/2012,9.84,
177968,365,Fine particles (PM 2.5),Mean,mcg/m3,UHF42,404,Bayside - Little Neck,Summer 2013,06/01/2013,9.94,
410830,365,Fine particles (PM 2.5),Mean,mcg/m3,UHF42,404,Bayside - Little Neck,Annual Average 2016,12/31/2015,6.88,
605756,365,Fine particles (PM 2.5),Mean,mcg/m3,UHF42,404,Bayside - Little Neck,Annual Average 2018,01/01/2018,6.48,
742256,365,Fine particles (PM 2.5),Mean,mcg/m3,UHF42,404,Bayside - Little Neck,Summer 2021,06/01/2021,7.9,
605864,365,Fine particles (PM 2.5),Mean,mcg/m3,UHF34,409,Southeast Queens,Annual Average 2018,01/01/2018,6.42,
173709,365,Fine particles (PM 2.5),Mean,mcg/m3,UHF34,205,Sunset Park,Summer 2012,06/01/2012,10.87,
605813,365,Fine particles (PM 2.5),Mean,mcg/m3,UHF34,205,Sunset Park,Annual Average 2018,01/01/2018,7.72,
177912,365,Fine particles (PM 2.5),Mean,mcg/m3,UHF42,211,Williamsburg - Bushwick,Summer 2012,06/01/2012,12.31,
178462,365,Fine particles (PM 2.5),Mean,mcg/m3,UHF42,304,Upper West Side,Annual Average 2010,12/01/2009,11.01,
649727,365,Fine particles (PM 2.5),Mean,mcg/m3,UHF42,304,Upper West Side,Summer 2019,06/01/2019,8.55,
178482,365,Fine particles (PM 2.5),Mean,mcg/m3,UHF42,504,South Beach - Tottenville,Annual Average 2010,12/01/2009,8.71,
334076,365,Fine particles (PM 2.5),Mean,mcg/m3,UHF42,504,South Beach - Tottenville,Summer 2015,06/01/2015,8.43,
669714,365,Fine particles (PM 2.5),Mean,mcg/m3,UHF42,504,South Beach - Tottenville,Winter 2019-20,12/01/2019,6.05,
221942,386,Ozone (O3),Mean,ppb,UHF34,409,Southeast Queens,Summer 2012,06/01/2012,34.81,
743659,386,Ozone (O3),Mean,ppb,UHF34,409,Southeast Queens,Summer 2021,06/01/2021,31.45,
172235,375,Nitrogen dioxide (NO2),Mean,ppb,UHF34,404406,Bayside Little Neck-Fresh Meadows,Summer 2013,06/01/2013,15,
172201,375,Nitrogen dioxide (NO2),Mean,ppb,UHF34,404406,Bayside Little Neck-Fresh Meadows,Summer 2012,06/01/2012,15.41,
172196,375,Nitrogen dioxide (NO2),Mean,ppb,UHF34,409,Southeast Queens,Summer 2012,06/01/2012,14.32,
172230,375,Nitrogen dioxide (NO2),Mean,ppb,UHF34,409,Southeast Queens,Summer 2013,06/01/2013,14.59,
412630,375,Nitrogen dioxide (NO2),Mean,ppb,UHF34,409,Southeast Queens,Annual Average 2016,12/31/2015,16.16,
412645,375,Nitrogen dioxide (NO2),Mean,ppb,UHF34,404406,Bayside Little Neck-Fresh Meadows,Annual Average 2016,12/31/2015,17.1,
602918,375,Nitrogen dioxide (NO2),Mean,ppb,UHF34,404406,Bayside Little Neck-Fresh Meadows,Annual Average 2018,01/01/2018,16.4,
741110,375,Nitrogen dioxide (NO2),Mean,ppb,UHF34,404406,Bayside Little Neck-Fresh Meadows,Summer 2021,06/01/2021,10.2,
669715,365,Fine particles (PM 2.5),Mean,mcg/m3,UHF42,504,South Beach - Tottenville,Annual Average 2020,01/01/2020,5.34,
178430,365,Fine particles (PM 2.5),Mean,mcg/m3,UHF42,404,Bayside - Little Neck,Annual Average 2009,12/01/2008,9.72,
178514,365,Fine particles (PM 2.5),Mean,mcg/m3,UHF42,404,Bayside - Little Neck,Annual Average 2011,12/01/2010,9.71,
212825,365,Fine particles (PM 2.5),Mean,mcg/m3,UHF42,404,Bayside - Little Neck,Summer 2014,06/01/2014,7.96,
334045,365,Fine particles (PM 2.5),Mean,mcg/m3,UHF42,404,Bayside - Little Neck,Annual Average 2015,01/01/2015,8.26,
669745,365,Fine particles (PM 2.5),Mean,mcg/m3,UHF42,404,Bayside - Little Neck,Annual Average 2020,01/01/2020,6,
649758,365,Fine particles (PM 2.5),Mean,mcg/m3,UHF42,404,Bayside - Little Neck,Winter 2018-19,12/01/2018,6.92,
173097,365,Fine particles (PM 2.5),Mean,mcg/m3,UHF34,205,Sunset Park,Winter 2008-09,12/01/2008,13.49,
211866,365,Fine particles (PM 2.5),Mean,mcg/m3,UHF34,205,Sunset Park,Winter 2013-14,12/01/2013,12.57,
213598,375,Nitrogen dioxide (NO2),Mean,ppb,CD,210,Throgs Neck and Co-op City (CD10),Annual Average 2014,12/01/2013,18.54,
550056,375,Nitrogen dioxide (NO2),Mean,ppb,CD,210,Throgs Neck and Co-op City (CD10),Winter 2016-17,12/01/2016,25.37,
550054,375,Nitrogen dioxide (NO2),Mean,ppb,CD,210,Throgs Neck and Co-op City (CD10),Summer 2017,06/01/2017,13.51,
602997,375,Nitrogen dioxide (NO2),Mean,ppb,CD,210,Throgs Neck and Co-op City (CD10),Summer 2018,06/01/2018,12.22,
667647,375,Nitrogen dioxide (NO2),Mean,ppb,CD,210,Throgs Neck and Co-op City (CD10),Summer 2020,06/01/2020,11.58,
550062,375,Nitrogen dioxide (NO2),Mean,ppb,CD,212,Williamsbridge and Baychester (CD12),Winter 2016-17,12/01/2016,25.89,
550060,375,Nitrogen dioxide (NO2),Mean,ppb,CD,212,Williamsbridge and Baychester (CD12),Summer 2017,06/01/2017,13.84,
603003,375,Nitrogen dioxide (NO2),Mean,ppb,CD,212,Williamsbridge and Baychester (CD12),Summer 2018,06/01/2018,12.65,
667659,375,Nitrogen dioxide (NO2),Mean,ppb,CD,212,Williamsbridge and Baychester (CD12),Summer 2020,06/01/2020,12.77,
"518570,659,Asthma emergency departments visits due to Ozone,Estimated annual rate (age 18+),""per 100,000 adults"",UHF42,301,Washington Heights,2012-2014,01/02/2012,47.2,"
"518590,659,Asthma emergency departments visits due to Ozone,Estimated annual rate (age 18+),""per 100,000 adults"",UHF42,501,Port Richmond,2012-2014,01/02/2012,74.4,"
325264,643,Annual vehicle miles traveled,million miles,per km2,CD,212,Williamsbridge and Baychester (CD12),2016,01/01/2016,19.2,
325098,645,Annual vehicle miles travelled (trucks),million miles,per km2,UHF42,201,Greenpoint,2016,01/01/2016,3.8,
325109,645,Annual vehicle miles travelled (trucks),million miles,per km2,UHF42,301,Washington Heights,2016,01/01/2016,2.6,
649994,365,Fine particles (PM 2.5),Mean,mcg/m3,CD,310,Bay Ridge and Dyker Heights (CD10),Summer 2019,06/01/2019,7.94,
130500,642,Boiler Emissions- Total NOx Emissions,Number per km2,number,UHF42,201,Greenpoint,2013,01/01/2013,18.9,
130511,642,Boiler Emissions- Total NOx Emissions,Number per km2,number,UHF42,301,Washington Heights,2013,01/01/2013,115.3,
130493,642,Boiler Emissions- Total NOx Emissions,Number per km2,number,UHF42,101,Kingsbridge - Riverdale,2013,01/01/2013,42.5,
"518559,659,Asthma emergency departments visits due to Ozone,Estimated annual rate (age 18+),""per 100,000 adults"",UHF42,201,Greenpoint,2012-2014,01/02/2012,32.1,"
"628924,659,Asthma emergency departments visits due to Ozone,Estimated annual rate (age 18+),""per 100,000 adults"",UHF42,201,Greenpoint,2015-2017,01/01/2015,27.6,"
166026,375,Nitrogen dioxide (NO2),Mean,ppb,CD,410,South Ozone Park and Howard Beach (CD10),Winter 2012-13,12/01/2012,24.08,
167619,375,Nitrogen dioxide (NO2),Mean,ppb,CD,410,South Ozone Park and Howard Beach (CD10),Annual Average 2010,12/01/2009,21,
336875,375,Nitrogen dioxide (NO2),Mean,ppb,CD,410,South Ozone Park and Howard Beach (CD10),Summer 2015,06/01/2015,12.79,
338282,386,Ozone (O3),Mean,ppb,CD,310,Bay Ridge and Dyker Heights (CD10),Summer 2015,06/01/2015,31.77,
651052,386,Ozone (O3),Mean,ppb,CD,412,Jamaica and Hollis (CD12),Summer 2019,06/01/2019,33.07,
166718,375,Nitrogen dioxide (NO2),Mean,ppb,CD,312,Borough Park (CD12),Summer 2010,06/01/2010,19.15,
166777,375,Nitrogen dioxide (NO2),Mean,ppb,CD,312,Borough Park (CD12),Summer 2011,06/01/2011,18.99,
412764,375,Nitrogen dioxide (NO2),Mean,ppb,CD,312,Borough Park (CD12),Summer 2016,06/01/2016,14.56,
412763,375,Nitrogen dioxide (NO2),Mean,ppb,CD,312,Borough Park (CD12),Winter 2015-16,12/01/2015,23.9,
166765,375,Nitrogen dioxide (NO2),Mean,ppb,CD,212,Williamsbridge and Baychester (CD12),Summer 2011,06/01/2011,16.66,
649865,365,Fine particles (PM 2.5),Mean,mcg/m3,UHF34,409,Southeast Queens,Summer 2019,06/01/2019,7.18,
173760,365,Fine particles (PM 2.5),Mean,mcg/m3,UHF34,409,Southeast Queens,Summer 2013,06/01/2013,9.75,
605879,365,Fine particles (PM 2.5),Mean,mcg/m3,UHF34,404406,Bayside Little Neck-Fresh Meadows,Annual Average 2018,01/01/2018,6.51,
742379,365,Fine particles (PM 2.5),Mean,mcg/m3,UHF34,404406,Bayside Little Neck-Fresh Meadows,Summer 2021,06/01/2021,7.91,
173765,365,Fine particles (PM 2.5),Mean,mcg/m3,UHF34,404406,Bayside Little Neck-Fresh Meadows,Summer 2013,06/01/2013,9.95,
173731,365,Fine particles (PM 2.5),Mean,mcg/m3,UHF34,404406,Bayside Little Neck-Fresh Meadows,Summer 2012,06/01/2012,9.87,
410953,365,Fine particles (PM 2.5),Mean,mcg/m3,UHF34,404406,Bayside Little Neck-Fresh Meadows,Annual Average 2016,12/31/2015,6.94,
173726,365,Fine particles (PM 2.5),Mean,mcg/m3,UHF34,409,Southeast Queens,Summer 2012,06/01/2012,9.61,
410938,365,Fine particles (PM 2.5),Mean,mcg/m3,UHF34,409,Southeast Queens,Annual Average 2016,12/31/2015,6.51,
742364,365,Fine particles (PM 2.5),Mean,mcg/m3,UHF34,409,Southeast Queens,Summer 2021,06/01/2021,7.69,
669622,365,Fine particles (PM 2.5),Mean,mcg/m3,UHF34,404406,Bayside Little Neck-Fresh Meadows,Annual Average 2020,01/01/2020,5.98,
211990,365,Fine particles (PM 2.5),Mean,mcg/m3,UHF34,404406,Bayside Little Neck-Fresh Meadows,Summer 2014,06/01/2014,7.99,
649881,365,Fine particles (PM 2.5),Mean,mcg/m3,UHF34,404406,Bayside Little Neck-Fresh Meadows,Winter 2018-19,12/01/2018,6.89,
174139,365,Fine particles (PM 2.5),Mean,mcg/m3,UHF34,404406,Bayside Little Neck-Fresh Meadows,Annual Average 2009,12/01/2008,9.83,
174207,365,Fine particles (PM 2.5),Mean,mcg/m3,UHF34,404406,Bayside Little Neck-Fresh Meadows,Annual Average 2011,12/01/2010,9.72,
334168,365,Fine particles (PM 2.5),Mean,mcg/m3,UHF34,404406,Bayside Little Neck-Fresh Meadows,Annual Average 2015,01/01/2015,8.23,
338222,386,Ozone (O3),Mean,ppb,UHF34,205,Sunset Park,Summer 2015,06/01/2015,31.29,
172677,375,Nitrogen dioxide (NO2),Mean,ppb,UHF34,404406,Bayside Little Neck-Fresh Meadows,Annual Average 2011,12/01/2010,20.53,
172609,375,Nitrogen dioxide (NO2),Mean,ppb,UHF34,404406,Bayside Little Neck-Fresh Meadows,Annual Average 2009,12/01/2008,21.14,
336706,375,Nitrogen dioxide (NO2),Mean,ppb,UHF34,404406,Bayside Little Neck-Fresh Meadows,Annual Average 2015,01/01/2015,17.89,
172672,375,Nitrogen dioxide (NO2),Mean,ppb,UHF34,409,Southeast Queens,Annual Average 2011,12/01/2010,19.29,
172604,375,Nitrogen dioxide (NO2),Mean,ppb,UHF34,409,Southeast Queens,Annual Average 2009,12/01/2008,19.89,
211679,375,Nitrogen dioxide (NO2),Mean,ppb,UHF34,409,Southeast Queens,Summer 2014,06/01/2014,12.08,
336691,375,Nitrogen dioxide (NO2),Mean,ppb,UHF34,409,Southeast Queens,Annual Average 2015,01/01/2015,17.16,
179277,375,Nitrogen dioxide (NO2),Mean,ppb,Borough,5,Staten Island,Winter 2009-10,12/01/2009,19.14,
549757,375,Nitrogen dioxide (NO2),Mean,ppb,Borough,5,Staten Island,Summer 2017,06/01/2017,9.45,
602796,375,Nitrogen dioxide (NO2),Mean,ppb,UHF42,404,Bayside - Little Neck,Summer 2018,06/01/2018,11.72,
174134,365,Fine particles (PM 2.5),Mean,mcg/m3,UHF34,409,Southeast Queens,Annual Average 2009,12/01/2008,9.35,
174202,365,Fine particles (PM 2.5),Mean,mcg/m3,UHF34,409,Southeast Queens,Annual Average 2011,12/01/2010,9.17,
211985,365,Fine particles (PM 2.5),Mean,mcg/m3,UHF34,409,Southeast Queens,Summer 2014,06/01/2014,7.72,
649866,365,Fine particles (PM 2.5),Mean,mcg/m3,UHF34,409,Southeast Queens,Winter 2018-19,12/01/2018,6.73,
166706,375,Nitrogen dioxide (NO2),Mean,ppb,CD,212,Williamsbridge and Baychester (CD12),Summer 2010,06/01/2010,17.48,
412722,375,Nitrogen dioxide (NO2),Mean,ppb,CD,210,Throgs Neck and Co-op City (CD10),Summer 2016,06/01/2016,13.75,
741187,375,Nitrogen dioxide (NO2),Mean,ppb,CD,210,Throgs Neck and Co-op City (CD10),Winter 2020-21,12/01/2020,18.94,
412728,375,Nitrogen dioxide (NO2),Mean,ppb,CD,212,Williamsbridge and Baychester (CD12),Summer 2016,06/01/2016,14.07,
412727,375,Nitrogen dioxide (NO2),Mean,ppb,CD,212,Williamsbridge and Baychester (CD12),Winter 2015-16,12/01/2015,20.61,
741193,375,Nitrogen dioxide (NO2),Mean,ppb,CD,212,Williamsbridge and Baychester (CD12),Winter 2020-21,12/01/2020,18.83,
643433,375,Nitrogen dioxide (NO2),Mean,ppb,UHF42,501,Port Richmond,Summer 2019,06/01/2019,14.27,
650960,386,Ozone (O3),Mean,ppb,UHF42,501,Port Richmond,Summer 2019,06/01/2019,27.27,
338210,386,Ozone (O3),Mean,ppb,UHF42,501,Port Richmond,Summer 2015,06/01/2015,29.99,
643709,375,Nitrogen dioxide (NO2),Mean,ppb,CD,412,Jamaica and Hollis (CD12),Summer 2019,06/01/2019,13.28,
667838,375,Nitrogen dioxide (NO2),Mean,ppb,CD,412,Jamaica and Hollis (CD12),Winter 2019-20,12/01/2019,22.29,
667826,375,Nitrogen dioxide (NO2),Mean,ppb,CD,410,South Ozone Park and Howard Beach (CD10),Winter 2019-20,12/01/2019,23.38,
643703,375,Nitrogen dioxide (NO2),Mean,ppb,CD,410,South Ozone Park and Howard Beach (CD10),Summer 2019,06/01/2019,11.1,
166028,375,Nitrogen dioxide (NO2),Mean,ppb,CD,412,Jamaica and Hollis (CD12),Winter 2012-13,12/01/2012,23.12,
167621,375,Nitrogen dioxide (NO2),Mean,ppb,CD,412,Jamaica and Hollis (CD12),Annual Average 2010,12/01/2009,21.28,
336881,375,Nitrogen dioxide (NO2),Mean,ppb,CD,412,Jamaica and Hollis (CD12),Summer 2015,06/01/2015,13.39,
176695,375,Nitrogen dioxide (NO2),Mean,ppb,UHF42,301,Washington Heights,Annual Average 2013,12/01/2012,22.79,
175351,375,Nitrogen dioxide (NO2),Mean,ppb,UHF42,301,Washington Heights,Winter 2010-11,12/01/2010,30.54,
175897,375,Nitrogen dioxide (NO2),Mean,ppb,UHF42,301,Washington Heights,Summer 2009,06/01/2009,25.61,
175886,375,Nitrogen dioxide (NO2),Mean,ppb,UHF42,201,Greenpoint,Summer 2009,06/01/2009,22.6,
176684,375,Nitrogen dioxide (NO2),Mean,ppb,UHF42,201,Greenpoint,Annual Average 2013,12/01/2012,22.85,
741159,375,Nitrogen dioxide (NO2),Mean,ppb,CD,112,Washington Heights and Inwood (CD12),Annual Average 2021,01/01/2021,16.91,
334008,365,Fine particles (PM 2.5),Mean,mcg/m3,UHF42,301,Washington Heights,Winter 2014-15,12/01/2014,10.29,
547423,365,Fine particles (PM 2.5),Mean,mcg/m3,UHF42,301,Washington Heights,Annual Average 2017,01/01/2017,7.79,
742428,365,Fine particles (PM 2.5),Mean,mcg/m3,CD,112,Washington Heights and Inwood (CD12),Annual Average 2021,01/01/2021,6.88,
742422,365,Fine particles (PM 2.5),Mean,mcg/m3,CD,110,Central Harlem (CD10),Annual Average 2021,01/01/2021,6.77,
169290,365,Fine particles (PM 2.5),Mean,mcg/m3,CD,112,Washington Heights and Inwood (CD12),Summer 2009,06/01/2009,10.99,
168523,365,Fine particles (PM 2.5),Mean,mcg/m3,CD,112,Washington Heights and Inwood (CD12),Winter 2010-11,12/01/2010,14.63,
170411,365,Fine particles (PM 2.5),Mean,mcg/m3,CD,112,Washington Heights and Inwood (CD12),Annual Average 2013,12/01/2012,9.46,
168519,365,Fine particles (PM 2.5),Mean,mcg/m3,CD,108,Upper East Side (CD8),Winter 2010-11,12/01/2010,14.69,
169286,365,Fine particles (PM 2.5),Mean,mcg/m3,CD,108,Upper East Side (CD8),Summer 2009,06/01/2009,12.95,
170407,365,Fine particles (PM 2.5),Mean,mcg/m3,CD,108,Upper East Side (CD8),Annual Average 2013,12/01/2012,11.13,
213605,375,Nitrogen dioxide (NO2),Mean,ppb,CD,305,East New York and Starrett City (CD5),Annual Average 2014,12/01/2013,19.34,
550077,375,Nitrogen dioxide (NO2),Mean,ppb,CD,305,East New York and Starrett City (CD5),Winter 2016-17,12/01/2016,24.55,
603018,375,Nitrogen dioxide (NO2),Mean,ppb,CD,305,East New York and Starrett City (CD5),Summer 2018,06/01/2018,11.59,
550075,375,Nitrogen dioxide (NO2),Mean,ppb,CD,305,East New York and Starrett City (CD5),Summer 2017,06/01/2017,12.99,
667689,375,Nitrogen dioxide (NO2),Mean,ppb,CD,305,East New York and Starrett City (CD5),Summer 2020,06/01/2020,10.19,
"628940,659,Asthma emergency departments visits due to Ozone,Estimated annual rate (age 18+),""per 100,000 adults"",UHF42,306,Chelsea - Clinton,2015-2017,01/01/2015,27.3,"
"518553,659,Asthma emergency departments visits due to Ozone,Estimated annual rate (age 18+),""per 100,000 adults"",UHF42,102,Northeast Bronx,2012-2014,01/02/2012,81.9,"
"518560,659,Asthma emergency departments visits due to Ozone,Estimated annual rate (age 18+),""per 100,000 adults"",UHF42,202,Downtown - Heights - Slope,2012-2014,01/02/2012,42.9,"
"628925,659,Asthma emergency departments visits due to Ozone,Estimated annual rate (age 18+),""per 100,000 adults"",UHF42,202,Downtown - Heights - Slope,2015-2017,01/01/2015,34.3,"
"151384,652,Cardiac and respiratory deaths due to Ozone,Estimated annual rate,""per 100,000"",UHF42,102,Northeast Bronx,2009-2011,01/01/2009,5.4,"
"151416,652,Cardiac and respiratory deaths due to Ozone,Estimated annual rate,""per 100,000"",UHF42,406,Fresh Meadows,2009-2011,01/01/2009,4.8,"
"151402,652,Cardiac and respiratory deaths due to Ozone,Estimated annual rate,""per 100,000"",UHF42,302,Central Harlem - Morningside Heights,2009-2011,01/01/2009,4.3,"
"518729,652,Cardiac and respiratory deaths due to Ozone,Estimated annual rate,""per 100,000"",UHF42,406,Fresh Meadows,2012-2014,01/02/2012,5.4,"
325092,645,Annual vehicle miles travelled (trucks),million miles,per km2,UHF42,102,Northeast Bronx,2016,01/01/2016,1.5,
325124,645,Annual vehicle miles travelled (trucks),million miles,per km2,UHF42,406,Fresh Meadows,2016,01/01/2016,2,
151738,645,Annual vehicle miles travelled (trucks),million miles,per km2,UHF42,302,Central Harlem - Morningside Heights,2005,01/01/2005,0.9,
325110,645,Annual vehicle miles travelled (trucks),million miles,per km2,UHF42,302,Central Harlem - Morningside Heights,2016,01/01/2016,1.2,
178460,365,Fine particles (PM 2.5),Mean,mcg/m3,UHF42,302,Central Harlem - Morningside Heights,Annual Average 2010,12/01/2009,10.62,
177326,365,Fine particles (PM 2.5),Mean,mcg/m3,UHF42,302,Central Harlem - Morningside Heights,Winter 2012-13,12/01/2012,12.15,
130494,642,Boiler Emissions- Total NOx Emissions,Number per km2,number,UHF42,102,Northeast Bronx,2013,01/01/2013,33.8,
130446,641,Boiler Emissions- Total PM2.5 Emissions,Number per km2,number,UHF42,102,Northeast Bronx,2013,01/01/2013,0.3,
130501,642,Boiler Emissions- Total NOx Emissions,Number per km2,number,UHF42,202,Downtown - Heights - Slope,2013,01/01/2013,32,
130453,641,Boiler Emissions- Total PM2.5 Emissions,Number per km2,number,UHF42,202,Downtown - Heights - Slope,2013,01/01/2013,0.1,
"131382,657,Asthma emergency department visits due to PM2.5,Estimated annual rate (age 18+),""per 100,000 adults"",UHF42,302,Central Harlem - Morningside Heights,2009-2011,01/01/2009,137,"
336860,375,Nitrogen dioxide (NO2),Mean,ppb,CD,405,Ridgewood and Maspeth (CD5),Summer 2015,06/01/2015,14.42,
643688,375,Nitrogen dioxide (NO2),Mean,ppb,CD,405,Ridgewood and Maspeth (CD5),Summer 2019,06/01/2019,13.71,
667796,375,Nitrogen dioxide (NO2),Mean,ppb,CD,405,Ridgewood and Maspeth (CD5),Winter 2019-20,12/01/2019,26.06,
338288,386,Ozone (O3),Mean,ppb,CD,316,Brownsville (CD16),Summer 2015,06/01/2015,32.07,
"131389,657,Asthma emergency department visits due to PM2.5,Estimated annual rate (age 18+),""per 100,000 adults"",UHF42,309,Union Square - Lower East Side,2009-2011,01/01/2009,45.5,"
167625,375,Nitrogen dioxide (NO2),Mean,ppb,CD,502,South Beach and Willowbrook (CD2),Annual Average 2010,12/01/2009,15.24,
166032,375,Nitrogen dioxide (NO2),Mean,ppb,CD,502,South Beach and Willowbrook (CD2),Winter 2012-13,12/01/2012,19.14,
336893,375,Nitrogen dioxide (NO2),Mean,ppb,CD,502,South Beach and Willowbrook (CD2),Summer 2015,06/01/2015,8.83,
651041,386,Ozone (O3),Mean,ppb,CD,401,Long Island City and Astoria (CD1),Summer 2019,06/01/2019,29.41,
338305,386,Ozone (O3),Mean,ppb,CD,501,St. George and Stapleton (CD1),Summer 2015,06/01/2015,30.39,
338274,386,Ozone (O3),Mean,ppb,CD,302,Fort Greene and Brooklyn Heights (CD2),Summer 2015,06/01/2015,29.39,
651042,386,Ozone (O3),Mean,ppb,CD,402,Woodside and Sunnyside (CD2),Summer 2019,06/01/2019,28.58,
338291,386,Ozone (O3),Mean,ppb,CD,401,Long Island City and Astoria (CD1),Summer 2015,06/01/2015,31.83,
166767,375,Nitrogen dioxide (NO2),Mean,ppb,CD,302,Fort Greene and Brooklyn Heights (CD2),Summer 2011,06/01/2011,23.13,
166708,375,Nitrogen dioxide (NO2),Mean,ppb,CD,302,Fort Greene and Brooklyn Heights (CD2),Summer 2010,06/01/2010,23.47,
741199,375,Nitrogen dioxide (NO2),Mean,ppb,CD,302,Fort Greene and Brooklyn Heights (CD2),Winter 2020-21,12/01/2020,23.86,
166707,375,Nitrogen dioxide (NO2),Mean,ppb,CD,301,Greenpoint and Williamsburg (CD1),Summer 2010,06/01/2010,21.44,
166766,375,Nitrogen dioxide (NO2),Mean,ppb,CD,301,Greenpoint and Williamsburg (CD1),Summer 2011,06/01/2011,21.37,
412731,375,Nitrogen dioxide (NO2),Mean,ppb,CD,301,Greenpoint and Williamsburg (CD1),Summer 2016,06/01/2016,16.53,
412730,375,Nitrogen dioxide (NO2),Mean,ppb,CD,301,Greenpoint and Williamsburg (CD1),Winter 2015-16,12/01/2015,25.68,
741196,375,Nitrogen dioxide (NO2),Mean,ppb,CD,301,Greenpoint and Williamsburg (CD1),Winter 2020-21,12/01/2020,24.97,
549343,386,Ozone (O3),Mean,ppb,UHF42,210,Coney Island - Sheepshead Bay,Summer 2017,06/01/2017,31.86,
605246,386,Ozone (O3),Mean,ppb,UHF42,210,Coney Island - Sheepshead Bay,Summer 2018,06/01/2018,32.5,
175390,375,Nitrogen dioxide (NO2),Mean,ppb,UHF42,209,Bensonhurst - Bay Ridge,Winter 2011-12,12/01/2011,21.83,
212557,375,Nitrogen dioxide (NO2),Mean,ppb,UHF42,209,Bensonhurst - Bay Ridge,Annual Average 2014,12/01/2013,19.1,
338209,386,Ozone (O3),Mean,ppb,UHF42,410,Rockaways,Summer 2015,06/01/2015,37.44,
166031,375,Nitrogen dioxide (NO2),Mean,ppb,CD,501,St. George and Stapleton (CD1),Winter 2012-13,12/01/2012,22.98,
336890,375,Nitrogen dioxide (NO2),Mean,ppb,CD,501,St. George and Stapleton (CD1),Summer 2015,06/01/2015,12.48,
667856,375,Nitrogen dioxide (NO2),Mean,ppb,CD,501,St. George and Stapleton (CD1),Winter 2019-20,12/01/2019,21.69,
643718,375,Nitrogen dioxide (NO2),Mean,ppb,CD,501,St. George and Stapleton (CD1),Summer 2019,06/01/2019,13.46,
166018,375,Nitrogen dioxide (NO2),Mean,ppb,CD,402,Woodside and Sunnyside (CD2),Winter 2012-13,12/01/2012,26.77,
167611,375,Nitrogen dioxide (NO2),Mean,ppb,CD,402,Woodside and Sunnyside (CD2),Annual Average 2010,12/01/2009,24.14,
166636,375,Nitrogen dioxide (NO2),Mean,ppb,CD,201,Mott Haven and Melrose (CD1),Summer 2009,06/01/2009,24.8,
165869,375,Nitrogen dioxide (NO2),Mean,ppb,CD,201,Mott Haven and Melrose (CD1),Winter 2010-11,12/01/2010,31.73,
167757,375,Nitrogen dioxide (NO2),Mean,ppb,CD,201,Mott Haven and Melrose (CD1),Annual Average 2013,12/01/2012,22.94,
213594,375,Nitrogen dioxide (NO2),Mean,ppb,CD,206,Belmont and East Tremont (CD6),Annual Average 2014,12/01/2013,21.36,
166022,375,Nitrogen dioxide (NO2),Mean,ppb,CD,406,Rego Park and Forest Hills (CD6),Winter 2012-13,12/01/2012,25,
167615,375,Nitrogen dioxide (NO2),Mean,ppb,CD,406,Rego Park and Forest Hills (CD6),Annual Average 2010,12/01/2009,23.52,
336863,375,Nitrogen dioxide (NO2),Mean,ppb,CD,406,Rego Park and Forest Hills (CD6),Summer 2015,06/01/2015,15.15,
667802,375,Nitrogen dioxide (NO2),Mean,ppb,CD,406,Rego Park and Forest Hills (CD6),Winter 2019-20,12/01/2019,24.87,
338266,386,Ozone (O3),Mean,ppb,CD,206,Belmont and East Tremont (CD6),Summer 2015,06/01/2015,29.8,
412746,375,Nitrogen dioxide (NO2),Mean,ppb,CD,306,Park Slope and Carroll Gardens (CD6),Summer 2016,06/01/2016,16.89,
412745,375,Nitrogen dioxide (NO2),Mean,ppb,CD,306,Park Slope and Carroll Gardens (CD6),Winter 2015-16,12/01/2015,25.29,
175395,375,Nitrogen dioxide (NO2),Mean,ppb,UHF42,303,East Harlem,Winter 2011-12,12/01/2011,27.76,
667250,375,Nitrogen dioxide (NO2),Mean,ppb,UHF42,405,Ridgewood - Forest Hills,Winter 2019-20,12/01/2019,25.26,
643415,375,Nitrogen dioxide (NO2),Mean,ppb,UHF42,405,Ridgewood - Forest Hills,Summer 2019,06/01/2019,12.77,
650962,386,Ozone (O3),Mean,ppb,UHF42,503,Willowbrook,Summer 2019,06/01/2019,28.8,
338204,386,Ozone (O3),Mean,ppb,UHF42,405,Ridgewood - Forest Hills,Summer 2015,06/01/2015,31.81,
650942,386,Ozone (O3),Mean,ppb,UHF42,303,East Harlem,Summer 2019,06/01/2019,27.51,
338194,386,Ozone (O3),Mean,ppb,UHF42,305,Upper East Side,Summer 2015,06/01/2015,28.07,
650952,386,Ozone (O3),Mean,ppb,UHF42,403,Flushing - Clearview,Summer 2019,06/01/2019,31.3,
650944,386,Ozone (O3),Mean,ppb,UHF42,305,Upper East Side,Summer 2019,06/01/2019,25.88,
338202,386,Ozone (O3),Mean,ppb,UHF42,403,Flushing - Clearview,Summer 2015,06/01/2015,31.88,
167762,375,Nitrogen dioxide (NO2),Mean,ppb,CD,206,Belmont and East Tremont (CD6),Annual Average 2013,12/01/2012,21.92,
336774,375,Nitrogen dioxide (NO2),Mean,ppb,CD,206,Belmont and East Tremont (CD6),Winter 2014-15,12/01/2014,25.18,
550043,375,Nitrogen dioxide (NO2),Mean,ppb,CD,206,Belmont and East Tremont (CD6),Annual Average 2017,01/01/2017,20.72,
741177,375,Nitrogen dioxide (NO2),Mean,ppb,CD,206,Belmont and East Tremont (CD6),Annual Average 2021,01/01/2021,17.36,
130504,642,Boiler Emissions- Total NOx Emissions,Number per km2,number,UHF42,205,Sunset Park,2013,01/01/2013,13.4,
130456,641,Boiler Emissions- Total PM2.5 Emissions,Number per km2,number,UHF42,205,Sunset Park,2013,01/01/2013,0,
130515,642,Boiler Emissions- Total NOx Emissions,Number per km2,number,UHF42,305,Upper East Side,2013,01/01/2013,269.8,
130475,641,Boiler Emissions- Total PM2.5 Emissions,Number per km2,number,UHF42,403,Flushing - Clearview,2013,01/01/2013,0.6,
130523,642,Boiler Emissions- Total NOx Emissions,Number per km2,number,UHF42,403,Flushing - Clearview,2013,01/01/2013,18.7,
742228,365,Fine particles (PM 2.5),Mean,mcg/m3,UHF42,305,Upper East Side,Winter 2020-21,12/01/2020,7.1,
547429,365,Fine particles (PM 2.5),Mean,mcg/m3,UHF42,303,East Harlem,Annual Average 2017,01/01/2017,8.11,
178589,365,Fine particles (PM 2.5),Mean,mcg/m3,UHF42,305,Upper East Side,Annual Average 2013,12/01/2012,11.1,
177245,365,Fine particles (PM 2.5),Mean,mcg/m3,UHF42,305,Upper East Side,Winter 2010-11,12/01/2010,14.66,
177791,365,Fine particles (PM 2.5),Mean,mcg/m3,UHF42,305,Upper East Side,Summer 2009,06/01/2009,12.91,
742191,365,Fine particles (PM 2.5),Mean,mcg/m3,UHF42,203,Bedford Stuyvesant - Crown Heights,Annual Average 2021,01/01/2021,6.61,
605254,386,Ozone (O3),Mean,ppb,UHF42,307,Gramercy Park - Murray Hill,Summer 2018,06/01/2018,23.99,
670955,386,Ozone (O3),Mean,ppb,UHF42,307,Gramercy Park - Murray Hill,Summer 2020,06/01/2020,27.65,
549352,386,Ozone (O3),Mean,ppb,UHF42,308,Greenwich Village - SoHo,Summer 2017,06/01/2017,25.23,
605255,386,Ozone (O3),Mean,ppb,UHF42,308,Greenwich Village - SoHo,Summer 2018,06/01/2018,26.35,
650935,386,Ozone (O3),Mean,ppb,UHF42,207,East Flatbush - Flatbush,Summer 2019,06/01/2019,31.43,
650956,386,Ozone (O3),Mean,ppb,UHF42,407,Southwest Queens,Summer 2019,06/01/2019,33.31,
338197,386,Ozone (O3),Mean,ppb,UHF42,308,Greenwich Village - SoHo,Summer 2015,06/01/2015,27.35,
650947,386,Ozone (O3),Mean,ppb,UHF42,308,Greenwich Village - SoHo,Summer 2019,06/01/2019,25.04,
336854,375,Nitrogen dioxide (NO2),Mean,ppb,CD,403,Jackson Heights (CD3),Summer 2015,06/01/2015,16.21,
336896,375,Nitrogen dioxide (NO2),Mean,ppb,CD,503,Tottenville and Great Kills (CD3),Summer 2015,06/01/2015,6.59,
643724,375,Nitrogen dioxide (NO2),Mean,ppb,CD,503,Tottenville and Great Kills (CD3),Summer 2019,06/01/2019,7.75,
667784,375,Nitrogen dioxide (NO2),Mean,ppb,CD,403,Jackson Heights (CD3),Winter 2019-20,12/01/2019,25.71,
643685,375,Nitrogen dioxide (NO2),Mean,ppb,CD,404,Elmhurst and Corona (CD4),Summer 2019,06/01/2019,14.98,
667790,375,Nitrogen dioxide (NO2),Mean,ppb,CD,404,Elmhurst and Corona (CD4),Winter 2019-20,12/01/2019,26.69,
740937,375,Nitrogen dioxide (NO2),Mean,ppb,UHF42,208,Canarsie - Flatlands,Annual Average 2021,01/01/2021,14.28,
549800,375,Nitrogen dioxide (NO2),Mean,ppb,UHF42,207,East Flatbush - Flatbush,Annual Average 2017,01/01/2017,18.83,
740934,375,Nitrogen dioxide (NO2),Mean,ppb,UHF42,207,East Flatbush - Flatbush,Annual Average 2021,01/01/2021,16.38,
130488,641,Boiler Emissions- Total PM2.5 Emissions,Number per km2,number,Borough,1,Bronx,2013,01/01/2013,1.2,
130536,642,Boiler Emissions- Total NOx Emissions,Number per km2,number,Borough,1,Bronx,2013,01/01/2013,42.7,
547678,365,Fine particles (PM 2.5),Mean,mcg/m3,CD,303,Bedford Stuyvesant (CD3),Annual Average 2017,01/01/2017,7.63,
742473,365,Fine particles (PM 2.5),Mean,mcg/m3,CD,303,Bedford Stuyvesant (CD3),Annual Average 2021,01/01/2021,6.84,
742437,365,Fine particles (PM 2.5),Mean,mcg/m3,CD,203,Morrisania and Crotona (CD3),Annual Average 2021,01/01/2021,6.7,
169294,365,Fine particles (PM 2.5),Mean,mcg/m3,CD,204,Highbridge and Concourse (CD4),Summer 2009,06/01/2009,11.55,
168527,365,Fine particles (PM 2.5),Mean,mcg/m3,CD,204,Highbridge and Concourse (CD4),Winter 2010-11,12/01/2010,14.91,
170415,365,Fine particles (PM 2.5),Mean,mcg/m3,CD,204,Highbridge and Concourse (CD4),Annual Average 2013,12/01/2012,9.97,
334230,365,Fine particles (PM 2.5),Mean,mcg/m3,CD,204,Highbridge and Concourse (CD4),Winter 2014-15,12/01/2014,10.67,
547645,365,Fine particles (PM 2.5),Mean,mcg/m3,CD,204,Highbridge and Concourse (CD4),Annual Average 2017,01/01/2017,8.25,
742440,365,Fine particles (PM 2.5),Mean,mcg/m3,CD,204,Highbridge and Concourse (CD4),Annual Average 2021,01/01/2021,6.65,
742435,365,Fine particles (PM 2.5),Mean,mcg/m3,CD,203,Morrisania and Crotona (CD3),Winter 2020-21,12/01/2020,6.63,
179858,641,Boiler Emissions- Total PM2.5 Emissions,Number per km2,number,Borough,2,Brooklyn,2015,01/01/2015,0.1,
179762,642,Boiler Emissions- Total NOx Emissions,Number per km2,number,Borough,2,Brooklyn,2015,01/01/2015,22.8,
179728,642,Boiler Emissions- Total NOx Emissions,Number per km2,number,UHF42,407,Southwest Queens,2015,01/01/2015,14.3,
179824,641,Boiler Emissions- Total PM2.5 Emissions,Number per km2,number,UHF42,407,Southwest Queens,2015,01/01/2015,0.1,
166719,375,Nitrogen dioxide (NO2),Mean,ppb,CD,313,Coney Island (CD13),Summer 2010,06/01/2010,12.65,
741238,375,Nitrogen dioxide (NO2),Mean,ppb,CD,315,Sheepshead Bay (CD15),Winter 2020-21,12/01/2020,21.86,
412766,375,Nitrogen dioxide (NO2),Mean,ppb,CD,313,Coney Island (CD13),Winter 2015-16,12/01/2015,20.33,
643659,375,Nitrogen dioxide (NO2),Mean,ppb,CD,313,Coney Island (CD13),Winter 2018-19,12/01/2018,17.83,
167547,375,Nitrogen dioxide (NO2),Mean,ppb,CD,315,Sheepshead Bay (CD15),Annual Average 2009,12/01/2008,20.37,
167665,375,Nitrogen dioxide (NO2),Mean,ppb,CD,315,Sheepshead Bay (CD15),Annual Average 2011,12/01/2010,19.38,
336835,375,Nitrogen dioxide (NO2),Mean,ppb,CD,315,Sheepshead Bay (CD15),Annual Average 2015,01/01/2015,17.4,
667747,375,Nitrogen dioxide (NO2),Mean,ppb,CD,315,Sheepshead Bay (CD15),Annual Average 2020,01/01/2020,14.02,
167663,375,Nitrogen dioxide (NO2),Mean,ppb,CD,313,Coney Island (CD13),Annual Average 2011,12/01/2010,17.69,
167545,375,Nitrogen dioxide (NO2),Mean,ppb,CD,313,Coney Island (CD13),Annual Average 2009,12/01/2008,18.41,
213436,375,Nitrogen dioxide (NO2),Mean,ppb,CD,313,Coney Island (CD13),Summer 2014,06/01/2014,10.71,
336829,375,Nitrogen dioxide (NO2),Mean,ppb,CD,313,Coney Island (CD13),Annual Average 2015,01/01/2015,16.07,
216607,386,Ozone (O3),Mean,ppb,CD,413,Queens Village (CD13),Summer 2014,06/01/2014,33.72,
216511,386,Ozone (O3),Mean,ppb,CD,315,Sheepshead Bay (CD15),Summer 2014,06/01/2014,32.4,
643665,375,Nitrogen dioxide (NO2),Mean,ppb,CD,315,Sheepshead Bay (CD15),Winter 2018-19,12/01/2018,18.67,
"518694,652,Cardiac and respiratory deaths due to Ozone,Estimated annual rate,""per 100,000"",Borough,4,Queens,2012-2014,01/02/2012,4.9,"
411081,365,Fine particles (PM 2.5),Mean,mcg/m3,CD,315,Sheepshead Bay (CD15),Summer 2016,06/01/2016,7.66,
411080,365,Fine particles (PM 2.5),Mean,mcg/m3,CD,315,Sheepshead Bay (CD15),Winter 2015-16,12/01/2015,7.08,
667737,375,Nitrogen dioxide (NO2),Mean,ppb,CD,313,Coney Island (CD13),Summer 2020,06/01/2020,8.38,
165836,375,Nitrogen dioxide (NO2),Mean,ppb,CD,315,Sheepshead Bay (CD15),Winter 2009-10,12/01/2009,25.71,
165954,375,Nitrogen dioxide (NO2),Mean,ppb,CD,315,Sheepshead Bay (CD15),Winter 2011-12,12/01/2011,19.89,
213615,375,Nitrogen dioxide (NO2),Mean,ppb,CD,315,Sheepshead Bay (CD15),Annual Average 2014,12/01/2013,17.96,
165952,375,Nitrogen dioxide (NO2),Mean,ppb,CD,313,Coney Island (CD13),Winter 2011-12,12/01/2011,18.16,
165834,375,Nitrogen dioxide (NO2),Mean,ppb,CD,313,Coney Island (CD13),Winter 2009-10,12/01/2009,24.12,
213613,375,Nitrogen dioxide (NO2),Mean,ppb,CD,313,Coney Island (CD13),Annual Average 2014,12/01/2013,16.57,
168666,365,Fine particles (PM 2.5),Mean,mcg/m3,CD,313,Coney Island (CD13),Winter 2012-13,12/01/2012,9.67,
170259,365,Fine particles (PM 2.5),Mean,mcg/m3,CD,313,Coney Island (CD13),Annual Average 2010,12/01/2009,8.76,
168668,365,Fine particles (PM 2.5),Mean,mcg/m3,CD,315,Sheepshead Bay (CD15),Winter 2012-13,12/01/2012,9.78,
170261,365,Fine particles (PM 2.5),Mean,mcg/m3,CD,315,Sheepshead Bay (CD15),Annual Average 2010,12/01/2009,8.94,
334298,365,Fine particles (PM 2.5),Mean,mcg/m3,CD,315,Sheepshead Bay (CD15),Summer 2015,06/01/2015,8.77,
549325,386,Ozone (O3),Mean,ppb,Borough,4,Queens,Summer 2017,06/01/2017,30.83,
605228,386,Ozone (O3),Mean,ppb,Borough,4,Queens,Summer 2018,06/01/2018,31.46,
336884,375,Nitrogen dioxide (NO2),Mean,ppb,CD,413,Queens Village (CD13),Summer 2015,06/01/2015,12.07,
667844,375,Nitrogen dioxide (NO2),Mean,ppb,CD,413,Queens Village (CD13),Winter 2019-20,12/01/2019,20.17,
334218,365,Fine particles (PM 2.5),Mean,mcg/m3,CD,112,Washington Heights and Inwood (CD12),Winter 2014-15,12/01/2014,10.31,
742416,365,Fine particles (PM 2.5),Mean,mcg/m3,CD,108,Upper East Side (CD8),Annual Average 2021,01/01/2021,7.03,
334254,365,Fine particles (PM 2.5),Mean,mcg/m3,CD,212,Williamsbridge and Baychester (CD12),Winter 2014-15,12/01/2014,10.09,
547669,365,Fine particles (PM 2.5),Mean,mcg/m3,CD,212,Williamsbridge and Baychester (CD12),Annual Average 2017,01/01/2017,7.37,
742464,365,Fine particles (PM 2.5),Mean,mcg/m3,CD,212,Williamsbridge and Baychester (CD12),Annual Average 2021,01/01/2021,6.49,
169314,365,Fine particles (PM 2.5),Mean,mcg/m3,CD,312,Borough Park (CD12),Summer 2009,06/01/2009,10.78,
170435,365,Fine particles (PM 2.5),Mean,mcg/m3,CD,312,Borough Park (CD12),Annual Average 2013,12/01/2012,8.5,
334290,365,Fine particles (PM 2.5),Mean,mcg/m3,CD,312,Borough Park (CD12),Winter 2014-15,12/01/2014,8.73,
179842,641,Boiler Emissions- Total PM2.5 Emissions,Number per km2,number,UHF42,101,Kingsbridge - Riverdale,2015,01/01/2015,1.3,
179746,642,Boiler Emissions- Total NOx Emissions,Number per km2,number,UHF42,101,Kingsbridge - Riverdale,2015,01/01/2015,35.8,
333975,365,Fine particles (PM 2.5),Mean,mcg/m3,UHF42,201,Greenpoint,Winter 2014-15,12/01/2014,10.85,
742426,365,Fine particles (PM 2.5),Mean,mcg/m3,CD,112,Washington Heights and Inwood (CD12),Winter 2020-21,12/01/2020,6.82,
169408,365,Fine particles (PM 2.5),Mean,mcg/m3,CD,112,Washington Heights and Inwood (CD12),Summer 2011,06/01/2011,11.72,
169349,365,Fine particles (PM 2.5),Mean,mcg/m3,CD,112,Washington Heights and Inwood (CD12),Summer 2010,06/01/2010,12.27,
169404,365,Fine particles (PM 2.5),Mean,mcg/m3,CD,108,Upper East Side (CD8),Summer 2011,06/01/2011,13.14,
169345,365,Fine particles (PM 2.5),Mean,mcg/m3,CD,108,Upper East Side (CD8),Summer 2010,06/01/2010,13.68,
410987,365,Fine particles (PM 2.5),Mean,mcg/m3,CD,108,Upper East Side (CD8),Winter 2015-16,12/01/2015,9.34,
742414,365,Fine particles (PM 2.5),Mean,mcg/m3,CD,108,Upper East Side (CD8),Winter 2020-21,12/01/2020,7.11,
411000,365,Fine particles (PM 2.5),Mean,mcg/m3,CD,112,Washington Heights and Inwood (CD12),Summer 2016,06/01/2016,8.42,
410999,365,Fine particles (PM 2.5),Mean,mcg/m3,CD,112,Washington Heights and Inwood (CD12),Winter 2015-16,12/01/2015,8.52,
411035,365,Fine particles (PM 2.5),Mean,mcg/m3,CD,212,Williamsbridge and Baychester (CD12),Winter 2015-16,12/01/2015,8.27,
742462,365,Fine particles (PM 2.5),Mean,mcg/m3,CD,212,Williamsbridge and Baychester (CD12),Winter 2020-21,12/01/2020,6.3,
169432,365,Fine particles (PM 2.5),Mean,mcg/m3,CD,312,Borough Park (CD12),Summer 2011,06/01/2011,11.34,
169373,365,Fine particles (PM 2.5),Mean,mcg/m3,CD,312,Borough Park (CD12),Summer 2010,06/01/2010,11.74,
411072,365,Fine particles (PM 2.5),Mean,mcg/m3,CD,312,Borough Park (CD12),Summer 2016,06/01/2016,8.1,
178585,365,Fine particles (PM 2.5),Mean,mcg/m3,UHF42,301,Washington Heights,Annual Average 2013,12/01/2012,9.48,
177787,365,Fine particles (PM 2.5),Mean,mcg/m3,UHF42,301,Washington Heights,Summer 2009,06/01/2009,10.76,
177241,365,Fine particles (PM 2.5),Mean,mcg/m3,UHF42,301,Washington Heights,Winter 2010-11,12/01/2010,14.4,
177223,365,Fine particles (PM 2.5),Mean,mcg/m3,UHF42,101,Kingsbridge - Riverdale,Winter 2010-11,12/01/2010,14.08,
177177,365,Fine particles (PM 2.5),Mean,mcg/m3,UHF42,501,Port Richmond,Winter 2008-09,12/01/2008,12.46,
742427,365,Fine particles (PM 2.5),Mean,mcg/m3,CD,112,Washington Heights and Inwood (CD12),Summer 2021,06/01/2021,8.84,
338295,386,Ozone (O3),Mean,ppb,CD,405,Ridgewood and Maspeth (CD5),Summer 2015,06/01/2015,32.08,
166699,375,Nitrogen dioxide (NO2),Mean,ppb,CD,205,Fordham and University Heights (CD5),Summer 2010,06/01/2010,24.06,
166758,375,Nitrogen dioxide (NO2),Mean,ppb,CD,205,Fordham and University Heights (CD5),Summer 2011,06/01/2011,22.24,
166711,375,Nitrogen dioxide (NO2),Mean,ppb,CD,305,East New York and Starrett City (CD5),Summer 2010,06/01/2010,17.63,
166770,375,Nitrogen dioxide (NO2),Mean,ppb,CD,305,East New York and Starrett City (CD5),Summer 2011,06/01/2011,17.57,
412743,375,Nitrogen dioxide (NO2),Mean,ppb,CD,305,East New York and Starrett City (CD5),Summer 2016,06/01/2016,12.62,
412742,375,Nitrogen dioxide (NO2),Mean,ppb,CD,305,East New York and Starrett City (CD5),Winter 2015-16,12/01/2015,22.98,
741208,375,Nitrogen dioxide (NO2),Mean,ppb,CD,305,East New York and Starrett City (CD5),Winter 2020-21,12/01/2020,22.07,
175310,375,Nitrogen dioxide (NO2),Mean,ppb,UHF42,302,Central Harlem - Morningside Heights,Winter 2009-10,12/01/2009,29.31,
549817,375,Nitrogen dioxide (NO2),Mean,ppb,UHF42,302,Central Harlem - Morningside Heights,Summer 2017,06/01/2017,18.89,
602760,375,Nitrogen dioxide (NO2),Mean,ppb,UHF42,302,Central Harlem - Morningside Heights,Summer 2018,06/01/2018,16.9,
167614,375,Nitrogen dioxide (NO2),Mean,ppb,CD,405,Ridgewood and Maspeth (CD5),Annual Average 2010,12/01/2009,22.59,
166021,375,Nitrogen dioxide (NO2),Mean,ppb,CD,405,Ridgewood and Maspeth (CD5),Winter 2012-13,12/01/2012,25.04,
549785,375,Nitrogen dioxide (NO2),Mean,ppb,UHF42,202,Downtown - Heights - Slope,Annual Average 2017,01/01/2017,21.12,
130464,641,Boiler Emissions- Total PM2.5 Emissions,Number per km2,number,UHF42,302,Central Harlem - Morningside Heights,2013,01/01/2013,2,
130512,642,Boiler Emissions- Total NOx Emissions,Number per km2,number,UHF42,302,Central Harlem - Morningside Heights,2013,01/01/2013,82.1,
170428,365,Fine particles (PM 2.5),Mean,mcg/m3,CD,305,East New York and Starrett City (CD5),Annual Average 2013,12/01/2012,8.65,
168540,365,Fine particles (PM 2.5),Mean,mcg/m3,CD,305,East New York and Starrett City (CD5),Winter 2010-11,12/01/2010,12.34,
169307,365,Fine particles (PM 2.5),Mean,mcg/m3,CD,305,East New York and Starrett City (CD5),Summer 2009,06/01/2009,10.74,
334269,365,Fine particles (PM 2.5),Mean,mcg/m3,CD,305,East New York and Starrett City (CD5),Winter 2014-15,12/01/2014,9.05,
547684,365,Fine particles (PM 2.5),Mean,mcg/m3,CD,305,East New York and Starrett City (CD5),Annual Average 2017,01/01/2017,7.48,
742479,365,Fine particles (PM 2.5),Mean,mcg/m3,CD,305,East New York and Starrett City (CD5),Annual Average 2021,01/01/2021,6.51,
168528,365,Fine particles (PM 2.5),Mean,mcg/m3,CD,205,Fordham and University Heights (CD5),Winter 2010-11,12/01/2010,15.05,
169295,365,Fine particles (PM 2.5),Mean,mcg/m3,CD,205,Fordham and University Heights (CD5),Summer 2009,06/01/2009,11.58,
170416,365,Fine particles (PM 2.5),Mean,mcg/m3,CD,205,Fordham and University Heights (CD5),Annual Average 2013,12/01/2012,10.05,
547648,365,Fine particles (PM 2.5),Mean,mcg/m3,CD,205,Fordham and University Heights (CD5),Annual Average 2017,01/01/2017,8.3,
742443,365,Fine particles (PM 2.5),Mean,mcg/m3,CD,205,Fordham and University Heights (CD5),Annual Average 2021,01/01/2021,6.76,
169354,365,Fine particles (PM 2.5),Mean,mcg/m3,CD,205,Fordham and University Heights (CD5),Summer 2010,06/01/2010,12.82,
169413,365,Fine particles (PM 2.5),Mean,mcg/m3,CD,205,Fordham and University Heights (CD5),Summer 2011,06/01/2011,12.3,
151748,645,Annual vehicle miles travelled (trucks),million miles,per km2,UHF42,402,West Queens,2005,01/01/2005,2,
325120,645,Annual vehicle miles travelled (trucks),million miles,per km2,UHF42,402,West Queens,2016,01/01/2016,2.5,
170257,365,Fine particles (PM 2.5),Mean,mcg/m3,CD,311,Bensonhurst (CD11),Annual Average 2010,12/01/2009,9.18,
"131392,657,Asthma emergency department visits due to PM2.5,Estimated annual rate (age 18+),""per 100,000 adults"",UHF42,402,West Queens,2009-2011,01/01/2009,15.6,"
338283,386,Ozone (O3),Mean,ppb,CD,311,Bensonhurst (CD11),Summer 2015,06/01/2015,33.38,
338299,386,Ozone (O3),Mean,ppb,CD,409,Kew Gardens and Woodhaven (CD9),Summer 2015,06/01/2015,31.8,
166776,375,Nitrogen dioxide (NO2),Mean,ppb,CD,311,Bensonhurst (CD11),Summer 2011,06/01/2011,17.26,
166717,375,Nitrogen dioxide (NO2),Mean,ppb,CD,311,Bensonhurst (CD11),Summer 2010,06/01/2010,17.18,
412761,375,Nitrogen dioxide (NO2),Mean,ppb,CD,311,Bensonhurst (CD11),Summer 2016,06/01/2016,13.34,
741226,375,Nitrogen dioxide (NO2),Mean,ppb,CD,311,Bensonhurst (CD11),Winter 2020-21,12/01/2020,22.83,
166762,375,Nitrogen dioxide (NO2),Mean,ppb,CD,209,Parkchester and Soundview (CD9),Summer 2011,06/01/2011,18.37,
166703,375,Nitrogen dioxide (NO2),Mean,ppb,CD,209,Parkchester and Soundview (CD9),Summer 2010,06/01/2010,19.29,
175456,375,Nitrogen dioxide (NO2),Mean,ppb,UHF42,502,Stapleton - St. George,Winter 2012-13,12/01/2012,20.93,
336608,375,Nitrogen dioxide (NO2),Mean,ppb,UHF42,502,Stapleton - St. George,Summer 2015,06/01/2015,10.43,
338201,386,Ozone (O3),Mean,ppb,UHF42,402,West Queens,Summer 2015,06/01/2015,31.57,
650951,386,Ozone (O3),Mean,ppb,UHF42,402,West Queens,Summer 2019,06/01/2019,29.95,
166025,375,Nitrogen dioxide (NO2),Mean,ppb,CD,409,Kew Gardens and Woodhaven (CD9),Winter 2012-13,12/01/2012,25.01,
336872,375,Nitrogen dioxide (NO2),Mean,ppb,CD,409,Kew Gardens and Woodhaven (CD9),Summer 2015,06/01/2015,14.39,
166027,375,Nitrogen dioxide (NO2),Mean,ppb,CD,411,Bayside and Little Neck (CD11),Winter 2012-13,12/01/2012,19.78,
167620,375,Nitrogen dioxide (NO2),Mean,ppb,CD,411,Bayside and Little Neck (CD11),Annual Average 2010,12/01/2009,19.64,
336878,375,Nitrogen dioxide (NO2),Mean,ppb,CD,411,Bayside and Little Neck (CD11),Summer 2015,06/01/2015,12.98,
643706,375,Nitrogen dioxide (NO2),Mean,ppb,CD,411,Bayside and Little Neck (CD11),Summer 2019,06/01/2019,12.67,
166646,375,Nitrogen dioxide (NO2),Mean,ppb,CD,211,Morris Park and Bronxdale (CD11),Summer 2009,06/01/2009,19.41,
165879,375,Nitrogen dioxide (NO2),Mean,ppb,CD,211,Morris Park and Bronxdale (CD11),Winter 2010-11,12/01/2010,27.27,
167767,375,Nitrogen dioxide (NO2),Mean,ppb,CD,211,Morris Park and Bronxdale (CD11),Annual Average 2013,12/01/2012,18.97,
336789,375,Nitrogen dioxide (NO2),Mean,ppb,CD,211,Morris Park and Bronxdale (CD11),Winter 2014-15,12/01/2014,23.64,
550058,375,Nitrogen dioxide (NO2),Mean,ppb,CD,211,Morris Park and Bronxdale (CD11),Annual Average 2017,01/01/2017,19.04,
168664,365,Fine particles (PM 2.5),Mean,mcg/m3,CD,311,Bensonhurst (CD11),Winter 2012-13,12/01/2012,9.86,
649997,365,Fine particles (PM 2.5),Mean,mcg/m3,CD,311,Bensonhurst (CD11),Summer 2019,06/01/2019,7.77,
669911,365,Fine particles (PM 2.5),Mean,mcg/m3,CD,311,Bensonhurst (CD11),Winter 2019-20,12/01/2019,7.34,
168662,365,Fine particles (PM 2.5),Mean,mcg/m3,CD,309,South Crown Heights and Lefferts Gardens (CD9),Winter 2012-13,12/01/2012,10.26,
170255,365,Fine particles (PM 2.5),Mean,mcg/m3,CD,309,South Crown Heights and Lefferts Gardens (CD9),Annual Average 2010,12/01/2009,9.91,
336759,375,Nitrogen dioxide (NO2),Mean,ppb,CD,201,Mott Haven and Melrose (CD1),Winter 2014-15,12/01/2014,25.9,
741162,375,Nitrogen dioxide (NO2),Mean,ppb,CD,201,Mott Haven and Melrose (CD1),Annual Average 2021,01/01/2021,18.75,
175891,375,Nitrogen dioxide (NO2),Mean,ppb,UHF42,206,Borough Park,Summer 2009,06/01/2009,21.32,
336528,375,Nitrogen dioxide (NO2),Mean,ppb,UHF42,206,Borough Park,Winter 2014-15,12/01/2014,25.8,
130509,642,Boiler Emissions- Total NOx Emissions,Number per km2,number,UHF42,210,Coney Island - Sheepshead Bay,2013,01/01/2013,23.7,
130461,641,Boiler Emissions- Total PM2.5 Emissions,Number per km2,number,UHF42,210,Coney Island - Sheepshead Bay,2013,01/01/2013,0.1,
130508,642,Boiler Emissions- Total NOx Emissions,Number per km2,number,UHF42,209,Bensonhurst - Bay Ridge,2013,01/01/2013,26.5,
130538,642,Boiler Emissions- Total NOx Emissions,Number per km2,number,Borough,3,Manhattan,2013,01/01/2013,161.1,
170424,365,Fine particles (PM 2.5),Mean,mcg/m3,CD,301,Greenpoint and Williamsburg (CD1),Annual Average 2013,12/01/2012,10.09,
334257,365,Fine particles (PM 2.5),Mean,mcg/m3,CD,301,Greenpoint and Williamsburg (CD1),Winter 2014-15,12/01/2014,10.91,
742467,365,Fine particles (PM 2.5),Mean,mcg/m3,CD,301,Greenpoint and Williamsburg (CD1),Annual Average 2021,01/01/2021,7.74,
742431,365,Fine particles (PM 2.5),Mean,mcg/m3,CD,201,Mott Haven and Melrose (CD1),Annual Average 2021,01/01/2021,6.84,
169421,365,Fine particles (PM 2.5),Mean,mcg/m3,CD,301,Greenpoint and Williamsburg (CD1),Summer 2011,06/01/2011,12.93,
411038,365,Fine particles (PM 2.5),Mean,mcg/m3,CD,301,Greenpoint and Williamsburg (CD1),Winter 2015-16,12/01/2015,10.28,
411039,365,Fine particles (PM 2.5),Mean,mcg/m3,CD,301,Greenpoint and Williamsburg (CD1),Summer 2016,06/01/2016,9.88,
742465,365,Fine particles (PM 2.5),Mean,mcg/m3,CD,301,Greenpoint and Williamsburg (CD1),Winter 2020-21,12/01/2020,8.08,
179724,642,Boiler Emissions- Total NOx Emissions,Number per km2,number,UHF42,409,Southeast Queens,2015,01/01/2015,8.1,
179818,641,Boiler Emissions- Total PM2.5 Emissions,Number per km2,number,UHF42,410,Rockaways,2015,01/01/2015,0,
179820,641,Boiler Emissions- Total PM2.5 Emissions,Number per km2,number,UHF42,409,Southeast Queens,2015,01/01/2015,0,
179830,641,Boiler Emissions- Total PM2.5 Emissions,Number per km2,number,UHF42,210,Coney Island - Sheepshead Bay,2015,01/01/2015,0.1,
179734,642,Boiler Emissions- Total NOx Emissions,Number per km2,number,UHF42,210,Coney Island - Sheepshead Bay,2015,01/01/2015,23.5,
742429,365,Fine particles (PM 2.5),Mean,mcg/m3,CD,201,Mott Haven and Melrose (CD1),Winter 2020-21,12/01/2020,6.91,
178582,365,Fine particles (PM 2.5),Mean,mcg/m3,UHF42,209,Bensonhurst - Bay Ridge,Annual Average 2013,12/01/2012,8.24,
177784,365,Fine particles (PM 2.5),Mean,mcg/m3,UHF42,209,Bensonhurst - Bay Ridge,Summer 2009,06/01/2009,10.59,
333999,365,Fine particles (PM 2.5),Mean,mcg/m3,UHF42,209,Bensonhurst - Bay Ridge,Winter 2014-15,12/01/2014,8.48,
547414,365,Fine particles (PM 2.5),Mean,mcg/m3,UHF42,209,Bensonhurst - Bay Ridge,Annual Average 2017,01/01/2017,7.06,
742179,365,Fine particles (PM 2.5),Mean,mcg/m3,UHF42,106,High Bridge - Morrisania,Annual Average 2021,01/01/2021,6.63,
742209,365,Fine particles (PM 2.5),Mean,mcg/m3,UHF42,209,Bensonhurst - Bay Ridge,Annual Average 2021,01/01/2021,6.43,
177239,365,Fine particles (PM 2.5),Mean,mcg/m3,UHF42,210,Coney Island - Sheepshead Bay,Winter 2010-11,12/01/2010,11.57,
177785,365,Fine particles (PM 2.5),Mean,mcg/m3,UHF42,210,Coney Island - Sheepshead Bay,Summer 2009,06/01/2009,10.38,
178583,365,Fine particles (PM 2.5),Mean,mcg/m3,UHF42,210,Coney Island - Sheepshead Bay,Annual Average 2013,12/01/2012,8.11,
178578,365,Fine particles (PM 2.5),Mean,mcg/m3,UHF42,205,Sunset Park,Annual Average 2013,12/01/2012,9.12,
177780,365,Fine particles (PM 2.5),Mean,mcg/m3,UHF42,205,Sunset Park,Summer 2009,06/01/2009,11.45,
333987,365,Fine particles (PM 2.5),Mean,mcg/m3,UHF42,205,Sunset Park,Winter 2014-15,12/01/2014,9.64,
168541,365,Fine particles (PM 2.5),Mean,mcg/m3,CD,306,Park Slope and Carroll Gardens (CD6),Winter 2010-11,12/01/2010,13.89,
169308,365,Fine particles (PM 2.5),Mean,mcg/m3,CD,306,Park Slope and Carroll Gardens (CD6),Summer 2009,06/01/2009,11.68,
170429,365,Fine particles (PM 2.5),Mean,mcg/m3,CD,306,Park Slope and Carroll Gardens (CD6),Annual Average 2013,12/01/2012,9.4,
334272,365,Fine particles (PM 2.5),Mean,mcg/m3,CD,306,Park Slope and Carroll Gardens (CD6),Winter 2014-15,12/01/2014,10.03,
168517,365,Fine particles (PM 2.5),Mean,mcg/m3,CD,106,Stuyvesant Town and Turtle Bay (CD6),Winter 2010-11,12/01/2010,15.48,
169284,365,Fine particles (PM 2.5),Mean,mcg/m3,CD,106,Stuyvesant Town and Turtle Bay (CD6),Summer 2009,06/01/2009,14.16,
170405,365,Fine particles (PM 2.5),Mean,mcg/m3,CD,106,Stuyvesant Town and Turtle Bay (CD6),Annual Average 2013,12/01/2012,12.25,
169367,365,Fine particles (PM 2.5),Mean,mcg/m3,CD,306,Park Slope and Carroll Gardens (CD6),Summer 2010,06/01/2010,12.72,
169426,365,Fine particles (PM 2.5),Mean,mcg/m3,CD,306,Park Slope and Carroll Gardens (CD6),Summer 2011,06/01/2011,12.25,
411053,365,Fine particles (PM 2.5),Mean,mcg/m3,CD,306,Park Slope and Carroll Gardens (CD6),Winter 2015-16,12/01/2015,9.89,
411054,365,Fine particles (PM 2.5),Mean,mcg/m3,CD,306,Park Slope and Carroll Gardens (CD6),Summer 2016,06/01/2016,9.18,
742197,365,Fine particles (PM 2.5),Mean,mcg/m3,UHF42,205,Sunset Park,Annual Average 2021,01/01/2021,6.99,
179827,641,Boiler Emissions- Total PM2.5 Emissions,Number per km2,number,UHF42,403,Flushing - Clearview,2015,01/01/2015,0.4,
411017,365,Fine particles (PM 2.5),Mean,mcg/m3,CD,206,Belmont and East Tremont (CD6),Winter 2015-16,12/01/2015,8.61,
169343,365,Fine particles (PM 2.5),Mean,mcg/m3,CD,106,Stuyvesant Town and Turtle Bay (CD6),Summer 2010,06/01/2010,14.68,
169402,365,Fine particles (PM 2.5),Mean,mcg/m3,CD,106,Stuyvesant Town and Turtle Bay (CD6),Summer 2011,06/01/2011,14.13,
169416,365,Fine particles (PM 2.5),Mean,mcg/m3,CD,208,Riverdale and Fieldston (CD8),Summer 2011,06/01/2011,11.29,
411024,365,Fine particles (PM 2.5),Mean,mcg/m3,CD,208,Riverdale and Fieldston (CD8),Summer 2016,06/01/2016,7.94,
411023,365,Fine particles (PM 2.5),Mean,mcg/m3,CD,208,Riverdale and Fieldston (CD8),Winter 2015-16,12/01/2015,8.4,
177232,365,Fine particles (PM 2.5),Mean,mcg/m3,UHF42,203,Bedford Stuyvesant - Crown Heights,Winter 2010-11,12/01/2010,12.79,
177778,365,Fine particles (PM 2.5),Mean,mcg/m3,UHF42,203,Bedford Stuyvesant - Crown Heights,Summer 2009,06/01/2009,10.92,
178576,365,Fine particles (PM 2.5),Mean,mcg/m3,UHF42,203,Bedford Stuyvesant - Crown Heights,Annual Average 2013,12/01/2012,8.75,
333981,365,Fine particles (PM 2.5),Mean,mcg/m3,UHF42,203,Bedford Stuyvesant - Crown Heights,Winter 2014-15,12/01/2014,9.14,
179731,642,Boiler Emissions- Total NOx Emissions,Number per km2,number,UHF42,403,Flushing - Clearview,2015,01/01/2015,17,
649675,365,Fine particles (PM 2.5),Mean,mcg/m3,UHF42,105,Crotona -Tremont,Annual Average 2019,01/01/2019,7.23,
605945,365,Fine particles (PM 2.5),Mean,mcg/m3,CD,206,Belmont and East Tremont (CD6),Annual Average 2018,01/01/2018,7.37,
742445,365,Fine particles (PM 2.5),Mean,mcg/m3,CD,206,Belmont and East Tremont (CD6),Summer 2021,06/01/2021,8.78,
179822,641,Boiler Emissions- Total PM2.5 Emissions,Number per km2,number,UHF42,408,Jamaica,2015,01/01/2015,0.1,
179859,641,Boiler Emissions- Total PM2.5 Emissions,Number per km2,number,Borough,1,Bronx,2015,01/01/2015,0.9,
177775,365,Fine particles (PM 2.5),Mean,mcg/m3,UHF42,107,Hunts Point - Mott Haven,Summer 2009,06/01/2009,9.74,
178573,365,Fine particles (PM 2.5),Mean,mcg/m3,UHF42,107,Hunts Point - Mott Haven,Annual Average 2013,12/01/2012,9.57,
333972,365,Fine particles (PM 2.5),Mean,mcg/m3,UHF42,107,Hunts Point - Mott Haven,Winter 2014-15,12/01/2014,10.51,
169353,365,Fine particles (PM 2.5),Mean,mcg/m3,CD,204,Highbridge and Concourse (CD4),Summer 2010,06/01/2010,12.77,
169412,365,Fine particles (PM 2.5),Mean,mcg/m3,CD,204,Highbridge and Concourse (CD4),Summer 2011,06/01/2011,12.24,
411012,365,Fine particles (PM 2.5),Mean,mcg/m3,CD,204,Highbridge and Concourse (CD4),Summer 2016,06/01/2016,8.94,
411011,365,Fine particles (PM 2.5),Mean,mcg/m3,CD,204,Highbridge and Concourse (CD4),Winter 2015-16,12/01/2015,8.83,
547387,365,Fine particles (PM 2.5),Mean,mcg/m3,UHF42,107,Hunts Point - Mott Haven,Annual Average 2017,01/01/2017,8.26,
177237,365,Fine particles (PM 2.5),Mean,mcg/m3,UHF42,208,Canarsie - Flatlands,Winter 2010-11,12/01/2010,11.81,
178581,365,Fine particles (PM 2.5),Mean,mcg/m3,UHF42,208,Canarsie - Flatlands,Annual Average 2013,12/01/2012,8.18,
211405,365,Fine particles (PM 2.5),Mean,mcg/m3,Borough,1,Bronx,Winter 2013-14,12/01/2013,12.5,
605650,365,Fine particles (PM 2.5),Mean,mcg/m3,Borough,1,Bronx,Winter 2017-18,12/01/2017,8.28,
212681,365,Fine particles (PM 2.5),Mean,mcg/m3,UHF42,207,East Flatbush - Flatbush,Winter 2013-14,12/01/2013,11.7,
605704,365,Fine particles (PM 2.5),Mean,mcg/m3,UHF42,207,East Flatbush - Flatbush,Winter 2017-18,12/01/2017,8.39,
649705,365,Fine particles (PM 2.5),Mean,mcg/m3,UHF42,208,Canarsie - Flatlands,Annual Average 2019,01/01/2019,6.15,
605767,365,Fine particles (PM 2.5),Mean,mcg/m3,UHF42,407,Southwest Queens,Winter 2017-18,12/01/2017,7.62,
649765,365,Fine particles (PM 2.5),Mean,mcg/m3,UHF42,407,Southwest Queens,Annual Average 2019,01/01/2019,6.19,
130768,647,Outdoor Air Toxics - Formaldehyde,Annual average concentration,µg/m3,UHF42,408,Jamaica,2005,01/01/2005,2.4,
130767,647,Outdoor Air Toxics - Formaldehyde,Annual average concentration,µg/m3,UHF42,407,Southwest Queens,2005,01/01/2005,2.4,
315672,647,Outdoor Air Toxics - Formaldehyde,Annual average concentration,µg/m3,UHF42,407,Southwest Queens,2011,01/01/2011,1.9,
799821,647,Outdoor Air Toxics - Formaldehyde,Annual average concentration,µg/m3,UHF42,107,Hunts Point - Mott Haven,2014,01/01/2014,1.73,
799849,647,Outdoor Air Toxics - Formaldehyde,Annual average concentration,µg/m3,UHF42,407,Southwest Queens,2014,01/01/2014,1.31,
315673,647,Outdoor Air Toxics - Formaldehyde,Annual average concentration,µg/m3,UHF42,408,Jamaica,2011,01/01/2011,1.9,
799850,647,Outdoor Air Toxics - Formaldehyde,Annual average concentration,µg/m3,UHF42,408,Jamaica,2014,01/01/2014,1.38,
799840,647,Outdoor Air Toxics - Formaldehyde,Annual average concentration,µg/m3,UHF42,308,Greenwich Village - SoHo,2014,01/01/2014,1.6,
315663,647,Outdoor Air Toxics - Formaldehyde,Annual average concentration,µg/m3,UHF42,308,Greenwich Village - SoHo,2011,01/01/2011,2.6,
315615,646,Outdoor Air Toxics - Benzene,Annual average concentration,µg/m3,UHF42,308,Greenwich Village - SoHo,2011,01/01/2011,2.6,
315603,646,Outdoor Air Toxics - Benzene,Annual average concentration,µg/m3,UHF42,207,East Flatbush - Flatbush,2011,01/01/2011,1.4,
315585,646,Outdoor Air Toxics - Benzene,Annual average concentration,µg/m3,Borough,1,Bronx,2011,01/01/2011,1.1,
799797,646,Outdoor Air Toxics - Benzene,Annual average concentration,µg/m3,UHF42,307,Gramercy Park - Murray Hill,2014,01/01/2014,1.06,
130751,647,Outdoor Air Toxics - Formaldehyde,Annual average concentration,µg/m3,UHF42,301,Washington Heights,2005,01/01/2005,3.9,
130771,647,Outdoor Air Toxics - Formaldehyde,Annual average concentration,µg/m3,UHF42,501,Port Richmond,2005,01/01/2005,2.4,
315676,647,Outdoor Air Toxics - Formaldehyde,Annual average concentration,µg/m3,UHF42,501,Port Richmond,2011,01/01/2011,1.8,
315638,647,Outdoor Air Toxics - Formaldehyde,Annual average concentration,µg/m3,UHF42,101,Kingsbridge - Riverdale,2011,01/01/2011,2.2,
799853,647,Outdoor Air Toxics - Formaldehyde,Annual average concentration,µg/m3,UHF42,501,Port Richmond,2014,01/01/2014,1.36,
799780,646,Outdoor Air Toxics - Benzene,Annual average concentration,µg/m3,UHF42,201,Greenpoint,2014,01/01/2014,1.07,
315597,646,Outdoor Air Toxics - Benzene,Annual average concentration,µg/m3,UHF42,201,Greenpoint,2011,01/01/2011,1.6,
799773,646,Outdoor Air Toxics - Benzene,Annual average concentration,µg/m3,UHF42,101,Kingsbridge - Riverdale,2014,01/01/2014,0.9,
165866,375,Nitrogen dioxide (NO2),Mean,ppb,CD,110,Central Harlem (CD10),Winter 2010-11,12/01/2010,33.29,
167754,375,Nitrogen dioxide (NO2),Mean,ppb,CD,110,Central Harlem (CD10),Annual Average 2013,12/01/2012,25.43,
166633,375,Nitrogen dioxide (NO2),Mean,ppb,CD,110,Central Harlem (CD10),Summer 2009,06/01/2009,28.22,
550019,375,Nitrogen dioxide (NO2),Mean,ppb,CD,110,Central Harlem (CD10),Annual Average 2017,01/01/2017,22.74,
166883,375,Nitrogen dioxide (NO2),Mean,ppb,CD,212,Williamsbridge and Baychester (CD12),Summer 2013,06/01/2013,13.84,
602996,375,Nitrogen dioxide (NO2),Mean,ppb,CD,210,Throgs Neck and Co-op City (CD10),Annual Average 2018,01/01/2018,15.84,
741188,375,Nitrogen dioxide (NO2),Mean,ppb,CD,210,Throgs Neck and Co-op City (CD10),Summer 2021,06/01/2021,11.75,
412729,375,Nitrogen dioxide (NO2),Mean,ppb,CD,212,Williamsbridge and Baychester (CD12),Annual Average 2016,12/31/2015,16.93,
603002,375,Nitrogen dioxide (NO2),Mean,ppb,CD,212,Williamsbridge and Baychester (CD12),Annual Average 2018,01/01/2018,15.81,
741194,375,Nitrogen dioxide (NO2),Mean,ppb,CD,212,Williamsbridge and Baychester (CD12),Summer 2021,06/01/2021,11.98,
741158,375,Nitrogen dioxide (NO2),Mean,ppb,CD,112,Washington Heights and Inwood (CD12),Summer 2021,06/01/2021,12.99,
336704,375,Nitrogen dioxide (NO2),Mean,ppb,UHF34,309310,Union Square-Lower Manhattan,Summer 2015,06/01/2015,21.44,
643532,375,Nitrogen dioxide (NO2),Mean,ppb,UHF34,309310,Union Square-Lower Manhattan,Summer 2019,06/01/2019,21.16,
667484,375,Nitrogen dioxide (NO2),Mean,ppb,UHF34,309310,Union Square-Lower Manhattan,Winter 2019-20,12/01/2019,30.71,
172644,375,Nitrogen dioxide (NO2),Mean,ppb,UHF34,501502,Northern SI,Annual Average 2010,12/01/2009,18.22,
171726,375,Nitrogen dioxide (NO2),Mean,ppb,UHF34,501502,Northern SI,Winter 2012-13,12/01/2012,21.87,
171656,375,Nitrogen dioxide (NO2),Mean,ppb,UHF34,309310,Union Square-Lower Manhattan,Winter 2010-11,12/01/2010,36.23,
171639,375,Nitrogen dioxide (NO2),Mean,ppb,UHF34,209,Bensonhurst - Bay Ridge,Winter 2010-11,12/01/2010,28.44,
172134,375,Nitrogen dioxide (NO2),Mean,ppb,UHF34,501502,Northern SI,Summer 2010,06/01/2010,14.91,
172168,375,Nitrogen dioxide (NO2),Mean,ppb,UHF34,501502,Northern SI,Summer 2011,06/01/2011,14.98,
412640,375,Nitrogen dioxide (NO2),Mean,ppb,UHF34,309310,Union Square-Lower Manhattan,Winter 2015-16,12/01/2015,28.22,
412647,375,Nitrogen dioxide (NO2),Mean,ppb,UHF34,501502,Northern SI,Summer 2016,06/01/2016,11.93,
412646,375,Nitrogen dioxide (NO2),Mean,ppb,UHF34,501502,Northern SI,Winter 2015-16,12/01/2015,20.02,
741112,375,Nitrogen dioxide (NO2),Mean,ppb,UHF34,501502,Northern SI,Winter 2020-21,12/01/2020,20.34,
547660,365,Fine particles (PM 2.5),Mean,mcg/m3,CD,209,Parkchester and Soundview (CD9),Annual Average 2017,01/01/2017,7.62,
169287,365,Fine particles (PM 2.5),Mean,mcg/m3,CD,109,Morningside Heights and Hamilton Heights (CD9),Summer 2009,06/01/2009,11.4,
168520,365,Fine particles (PM 2.5),Mean,mcg/m3,CD,109,Morningside Heights and Hamilton Heights (CD9),Winter 2010-11,12/01/2010,14.49,
170408,365,Fine particles (PM 2.5),Mean,mcg/m3,CD,109,Morningside Heights and Hamilton Heights (CD9),Annual Average 2013,12/01/2012,9.75,
547624,365,Fine particles (PM 2.5),Mean,mcg/m3,CD,109,Morningside Heights and Hamilton Heights (CD9),Annual Average 2017,01/01/2017,7.97,
169289,365,Fine particles (PM 2.5),Mean,mcg/m3,CD,111,East Harlem (CD11),Summer 2009,06/01/2009,11.48,
168522,365,Fine particles (PM 2.5),Mean,mcg/m3,CD,111,East Harlem (CD11),Winter 2010-11,12/01/2010,14.14,
334215,365,Fine particles (PM 2.5),Mean,mcg/m3,CD,111,East Harlem (CD11),Winter 2014-15,12/01/2014,10.32,
742425,365,Fine particles (PM 2.5),Mean,mcg/m3,CD,111,East Harlem (CD11),Annual Average 2021,01/01/2021,6.79,
168534,365,Fine particles (PM 2.5),Mean,mcg/m3,CD,211,Morris Park and Bronxdale (CD11),Winter 2010-11,12/01/2010,13.36,
334251,365,Fine particles (PM 2.5),Mean,mcg/m3,CD,211,Morris Park and Bronxdale (CD11),Winter 2014-15,12/01/2014,9.9,
547666,365,Fine particles (PM 2.5),Mean,mcg/m3,CD,211,Morris Park and Bronxdale (CD11),Annual Average 2017,01/01/2017,7.39,
168532,365,Fine particles (PM 2.5),Mean,mcg/m3,CD,209,Parkchester and Soundview (CD9),Winter 2010-11,12/01/2010,13.58,
169299,365,Fine particles (PM 2.5),Mean,mcg/m3,CD,209,Parkchester and Soundview (CD9),Summer 2009,06/01/2009,10.64,
170420,365,Fine particles (PM 2.5),Mean,mcg/m3,CD,209,Parkchester and Soundview (CD9),Annual Average 2013,12/01/2012,8.94,
179832,641,Boiler Emissions- Total PM2.5 Emissions,Number per km2,number,UHF42,402,West Queens,2015,01/01/2015,0.2,
169405,365,Fine particles (PM 2.5),Mean,mcg/m3,CD,109,Morningside Heights and Hamilton Heights (CD9),Summer 2011,06/01/2011,11.97,
169346,365,Fine particles (PM 2.5),Mean,mcg/m3,CD,109,Morningside Heights and Hamilton Heights (CD9),Summer 2010,06/01/2010,12.53,
410990,365,Fine particles (PM 2.5),Mean,mcg/m3,CD,109,Morningside Heights and Hamilton Heights (CD9),Winter 2015-16,12/01/2015,8.51,
410991,365,Fine particles (PM 2.5),Mean,mcg/m3,CD,109,Morningside Heights and Hamilton Heights (CD9),Summer 2016,06/01/2016,8.71,
169407,365,Fine particles (PM 2.5),Mean,mcg/m3,CD,111,East Harlem (CD11),Summer 2011,06/01/2011,12.1,
169348,365,Fine particles (PM 2.5),Mean,mcg/m3,CD,111,East Harlem (CD11),Summer 2010,06/01/2010,12.63,
410996,365,Fine particles (PM 2.5),Mean,mcg/m3,CD,111,East Harlem (CD11),Winter 2015-16,12/01/2015,8.57,
410997,365,Fine particles (PM 2.5),Mean,mcg/m3,CD,111,East Harlem (CD11),Summer 2016,06/01/2016,8.88,
742423,365,Fine particles (PM 2.5),Mean,mcg/m3,CD,111,East Harlem (CD11),Winter 2020-21,12/01/2020,6.82,
411033,365,Fine particles (PM 2.5),Mean,mcg/m3,CD,211,Morris Park and Bronxdale (CD11),Summer 2016,06/01/2016,7.9,
411032,365,Fine particles (PM 2.5),Mean,mcg/m3,CD,211,Morris Park and Bronxdale (CD11),Winter 2015-16,12/01/2015,8.07,
169417,365,Fine particles (PM 2.5),Mean,mcg/m3,CD,209,Parkchester and Soundview (CD9),Summer 2011,06/01/2011,11.58,
169358,365,Fine particles (PM 2.5),Mean,mcg/m3,CD,209,Parkchester and Soundview (CD9),Summer 2010,06/01/2010,12.02,
649750,365,Fine particles (PM 2.5),Mean,mcg/m3,UHF42,402,West Queens,Annual Average 2019,01/01/2019,7.35,
179847,641,Boiler Emissions- Total PM2.5 Emissions,Number per km2,number,UHF42,302,Central Harlem - Morningside Heights,2015,01/01/2015,1.6,
179751,642,Boiler Emissions- Total NOx Emissions,Number per km2,number,UHF42,302,Central Harlem - Morningside Heights,2015,01/01/2015,77.8,
179756,642,Boiler Emissions- Total NOx Emissions,Number per km2,number,UHF42,306,Chelsea - Clinton,2015,01/01/2015,181.5,
411014,365,Fine particles (PM 2.5),Mean,mcg/m3,CD,205,Fordham and University Heights (CD5),Winter 2015-16,12/01/2015,9.01,
411015,365,Fine particles (PM 2.5),Mean,mcg/m3,CD,205,Fordham and University Heights (CD5),Summer 2016,06/01/2016,8.95,
177777,365,Fine particles (PM 2.5),Mean,mcg/m3,UHF42,202,Downtown - Heights - Slope,Summer 2009,06/01/2009,11.71,
177140,365,Fine particles (PM 2.5),Mean,mcg/m3,UHF42,102,Northeast Bronx,Winter 2008-09,12/01/2008,13.58,
177162,365,Fine particles (PM 2.5),Mean,mcg/m3,UHF42,306,Chelsea - Clinton,Winter 2008-09,12/01/2008,16.68,
649732,365,Fine particles (PM 2.5),Mean,mcg/m3,UHF42,306,Chelsea - Clinton,Annual Average 2019,01/01/2019,10.21,
649762,365,Fine particles (PM 2.5),Mean,mcg/m3,UHF42,406,Fresh Meadows,Annual Average 2019,01/01/2019,6.16,
315671,647,Outdoor Air Toxics - Formaldehyde,Annual average concentration,µg/m3,UHF42,406,Fresh Meadows,2011,01/01/2011,1.8,
799823,647,Outdoor Air Toxics - Formaldehyde,Annual average concentration,µg/m3,UHF42,202,Downtown - Heights - Slope,2014,01/01/2014,1.61,
799848,647,Outdoor Air Toxics - Formaldehyde,Annual average concentration,µg/m3,UHF42,406,Fresh Meadows,2014,01/01/2014,1.41,
315639,647,Outdoor Air Toxics - Formaldehyde,Annual average concentration,µg/m3,UHF42,102,Northeast Bronx,2011,01/01/2011,2,
799816,647,Outdoor Air Toxics - Formaldehyde,Annual average concentration,µg/m3,UHF42,102,Northeast Bronx,2014,01/01/2014,1.54,
799834,647,Outdoor Air Toxics - Formaldehyde,Annual average concentration,µg/m3,UHF42,302,Central Harlem - Morningside Heights,2014,01/01/2014,1.71,
799838,647,Outdoor Air Toxics - Formaldehyde,Annual average concentration,µg/m3,UHF42,306,Chelsea - Clinton,2014,01/01/2014,1.73,
315613,646,Outdoor Air Toxics - Benzene,Annual average concentration,µg/m3,UHF42,306,Chelsea - Clinton,2011,01/01/2011,3.1,
315609,646,Outdoor Air Toxics - Benzene,Annual average concentration,µg/m3,UHF42,302,Central Harlem - Morningside Heights,2011,01/01/2011,2.1,
799792,646,Outdoor Air Toxics - Benzene,Annual average concentration,µg/m3,UHF42,302,Central Harlem - Morningside Heights,2014,01/01/2014,1.03,
166829,375,Nitrogen dioxide (NO2),Mean,ppb,CD,305,East New York and Starrett City (CD5),Summer 2012,06/01/2012,16.12,
166888,375,Nitrogen dioxide (NO2),Mean,ppb,CD,305,East New York and Starrett City (CD5),Summer 2013,06/01/2013,16.14,
412744,375,Nitrogen dioxide (NO2),Mean,ppb,CD,305,East New York and Starrett City (CD5),Annual Average 2016,12/31/2015,17.83,
603017,375,Nitrogen dioxide (NO2),Mean,ppb,CD,305,East New York and Starrett City (CD5),Annual Average 2018,01/01/2018,17.17,
172092,375,Nitrogen dioxide (NO2),Mean,ppb,UHF34,407,Southwest Queens,Summer 2009,06/01/2009,18.59,
172738,375,Nitrogen dioxide (NO2),Mean,ppb,UHF34,407,Southwest Queens,Annual Average 2013,12/01/2012,19.65,
171650,375,Nitrogen dioxide (NO2),Mean,ppb,UHF34,407,Southwest Queens,Winter 2010-11,12/01/2010,29.53,
336687,375,Nitrogen dioxide (NO2),Mean,ppb,UHF34,407,Southwest Queens,Winter 2014-15,12/01/2014,24.5,
549956,375,Nitrogen dioxide (NO2),Mean,ppb,UHF34,407,Southwest Queens,Annual Average 2017,01/01/2017,17.95,
741089,375,Nitrogen dioxide (NO2),Mean,ppb,UHF34,407,Southwest Queens,Summer 2021,06/01/2021,9.83,
338285,386,Ozone (O3),Mean,ppb,CD,313,Coney Island (CD13),Summer 2015,06/01/2015,35.76,
412773,375,Nitrogen dioxide (NO2),Mean,ppb,CD,315,Sheepshead Bay (CD15),Summer 2016,06/01/2016,10.67,
411074,365,Fine particles (PM 2.5),Mean,mcg/m3,CD,313,Coney Island (CD13),Winter 2015-16,12/01/2015,6.89,
411075,365,Fine particles (PM 2.5),Mean,mcg/m3,CD,313,Coney Island (CD13),Summer 2016,06/01/2016,7.65,
643544,375,Nitrogen dioxide (NO2),Mean,ppb,UHF34,105106107,South Bronx,Summer 2019,06/01/2019,15.15,
171728,375,Nitrogen dioxide (NO2),Mean,ppb,UHF34,105106107,South Bronx,Winter 2012-13,12/01/2012,26.99,
172646,375,Nitrogen dioxide (NO2),Mean,ppb,UHF34,105106107,South Bronx,Annual Average 2010,12/01/2009,25.08,
172739,375,Nitrogen dioxide (NO2),Mean,ppb,UHF34,408,Jamaica,Annual Average 2013,12/01/2012,18.96,
336690,375,Nitrogen dioxide (NO2),Mean,ppb,UHF34,408,Jamaica,Winter 2014-15,12/01/2014,23.94,
549959,375,Nitrogen dioxide (NO2),Mean,ppb,UHF34,408,Jamaica,Annual Average 2017,01/01/2017,17.69,
741093,375,Nitrogen dioxide (NO2),Mean,ppb,UHF34,408,Jamaica,Annual Average 2021,01/01/2021,15.3,
743665,386,Ozone (O3),Mean,ppb,UHF34,401,Long Island City - Astoria,Summer 2021,06/01/2021,29.15,
743660,386,Ozone (O3),Mean,ppb,UHF34,408,Jamaica,Summer 2021,06/01/2021,30.99,
602900,375,Nitrogen dioxide (NO2),Mean,ppb,UHF34,408,Jamaica,Annual Average 2018,01/01/2018,17.55,
172224,375,Nitrogen dioxide (NO2),Mean,ppb,UHF34,401,Long Island City - Astoria,Summer 2013,06/01/2013,18.02,
412612,375,Nitrogen dioxide (NO2),Mean,ppb,UHF34,401,Long Island City - Astoria,Annual Average 2016,12/31/2015,20.91,
602885,375,Nitrogen dioxide (NO2),Mean,ppb,UHF34,401,Long Island City - Astoria,Annual Average 2018,01/01/2018,20.89,
172170,375,Nitrogen dioxide (NO2),Mean,ppb,UHF34,105106107,South Bronx,Summer 2011,06/01/2011,20.69,
172136,375,Nitrogen dioxide (NO2),Mean,ppb,UHF34,105106107,South Bronx,Summer 2010,06/01/2010,22.13,
412653,375,Nitrogen dioxide (NO2),Mean,ppb,UHF34,105106107,South Bronx,Summer 2016,06/01/2016,16.36,
172127,375,Nitrogen dioxide (NO2),Mean,ppb,UHF34,408,Jamaica,Summer 2010,06/01/2010,17.87,
172161,375,Nitrogen dioxide (NO2),Mean,ppb,UHF34,408,Jamaica,Summer 2011,06/01/2011,17.26,
412625,375,Nitrogen dioxide (NO2),Mean,ppb,UHF34,408,Jamaica,Winter 2015-16,12/01/2015,22.45,
412626,375,Nitrogen dioxide (NO2),Mean,ppb,UHF34,408,Jamaica,Summer 2016,06/01/2016,13.11,
605291,386,Ozone (O3),Mean,ppb,UHF34,401,Long Island City - Astoria,Summer 2018,06/01/2018,29.66,
670918,386,Ozone (O3),Mean,ppb,UHF34,401,Long Island City - Astoria,Summer 2020,06/01/2020,30.96,
171617,375,Nitrogen dioxide (NO2),Mean,ppb,UHF34,408,Jamaica,Winter 2009-10,12/01/2009,25.35,
154537,644,Annual vehicle miles travelled (cars),million miles,per km2,CD,313,Coney Island (CD13),2005,01/01/2005,16.6,
336688,375,Nitrogen dioxide (NO2),Mean,ppb,UHF34,408,Jamaica,Annual Average 2015,01/01/2015,18.42,
643518,375,Nitrogen dioxide (NO2),Mean,ppb,UHF34,408,Jamaica,Winter 2018-19,12/01/2018,19.86,
667453,375,Nitrogen dioxide (NO2),Mean,ppb,UHF34,408,Jamaica,Annual Average 2020,01/01/2020,14.24,
211673,375,Nitrogen dioxide (NO2),Mean,ppb,UHF34,401,Long Island City - Astoria,Summer 2014,06/01/2014,16.92,
336673,375,Nitrogen dioxide (NO2),Mean,ppb,UHF34,401,Long Island City - Astoria,Annual Average 2015,01/01/2015,21.39,
643503,375,Nitrogen dioxide (NO2),Mean,ppb,UHF34,401,Long Island City - Astoria,Winter 2018-19,12/01/2018,25.7,
412060,386,Ozone (O3),Mean,ppb,UHF34,408,Jamaica,Summer 2016,06/01/2016,33.86,
412045,386,Ozone (O3),Mean,ppb,UHF34,206,Borough Park,Summer 2016,06/01/2016,33.54,
179495,365,Fine particles (PM 2.5),Mean,mcg/m3,Borough,3,Manhattan,Winter 2008-09,12/01/2008,15.34,
605656,365,Fine particles (PM 2.5),Mean,mcg/m3,Borough,3,Manhattan,Winter 2017-18,12/01/2017,9.6,
212684,365,Fine particles (PM 2.5),Mean,mcg/m3,UHF42,210,Coney Island - Sheepshead Bay,Winter 2013-14,12/01/2013,11.04,
605713,365,Fine particles (PM 2.5),Mean,mcg/m3,UHF42,210,Coney Island - Sheepshead Bay,Winter 2017-18,12/01/2017,7.81,
605776,365,Fine particles (PM 2.5),Mean,mcg/m3,UHF42,410,Rockaways,Winter 2017-18,12/01/2017,7,
130769,647,Outdoor Air Toxics - Formaldehyde,Annual average concentration,µg/m3,UHF42,409,Southeast Queens,2005,01/01/2005,2.4,
130748,647,Outdoor Air Toxics - Formaldehyde,Annual average concentration,µg/m3,UHF42,209,Bensonhurst - Bay Ridge,2005,01/01/2005,2.7,
799852,647,Outdoor Air Toxics - Formaldehyde,Annual average concentration,µg/m3,UHF42,410,Rockaways,2014,01/01/2014,1.09,
799820,647,Outdoor Air Toxics - Formaldehyde,Annual average concentration,µg/m3,UHF42,106,High Bridge - Morrisania,2014,01/01/2014,1.73,
799831,647,Outdoor Air Toxics - Formaldehyde,Annual average concentration,µg/m3,UHF42,210,Coney Island - Sheepshead Bay,2014,01/01/2014,1.6,
315665,647,Outdoor Air Toxics - Formaldehyde,Annual average concentration,µg/m3,UHF42,310,Lower Manhattan,2011,01/01/2011,2.3,
799851,647,Outdoor Air Toxics - Formaldehyde,Annual average concentration,µg/m3,UHF42,409,Southeast Queens,2014,01/01/2014,1.38,
315675,647,Outdoor Air Toxics - Formaldehyde,Annual average concentration,µg/m3,UHF42,410,Rockaways,2011,01/01/2011,1.4,
315674,647,Outdoor Air Toxics - Formaldehyde,Annual average concentration,µg/m3,UHF42,409,Southeast Queens,2011,01/01/2011,1.8,
315664,647,Outdoor Air Toxics - Formaldehyde,Annual average concentration,µg/m3,UHF42,309,Union Square - Lower East Side,2011,01/01/2011,2.5,
799841,647,Outdoor Air Toxics - Formaldehyde,Annual average concentration,µg/m3,UHF42,309,Union Square - Lower East Side,2014,01/01/2014,1.66,
315606,646,Outdoor Air Toxics - Benzene,Annual average concentration,µg/m3,UHF42,210,Coney Island - Sheepshead Bay,2011,01/01/2011,1.7,
799789,646,Outdoor Air Toxics - Benzene,Annual average concentration,µg/m3,UHF42,210,Coney Island - Sheepshead Bay,2014,01/01/2014,1.02,
799810,646,Outdoor Air Toxics - Benzene,Annual average concentration,µg/m3,UHF42,410,Rockaways,2014,01/01/2014,0.57,
799799,646,Outdoor Air Toxics - Benzene,Annual average concentration,µg/m3,UHF42,309,Union Square - Lower East Side,2014,01/01/2014,1.03,
315602,646,Outdoor Air Toxics - Benzene,Annual average concentration,µg/m3,UHF42,206,Borough Park,2011,01/01/2011,1.5,
799859,646,Outdoor Air Toxics - Benzene,Annual average concentration,µg/m3,Borough,3,Manhattan,2014,01/01/2014,0.9,
799785,646,Outdoor Air Toxics - Benzene,Annual average concentration,µg/m3,UHF42,206,Borough Park,2014,01/01/2014,1.01,
799788,646,Outdoor Air Toxics - Benzene,Annual average concentration,µg/m3,UHF42,209,Bensonhurst - Bay Ridge,2014,01/01/2014,0.98,
799809,646,Outdoor Air Toxics - Benzene,Annual average concentration,µg/m3,UHF42,409,Southeast Queens,2014,01/01/2014,0.79,
315627,646,Outdoor Air Toxics - Benzene,Annual average concentration,µg/m3,UHF42,410,Rockaways,2011,01/01/2011,0.8,
166813,375,Nitrogen dioxide (NO2),Mean,ppb,CD,201,Mott Haven and Melrose (CD1),Summer 2012,06/01/2012,19.14,
166872,375,Nitrogen dioxide (NO2),Mean,ppb,CD,201,Mott Haven and Melrose (CD1),Summer 2013,06/01/2013,18.86,
412696,375,Nitrogen dioxide (NO2),Mean,ppb,CD,201,Mott Haven and Melrose (CD1),Annual Average 2016,12/31/2015,20.84,
602969,375,Nitrogen dioxide (NO2),Mean,ppb,CD,201,Mott Haven and Melrose (CD1),Annual Average 2018,01/01/2018,21.17,
741161,375,Nitrogen dioxide (NO2),Mean,ppb,CD,201,Mott Haven and Melrose (CD1),Summer 2021,06/01/2021,15.26,
172132,375,Nitrogen dioxide (NO2),Mean,ppb,UHF34,309310,Union Square-Lower Manhattan,Summer 2010,06/01/2010,28.59,
172166,375,Nitrogen dioxide (NO2),Mean,ppb,UHF34,309310,Union Square-Lower Manhattan,Summer 2011,06/01/2011,28.41,
171624,375,Nitrogen dioxide (NO2),Mean,ppb,UHF34,501502,Northern SI,Winter 2009-10,12/01/2009,22.15,
171692,375,Nitrogen dioxide (NO2),Mean,ppb,UHF34,501502,Northern SI,Winter 2011-12,12/01/2011,20.15,
171690,375,Nitrogen dioxide (NO2),Mean,ppb,UHF34,309310,Union Square-Lower Manhattan,Winter 2011-12,12/01/2011,30.73,
171622,375,Nitrogen dioxide (NO2),Mean,ppb,UHF34,309310,Union Square-Lower Manhattan,Winter 2009-10,12/01/2009,33.09,
171673,375,Nitrogen dioxide (NO2),Mean,ppb,UHF34,209,Bensonhurst - Bay Ridge,Winter 2011-12,12/01/2011,21.83,
"151545,655,Asthma hospitalizations due to Ozone,Estimated annual rate (under age 18),""per 100,000 children"",UHF42,301,Washington Heights,2009-2011,01/01/2009,18.3,"
"151527,655,Asthma hospitalizations due to Ozone,Estimated annual rate (under age 18),""per 100,000 children"",UHF42,101,Kingsbridge - Riverdale,2009-2011,01/01/2009,22.3,"
151630,643,Annual vehicle miles traveled,million miles,per km2,UHF42,201,Greenpoint,2005,01/01/2005,30.2,
325250,643,Annual vehicle miles traveled,million miles,per km2,CD,110,Central Harlem (CD10),2016,01/01/2016,30.3,
325381,644,Annual vehicle miles travelled (cars),million miles,per km2,CD,310,Bay Ridge and Dyker Heights (CD10),2016,01/01/2016,26.2,
151671,644,Annual vehicle miles travelled (cars),million miles,per km2,UHF42,101,Kingsbridge - Riverdale,2005,01/01/2005,22.6,
211787,375,Nitrogen dioxide (NO2),Mean,ppb,UHF34,501502,Northern SI,Annual Average 2014,12/01/2013,16.23,
211685,375,Nitrogen dioxide (NO2),Mean,ppb,UHF34,501502,Northern SI,Summer 2014,06/01/2014,11.49,
221968,386,Ozone (O3),Mean,ppb,UHF34,309310,Union Square-Lower Manhattan,Summer 2014,06/01/2014,26.63,
175340,375,Nitrogen dioxide (NO2),Mean,ppb,UHF42,201,Greenpoint,Winter 2010-11,12/01/2010,32.23,
336513,375,Nitrogen dioxide (NO2),Mean,ppb,UHF42,201,Greenpoint,Winter 2014-15,12/01/2014,26.82,
175455,375,Nitrogen dioxide (NO2),Mean,ppb,UHF42,501,Port Richmond,Winter 2012-13,12/01/2012,23.64,
176589,375,Nitrogen dioxide (NO2),Mean,ppb,UHF42,501,Port Richmond,Annual Average 2010,12/01/2009,19.79,
336605,375,Nitrogen dioxide (NO2),Mean,ppb,UHF42,501,Port Richmond,Summer 2015,06/01/2015,13.13,
221965,386,Ozone (O3),Mean,ppb,UHF34,309310,Union Square-Lower Manhattan,Summer 2011,06/01/2011,26.35,
212560,375,Nitrogen dioxide (NO2),Mean,ppb,UHF42,301,Washington Heights,Annual Average 2014,12/01/2013,21.12,
549816,375,Nitrogen dioxide (NO2),Mean,ppb,UHF42,301,Washington Heights,Winter 2016-17,12/01/2016,26.85,
602757,375,Nitrogen dioxide (NO2),Mean,ppb,UHF42,301,Washington Heights,Summer 2018,06/01/2018,14.97,
667167,375,Nitrogen dioxide (NO2),Mean,ppb,UHF42,301,Washington Heights,Summer 2020,06/01/2020,14.03,
175309,375,Nitrogen dioxide (NO2),Mean,ppb,UHF42,301,Washington Heights,Winter 2009-10,12/01/2009,26.37,
"131573,639,Deaths due to PM2.5,Estimated annual rate (age 30+),""per 100,000 adults"",UHF42,301,Washington Heights,2009-2011,01/01/2009,46,"
"131562,639,Deaths due to PM2.5,Estimated annual rate (age 30+),""per 100,000 adults"",UHF42,201,Greenpoint,2009-2011,01/01/2009,45.6,"
"131555,639,Deaths due to PM2.5,Estimated annual rate (age 30+),""per 100,000 adults"",UHF42,101,Kingsbridge - Riverdale,2009-2011,01/01/2009,77.6,"
"628407,639,Deaths due to PM2.5,Estimated annual rate (age 30+),""per 100,000 adults"",UHF42,301,Washington Heights,2015-2017,01/01/2015,33.2,"
"518782,639,Deaths due to PM2.5,Estimated annual rate (age 30+),""per 100,000 adults"",UHF42,501,Port Richmond,2012-2014,01/02/2012,41.11,"
315677,647,Outdoor Air Toxics - Formaldehyde,Annual average concentration,µg/m3,UHF42,502,Stapleton - St. George,2011,01/01/2011,1.7,
315667,647,Outdoor Air Toxics - Formaldehyde,Annual average concentration,µg/m3,UHF42,402,West Queens,2011,01/01/2011,2.2,
315619,646,Outdoor Air Toxics - Benzene,Annual average concentration,µg/m3,UHF42,402,West Queens,2011,01/01/2011,1.6,
166705,375,Nitrogen dioxide (NO2),Mean,ppb,CD,211,Morris Park and Bronxdale (CD11),Summer 2010,06/01/2010,18.45,
166764,375,Nitrogen dioxide (NO2),Mean,ppb,CD,211,Morris Park and Bronxdale (CD11),Summer 2011,06/01/2011,17.59,
412724,375,Nitrogen dioxide (NO2),Mean,ppb,CD,211,Morris Park and Bronxdale (CD11),Winter 2015-16,12/01/2015,21.79,
166882,375,Nitrogen dioxide (NO2),Mean,ppb,CD,211,Morris Park and Bronxdale (CD11),Summer 2013,06/01/2013,14.97,
166823,375,Nitrogen dioxide (NO2),Mean,ppb,CD,211,Morris Park and Bronxdale (CD11),Summer 2012,06/01/2012,16.52,
412726,375,Nitrogen dioxide (NO2),Mean,ppb,CD,211,Morris Park and Bronxdale (CD11),Annual Average 2016,12/31/2015,17.91,
602999,375,Nitrogen dioxide (NO2),Mean,ppb,CD,211,Morris Park and Bronxdale (CD11),Annual Average 2018,01/01/2018,17.08,
643523,375,Nitrogen dioxide (NO2),Mean,ppb,UHF34,410,Rockaways,Summer 2019,06/01/2019,7.33,
667466,375,Nitrogen dioxide (NO2),Mean,ppb,UHF34,410,Rockaways,Winter 2019-20,12/01/2019,17.57,
741099,375,Nitrogen dioxide (NO2),Mean,ppb,UHF34,410,Rockaways,Annual Average 2021,01/01/2021,11.41,
171653,375,Nitrogen dioxide (NO2),Mean,ppb,UHF34,410,Rockaways,Winter 2010-11,12/01/2010,20.38,
172095,375,Nitrogen dioxide (NO2),Mean,ppb,UHF34,410,Rockaways,Summer 2009,06/01/2009,8.57,
172741,375,Nitrogen dioxide (NO2),Mean,ppb,UHF34,410,Rockaways,Annual Average 2013,12/01/2012,12.67,
741098,375,Nitrogen dioxide (NO2),Mean,ppb,UHF34,410,Rockaways,Summer 2021,06/01/2021,4.94,
743671,386,Ozone (O3),Mean,ppb,UHF34,210,Coney Island - Sheepshead Bay,Summer 2021,06/01/2021,31.98,
172197,375,Nitrogen dioxide (NO2),Mean,ppb,UHF34,410,Rockaways,Summer 2012,06/01/2012,8.25,
172231,375,Nitrogen dioxide (NO2),Mean,ppb,UHF34,410,Rockaways,Summer 2013,06/01/2013,8.04,
412631,375,Nitrogen dioxide (NO2),Mean,ppb,UHF34,410,Rockaways,Winter 2015-16,12/01/2015,18,
412632,375,Nitrogen dioxide (NO2),Mean,ppb,UHF34,410,Rockaways,Summer 2016,06/01/2016,6.22,
221947,386,Ozone (O3),Mean,ppb,UHF34,410,Rockaways,Summer 2011,06/01/2011,39.03,
412062,386,Ozone (O3),Mean,ppb,UHF34,410,Rockaways,Summer 2016,06/01/2016,38.18,
549395,386,Ozone (O3),Mean,ppb,UHF34,410,Rockaways,Summer 2017,06/01/2017,35.19,
"151460,653,Asthma emergency departments visits due to Ozone,Estimated annual rate (under age 18),""per 100,000 children"",UHF42,402,West Queens,2009-2011,01/01/2009,72.4,"
325380,644,Annual vehicle miles travelled (cars),million miles,per km2,CD,309,South Crown Heights and Lefferts Gardens (CD9),2016,01/01/2016,21.7,
211680,375,Nitrogen dioxide (NO2),Mean,ppb,UHF34,410,Rockaways,Summer 2014,06/01/2014,7.44,
741097,375,Nitrogen dioxide (NO2),Mean,ppb,UHF34,410,Rockaways,Winter 2020-21,12/01/2020,19.05,
172129,375,Nitrogen dioxide (NO2),Mean,ppb,UHF34,410,Rockaways,Summer 2010,06/01/2010,10.1,
172163,375,Nitrogen dioxide (NO2),Mean,ppb,UHF34,410,Rockaways,Summer 2011,06/01/2011,9.94,
172150,375,Nitrogen dioxide (NO2),Mean,ppb,UHF34,210,Coney Island - Sheepshead Bay,Summer 2011,06/01/2011,14.22,
172116,375,Nitrogen dioxide (NO2),Mean,ppb,UHF34,210,Coney Island - Sheepshead Bay,Summer 2010,06/01/2010,14.02,
177178,365,Fine particles (PM 2.5),Mean,mcg/m3,UHF42,502,Stapleton - St. George,Winter 2008-09,12/01/2008,11.46,
130765,647,Outdoor Air Toxics - Formaldehyde,Annual average concentration,µg/m3,UHF42,405,Ridgewood - Forest Hills,2005,01/01/2005,3,
130773,647,Outdoor Air Toxics - Formaldehyde,Annual average concentration,µg/m3,UHF42,503,Willowbrook,2005,01/01/2005,2.3,
799826,647,Outdoor Air Toxics - Formaldehyde,Annual average concentration,µg/m3,UHF42,205,Sunset Park,2014,01/01/2014,1.48,
315640,647,Outdoor Air Toxics - Formaldehyde,Annual average concentration,µg/m3,UHF42,103,Fordham - Bronx Pk,2011,01/01/2011,2.2,
315642,647,Outdoor Air Toxics - Formaldehyde,Annual average concentration,µg/m3,UHF42,105,Crotona -Tremont,2011,01/01/2011,2.1,
315670,647,Outdoor Air Toxics - Formaldehyde,Annual average concentration,µg/m3,UHF42,405,Ridgewood - Forest Hills,2011,01/01/2011,2.1,
799835,647,Outdoor Air Toxics - Formaldehyde,Annual average concentration,µg/m3,UHF42,303,East Harlem,2014,01/01/2014,1.72,
799845,647,Outdoor Air Toxics - Formaldehyde,Annual average concentration,µg/m3,UHF42,403,Flushing - Clearview,2014,01/01/2014,1.49,
315668,647,Outdoor Air Toxics - Formaldehyde,Annual average concentration,µg/m3,UHF42,403,Flushing - Clearview,2011,01/01/2011,1.9,
799837,647,Outdoor Air Toxics - Formaldehyde,Annual average concentration,µg/m3,UHF42,305,Upper East Side,2014,01/01/2014,1.73,
315599,646,Outdoor Air Toxics - Benzene,Annual average concentration,µg/m3,UHF42,203,Bedford Stuyvesant - Crown Heights,2011,01/01/2011,1.3,
166889,375,Nitrogen dioxide (NO2),Mean,ppb,CD,306,Park Slope and Carroll Gardens (CD6),Summer 2013,06/01/2013,19.25,
412747,375,Nitrogen dioxide (NO2),Mean,ppb,CD,306,Park Slope and Carroll Gardens (CD6),Annual Average 2016,12/31/2015,21.17,
603020,375,Nitrogen dioxide (NO2),Mean,ppb,CD,306,Park Slope and Carroll Gardens (CD6),Annual Average 2018,01/01/2018,21.2,
412711,375,Nitrogen dioxide (NO2),Mean,ppb,CD,206,Belmont and East Tremont (CD6),Annual Average 2016,12/31/2015,19.86,
602984,375,Nitrogen dioxide (NO2),Mean,ppb,CD,206,Belmont and East Tremont (CD6),Annual Average 2018,01/01/2018,19.18,
741176,375,Nitrogen dioxide (NO2),Mean,ppb,CD,206,Belmont and East Tremont (CD6),Summer 2021,06/01/2021,13.52,
171727,375,Nitrogen dioxide (NO2),Mean,ppb,UHF34,503504,Southern SI,Winter 2012-13,12/01/2012,17.97,
336713,375,Nitrogen dioxide (NO2),Mean,ppb,UHF34,503504,Southern SI,Summer 2015,06/01/2015,7.78,
667502,375,Nitrogen dioxide (NO2),Mean,ppb,UHF34,503504,Southern SI,Winter 2019-20,12/01/2019,16.54,
172101,375,Nitrogen dioxide (NO2),Mean,ppb,UHF34,503504,Southern SI,Summer 2009,06/01/2009,11.98,
741117,375,Nitrogen dioxide (NO2),Mean,ppb,UHF34,503504,Southern SI,Annual Average 2021,01/01/2021,12.03,
412649,375,Nitrogen dioxide (NO2),Mean,ppb,UHF34,503504,Southern SI,Winter 2015-16,12/01/2015,17.25,
741115,375,Nitrogen dioxide (NO2),Mean,ppb,UHF34,503504,Southern SI,Winter 2020-21,12/01/2020,18.03,
412650,375,Nitrogen dioxide (NO2),Mean,ppb,UHF34,503504,Southern SI,Summer 2016,06/01/2016,8,
"151442,653,Asthma emergency departments visits due to Ozone,Estimated annual rate (under age 18),""per 100,000 children"",UHF42,205,Sunset Park,2009-2011,01/01/2009,59.5,"
"151557,655,Asthma hospitalizations due to Ozone,Estimated annual rate (under age 18),""per 100,000 children"",UHF42,403,Flushing - Clearview,2009-2011,01/01/2009,11.2,"
"151461,653,Asthma emergency departments visits due to Ozone,Estimated annual rate (under age 18),""per 100,000 children"",UHF42,403,Flushing - Clearview,2009-2011,01/01/2009,40,"
154504,644,Annual vehicle miles travelled (cars),million miles,per km2,CD,104,Clinton and Chelsea (CD4),2005,01/01/2005,43.8,
325351,644,Annual vehicle miles travelled (cars),million miles,per km2,CD,104,Clinton and Chelsea (CD4),2016,01/01/2016,48.7,
154506,644,Annual vehicle miles travelled (cars),million miles,per km2,CD,106,Stuyvesant Town and Turtle Bay (CD6),2005,01/01/2005,80.8,
172126,375,Nitrogen dioxide (NO2),Mean,ppb,UHF34,407,Southwest Queens,Summer 2010,06/01/2010,17.75,
172160,375,Nitrogen dioxide (NO2),Mean,ppb,UHF34,407,Southwest Queens,Summer 2011,06/01/2011,17.53,
412622,375,Nitrogen dioxide (NO2),Mean,ppb,UHF34,407,Southwest Queens,Winter 2015-16,12/01/2015,22.91,
741088,375,Nitrogen dioxide (NO2),Mean,ppb,UHF34,407,Southwest Queens,Winter 2020-21,12/01/2020,21.29,
171684,375,Nitrogen dioxide (NO2),Mean,ppb,UHF34,407,Southwest Queens,Winter 2011-12,12/01/2011,23.67,
171616,375,Nitrogen dioxide (NO2),Mean,ppb,UHF34,407,Southwest Queens,Winter 2009-10,12/01/2009,26.13,
211779,375,Nitrogen dioxide (NO2),Mean,ppb,UHF34,407,Southwest Queens,Annual Average 2014,12/01/2013,19.19,
"151464,653,Asthma emergency departments visits due to Ozone,Estimated annual rate (under age 18),""per 100,000 children"",UHF42,406,Fresh Meadows,2009-2011,01/01/2009,60.9,"
"151450,653,Asthma emergency departments visits due to Ozone,Estimated annual rate (under age 18),""per 100,000 children"",UHF42,302,Central Harlem - Morningside Heights,2009-2011,01/01/2009,269.9,"
"151546,655,Asthma hospitalizations due to Ozone,Estimated annual rate (under age 18),""per 100,000 children"",UHF42,302,Central Harlem - Morningside Heights,2009-2011,01/01/2009,38.1,"
325394,644,Annual vehicle miles travelled (cars),million miles,per km2,CD,405,Ridgewood and Maspeth (CD5),2016,01/01/2016,19.6,
151694,644,Annual vehicle miles travelled (cars),million miles,per km2,UHF42,306,Chelsea - Clinton,2005,01/01/2005,42,
325338,644,Annual vehicle miles travelled (cars),million miles,per km2,UHF42,406,Fresh Meadows,2016,01/01/2016,34.1,
151704,644,Annual vehicle miles travelled (cars),million miles,per km2,UHF42,406,Fresh Meadows,2005,01/01/2005,32.1,
602898,375,Nitrogen dioxide (NO2),Mean,ppb,UHF34,407,Southwest Queens,Summer 2018,06/01/2018,11.83,
549957,375,Nitrogen dioxide (NO2),Mean,ppb,UHF34,407,Southwest Queens,Winter 2016-17,12/01/2016,24.86,
667449,375,Nitrogen dioxide (NO2),Mean,ppb,UHF34,407,Southwest Queens,Summer 2020,06/01/2020,9.47,
667447,375,Nitrogen dioxide (NO2),Mean,ppb,UHF34,407,Southwest Queens,Annual Average 2020,01/01/2020,14.75,
643515,375,Nitrogen dioxide (NO2),Mean,ppb,UHF34,407,Southwest Queens,Winter 2018-19,12/01/2018,20.41,
175450,375,Nitrogen dioxide (NO2),Mean,ppb,UHF42,406,Fresh Meadows,Winter 2012-13,12/01/2012,22.57,
176584,375,Nitrogen dioxide (NO2),Mean,ppb,UHF42,406,Fresh Meadows,Annual Average 2010,12/01/2009,21.67,
412046,386,Ozone (O3),Mean,ppb,UHF34,207,East Flatbush - Flatbush,Summer 2016,06/01/2016,33.66,
741049,375,Nitrogen dioxide (NO2),Mean,ppb,UHF34,207,East Flatbush - Flatbush,Winter 2020-21,12/01/2020,22.76,
667173,375,Nitrogen dioxide (NO2),Mean,ppb,UHF42,302,Central Harlem - Morningside Heights,Summer 2020,06/01/2020,14.6,
"131563,639,Deaths due to PM2.5,Estimated annual rate (age 30+),""per 100,000 adults"",UHF42,202,Downtown - Heights - Slope,2009-2011,01/01/2009,40.5,"
"131556,639,Deaths due to PM2.5,Estimated annual rate (age 30+),""per 100,000 adults"",UHF42,102,Northeast Bronx,2009-2011,01/01/2009,57,"
"131588,639,Deaths due to PM2.5,Estimated annual rate (age 30+),""per 100,000 adults"",UHF42,406,Fresh Meadows,2009-2011,01/01/2009,43.4,"
"518752,639,Deaths due to PM2.5,Estimated annual rate (age 30+),""per 100,000 adults"",UHF42,202,Downtown - Heights - Slope,2012-2014,01/02/2012,36.04,"
"131386,657,Asthma emergency department visits due to PM2.5,Estimated annual rate (age 18+),""per 100,000 adults"",UHF42,306,Chelsea - Clinton,2009-2011,01/01/2009,25.3,"
"131334,661,Asthma hospitalizations due to Ozone,Estimated annual rate (age 18+),""per 100,000 adults"",UHF42,302,Central Harlem - Morningside Heights,2005-2007,01/01/2005,13.1,"
"628950,659,Asthma emergency departments visits due to Ozone,Estimated annual rate (age 18+),""per 100,000 adults"",UHF42,406,Fresh Meadows,2015-2017,01/01/2015,20.5,"
412611,375,Nitrogen dioxide (NO2),Mean,ppb,UHF34,401,Long Island City - Astoria,Summer 2016,06/01/2016,16.02,
741076,375,Nitrogen dioxide (NO2),Mean,ppb,UHF34,401,Long Island City - Astoria,Winter 2020-21,12/01/2020,23.07,
173244,365,Fine particles (PM 2.5),Mean,mcg/m3,UHF34,401,Long Island City - Astoria,Winter 2012-13,12/01/2012,11.41,
173618,365,Fine particles (PM 2.5),Mean,mcg/m3,UHF34,401,Long Island City - Astoria,Summer 2009,06/01/2009,11.6,
173176,365,Fine particles (PM 2.5),Mean,mcg/m3,UHF34,401,Long Island City - Astoria,Winter 2010-11,12/01/2010,13.64,
174264,365,Fine particles (PM 2.5),Mean,mcg/m3,UHF34,401,Long Island City - Astoria,Annual Average 2013,12/01/2012,9.6,
742347,365,Fine particles (PM 2.5),Mean,mcg/m3,UHF34,401,Long Island City - Astoria,Annual Average 2021,01/01/2021,7.2,
547552,365,Fine particles (PM 2.5),Mean,mcg/m3,UHF34,401,Long Island City - Astoria,Annual Average 2017,01/01/2017,8.42,
173754,365,Fine particles (PM 2.5),Mean,mcg/m3,UHF34,401,Long Island City - Astoria,Summer 2013,06/01/2013,11.07,
410920,365,Fine particles (PM 2.5),Mean,mcg/m3,UHF34,401,Long Island City - Astoria,Annual Average 2016,12/31/2015,8.65,
742346,365,Fine particles (PM 2.5),Mean,mcg/m3,UHF34,401,Long Island City - Astoria,Summer 2021,06/01/2021,9.13,
605846,365,Fine particles (PM 2.5),Mean,mcg/m3,UHF34,401,Long Island City - Astoria,Annual Average 2018,01/01/2018,8.16,
172734,375,Nitrogen dioxide (NO2),Mean,ppb,UHF34,401,Long Island City - Astoria,Annual Average 2013,12/01/2012,22.3,
549944,375,Nitrogen dioxide (NO2),Mean,ppb,UHF34,401,Long Island City - Astoria,Annual Average 2017,01/01/2017,20.99,
172080,375,Nitrogen dioxide (NO2),Mean,ppb,UHF34,208,Canarsie - Flatlands,Summer 2009,06/01/2009,15.47,
172726,375,Nitrogen dioxide (NO2),Mean,ppb,UHF34,208,Canarsie - Flatlands,Annual Average 2013,12/01/2012,16.65,
336651,375,Nitrogen dioxide (NO2),Mean,ppb,UHF34,208,Canarsie - Flatlands,Winter 2014-15,12/01/2014,23.07,
171636,375,Nitrogen dioxide (NO2),Mean,ppb,UHF34,206,Borough Park,Winter 2010-11,12/01/2010,30.1,
172078,375,Nitrogen dioxide (NO2),Mean,ppb,UHF34,206,Borough Park,Summer 2009,06/01/2009,21.32,
336645,375,Nitrogen dioxide (NO2),Mean,ppb,UHF34,206,Borough Park,Winter 2014-15,12/01/2014,25.8,
173710,365,Fine particles (PM 2.5),Mean,mcg/m3,UHF34,206,Borough Park,Summer 2012,06/01/2012,10.2,
173744,365,Fine particles (PM 2.5),Mean,mcg/m3,UHF34,206,Borough Park,Summer 2013,06/01/2013,10.02,
410890,365,Fine particles (PM 2.5),Mean,mcg/m3,UHF34,206,Borough Park,Annual Average 2016,12/31/2015,7.45,
605816,365,Fine particles (PM 2.5),Mean,mcg/m3,UHF34,206,Borough Park,Annual Average 2018,01/01/2018,6.99,
173686,365,Fine particles (PM 2.5),Mean,mcg/m3,UHF34,401,Long Island City - Astoria,Summer 2011,06/01/2011,12.33,
173652,365,Fine particles (PM 2.5),Mean,mcg/m3,UHF34,401,Long Island City - Astoria,Summer 2010,06/01/2010,12.81,
410918,365,Fine particles (PM 2.5),Mean,mcg/m3,UHF34,401,Long Island City - Astoria,Winter 2015-16,12/01/2015,9.1,
410919,365,Fine particles (PM 2.5),Mean,mcg/m3,UHF34,401,Long Island City - Astoria,Summer 2016,06/01/2016,9.23,
742345,365,Fine particles (PM 2.5),Mean,mcg/m3,UHF34,401,Long Island City - Astoria,Winter 2020-21,12/01/2020,7.36,
669653,365,Fine particles (PM 2.5),Mean,mcg/m3,UHF34,401,Long Island City - Astoria,Summer 2020,06/01/2020,7.76,
173142,365,Fine particles (PM 2.5),Mean,mcg/m3,UHF34,401,Long Island City - Astoria,Winter 2009-10,12/01/2009,9.75,
547553,365,Fine particles (PM 2.5),Mean,mcg/m3,UHF34,401,Long Island City - Astoria,Winter 2016-17,12/01/2016,8.85,
667418,375,Nitrogen dioxide (NO2),Mean,ppb,UHF34,304,Upper West Side,Winter 2019-20,12/01/2019,28.11,
643526,375,Nitrogen dioxide (NO2),Mean,ppb,UHF34,305307,Upper East Side-Gramercy,Summer 2019,06/01/2019,22.29,
172640,375,Nitrogen dioxide (NO2),Mean,ppb,UHF34,305307,Upper East Side-Gramercy,Annual Average 2010,12/01/2009,34.84,
171655,375,Nitrogen dioxide (NO2),Mean,ppb,UHF34,306308,Chelsea-Village,Winter 2010-11,12/01/2010,38.71,
172743,375,Nitrogen dioxide (NO2),Mean,ppb,UHF34,306308,Chelsea-Village,Annual Average 2013,12/01/2012,31.96,
549971,375,Nitrogen dioxide (NO2),Mean,ppb,UHF34,306308,Chelsea-Village,Annual Average 2017,01/01/2017,27.51,
336699,375,Nitrogen dioxide (NO2),Mean,ppb,UHF34,305307,Upper East Side-Gramercy,Winter 2014-15,12/01/2014,31.41,
171648,375,Nitrogen dioxide (NO2),Mean,ppb,UHF34,403,Flushing - Clearview,Winter 2010-11,12/01/2010,28.98,
172090,375,Nitrogen dioxide (NO2),Mean,ppb,UHF34,403,Flushing - Clearview,Summer 2009,06/01/2009,19.24,
172736,375,Nitrogen dioxide (NO2),Mean,ppb,UHF34,403,Flushing - Clearview,Annual Average 2013,12/01/2012,18.71,
336681,375,Nitrogen dioxide (NO2),Mean,ppb,UHF34,403,Flushing - Clearview,Winter 2014-15,12/01/2014,24,
549950,375,Nitrogen dioxide (NO2),Mean,ppb,UHF34,403,Flushing - Clearview,Annual Average 2017,01/01/2017,18.5,
172226,375,Nitrogen dioxide (NO2),Mean,ppb,UHF34,403,Flushing - Clearview,Summer 2013,06/01/2013,15.6,
172192,375,Nitrogen dioxide (NO2),Mean,ppb,UHF34,403,Flushing - Clearview,Summer 2012,06/01/2012,16.48,
412618,375,Nitrogen dioxide (NO2),Mean,ppb,UHF34,403,Flushing - Clearview,Annual Average 2016,12/31/2015,18.23,
602891,375,Nitrogen dioxide (NO2),Mean,ppb,UHF34,403,Flushing - Clearview,Annual Average 2018,01/01/2018,17.63,
741083,375,Nitrogen dioxide (NO2),Mean,ppb,UHF34,403,Flushing - Clearview,Summer 2021,06/01/2021,11.69,
172164,375,Nitrogen dioxide (NO2),Mean,ppb,UHF34,305307,Upper East Side-Gramercy,Summer 2011,06/01/2011,33.05,
412635,375,Nitrogen dioxide (NO2),Mean,ppb,UHF34,305307,Upper East Side-Gramercy,Summer 2016,06/01/2016,23.66,
412634,375,Nitrogen dioxide (NO2),Mean,ppb,UHF34,305307,Upper East Side-Gramercy,Winter 2015-16,12/01/2015,30.08,
741100,375,Nitrogen dioxide (NO2),Mean,ppb,UHF34,305307,Upper East Side-Gramercy,Winter 2020-21,12/01/2020,25.41,
412638,375,Nitrogen dioxide (NO2),Mean,ppb,UHF34,306308,Chelsea-Village,Summer 2016,06/01/2016,24.03,
412637,375,Nitrogen dioxide (NO2),Mean,ppb,UHF34,306308,Chelsea-Village,Winter 2015-16,12/01/2015,30.24,
172165,375,Nitrogen dioxide (NO2),Mean,ppb,UHF34,306308,Chelsea-Village,Summer 2011,06/01/2011,32.81,
172131,375,Nitrogen dioxide (NO2),Mean,ppb,UHF34,306308,Chelsea-Village,Summer 2010,06/01/2010,33.01,
741103,375,Nitrogen dioxide (NO2),Mean,ppb,UHF34,306308,Chelsea-Village,Winter 2020-21,12/01/2020,26.28,
172130,375,Nitrogen dioxide (NO2),Mean,ppb,UHF34,305307,Upper East Side-Gramercy,Summer 2010,06/01/2010,33.21,
670916,386,Ozone (O3),Mean,ppb,UHF34,403,Flushing - Clearview,Summer 2020,06/01/2020,31.6,
670910,386,Ozone (O3),Mean,ppb,UHF34,305307,Upper East Side-Gramercy,Summer 2020,06/01/2020,28.53,
549972,375,Nitrogen dioxide (NO2),Mean,ppb,UHF34,306308,Chelsea-Village,Winter 2016-17,12/01/2016,31.99,
171621,375,Nitrogen dioxide (NO2),Mean,ppb,UHF34,306308,Chelsea-Village,Winter 2009-10,12/01/2009,36.13,
171689,375,Nitrogen dioxide (NO2),Mean,ppb,UHF34,306308,Chelsea-Village,Winter 2011-12,12/01/2011,33.42,
211784,375,Nitrogen dioxide (NO2),Mean,ppb,UHF34,306308,Chelsea-Village,Annual Average 2014,12/01/2013,30.59,
325353,644,Annual vehicle miles travelled (cars),million miles,per km2,CD,106,Stuyvesant Town and Turtle Bay (CD6),2016,01/01/2016,67.5,
154548,644,Annual vehicle miles travelled (cars),million miles,per km2,CD,406,Rego Park and Forest Hills (CD6),2005,01/01/2005,40.6,
325395,644,Annual vehicle miles travelled (cars),million miles,per km2,CD,406,Rego Park and Forest Hills (CD6),2016,01/01/2016,42.9,
151682,644,Annual vehicle miles travelled (cars),million miles,per km2,UHF42,205,Sunset Park,2005,01/01/2005,28.8,
151701,644,Annual vehicle miles travelled (cars),million miles,per km2,UHF42,403,Flushing - Clearview,2005,01/01/2005,18.3,
325309,644,Annual vehicle miles travelled (cars),million miles,per km2,UHF42,105,Crotona -Tremont,2016,01/01/2016,32.2,
325335,644,Annual vehicle miles travelled (cars),million miles,per km2,UHF42,403,Flushing - Clearview,2016,01/01/2016,19.8,
325111,645,Annual vehicle miles travelled (trucks),million miles,per km2,UHF42,303,East Harlem,2016,01/01/2016,2.3,
221986,386,Ozone (O3),Mean,ppb,UHF34,503504,Southern SI,Summer 2014,06/01/2014,31.65,
175344,375,Nitrogen dioxide (NO2),Mean,ppb,UHF42,205,Sunset Park,Winter 2010-11,12/01/2010,30.6,
176688,375,Nitrogen dioxide (NO2),Mean,ppb,UHF42,205,Sunset Park,Annual Average 2013,12/01/2012,20.59,
336525,375,Nitrogen dioxide (NO2),Mean,ppb,UHF42,205,Sunset Park,Winter 2014-15,12/01/2014,25.37,
549794,375,Nitrogen dioxide (NO2),Mean,ppb,UHF42,205,Sunset Park,Annual Average 2017,01/01/2017,18.87,
740928,375,Nitrogen dioxide (NO2),Mean,ppb,UHF42,205,Sunset Park,Annual Average 2021,01/01/2021,18.03,
336498,375,Nitrogen dioxide (NO2),Mean,ppb,UHF42,103,Fordham - Bronx Pk,Winter 2014-15,12/01/2014,23.33,
336581,375,Nitrogen dioxide (NO2),Mean,ppb,UHF42,403,Flushing - Clearview,Summer 2015,06/01/2015,14.46,
667238,375,Nitrogen dioxide (NO2),Mean,ppb,UHF42,403,Flushing - Clearview,Winter 2019-20,12/01/2019,22.92,
176583,375,Nitrogen dioxide (NO2),Mean,ppb,UHF42,405,Ridgewood - Forest Hills,Annual Average 2010,12/01/2009,22.61,
175449,375,Nitrogen dioxide (NO2),Mean,ppb,UHF42,405,Ridgewood - Forest Hills,Winter 2012-13,12/01/2012,24.72,
336587,375,Nitrogen dioxide (NO2),Mean,ppb,UHF42,405,Ridgewood - Forest Hills,Summer 2015,06/01/2015,14.32,
175313,375,Nitrogen dioxide (NO2),Mean,ppb,UHF42,305,Upper East Side,Winter 2009-10,12/01/2009,32.97,
212564,375,Nitrogen dioxide (NO2),Mean,ppb,UHF42,305,Upper East Side,Annual Average 2014,12/01/2013,27.62,
549826,375,Nitrogen dioxide (NO2),Mean,ppb,UHF42,305,Upper East Side,Summer 2017,06/01/2017,21.92,
549828,375,Nitrogen dioxide (NO2),Mean,ppb,UHF42,305,Upper East Side,Winter 2016-17,12/01/2016,30.22,
602769,375,Nitrogen dioxide (NO2),Mean,ppb,UHF42,305,Upper East Side,Summer 2018,06/01/2018,19.87,
"131564,639,Deaths due to PM2.5,Estimated annual rate (age 30+),""per 100,000 adults"",UHF42,203,Bedford Stuyvesant - Crown Heights,2009-2011,01/01/2009,55.9,"
"131566,639,Deaths due to PM2.5,Estimated annual rate (age 30+),""per 100,000 adults"",UHF42,205,Sunset Park,2009-2011,01/01/2009,38.7,"
"131585,639,Deaths due to PM2.5,Estimated annual rate (age 30+),""per 100,000 adults"",UHF42,403,Flushing - Clearview,2009-2011,01/01/2009,43.6,"
"131587,639,Deaths due to PM2.5,Estimated annual rate (age 30+),""per 100,000 adults"",UHF42,405,Ridgewood - Forest Hills,2009-2011,01/01/2009,45.7,"
"131385,657,Asthma emergency department visits due to PM2.5,Estimated annual rate (age 18+),""per 100,000 adults"",UHF42,305,Upper East Side,2009-2011,01/01/2009,9.4,"
"131259,657,Asthma emergency department visits due to PM2.5,Estimated annual rate (age 18+),""per 100,000 adults"",UHF42,503,Willowbrook,2005-2007,01/01/2005,16.2,"
"131355,661,Asthma hospitalizations due to Ozone,Estimated annual rate (age 18+),""per 100,000 adults"",UHF42,503,Willowbrook,2005-2007,01/01/2005,3.8,"
549970,375,Nitrogen dioxide (NO2),Mean,ppb,UHF34,306308,Chelsea-Village,Summer 2017,06/01/2017,24.9,
667479,375,Nitrogen dioxide (NO2),Mean,ppb,UHF34,306308,Chelsea-Village,Summer 2020,06/01/2020,18.26,
602913,375,Nitrogen dioxide (NO2),Mean,ppb,UHF34,306308,Chelsea-Village,Summer 2018,06/01/2018,23.74,
171620,375,Nitrogen dioxide (NO2),Mean,ppb,UHF34,305307,Upper East Side-Gramercy,Winter 2009-10,12/01/2009,36.54,
171688,375,Nitrogen dioxide (NO2),Mean,ppb,UHF34,305307,Upper East Side-Gramercy,Winter 2011-12,12/01/2011,33.23,
211783,375,Nitrogen dioxide (NO2),Mean,ppb,UHF34,305307,Upper East Side-Gramercy,Annual Average 2014,12/01/2013,30.96,
"151554,655,Asthma hospitalizations due to Ozone,Estimated annual rate (under age 18),""per 100,000 children"",UHF42,310,Lower Manhattan,2009-2011,01/01/2009,9.5,"
"151458,653,Asthma emergency departments visits due to Ozone,Estimated annual rate (under age 18),""per 100,000 children"",UHF42,310,Lower Manhattan,2009-2011,01/01/2009,56.8,"
"151539,655,Asthma hospitalizations due to Ozone,Estimated annual rate (under age 18),""per 100,000 children"",UHF42,206,Borough Park,2009-2011,01/01/2009,5.1,"
"151443,653,Asthma emergency departments visits due to Ozone,Estimated annual rate (under age 18),""per 100,000 children"",UHF42,206,Borough Park,2009-2011,01/01/2009,22.7,"
"151436,653,Asthma emergency departments visits due to Ozone,Estimated annual rate (under age 18),""per 100,000 children"",UHF42,106,High Bridge - Morrisania,2009-2011,01/01/2009,202,"
"151564,655,Asthma hospitalizations due to Ozone,Estimated annual rate (under age 18),""per 100,000 children"",UHF42,410,Rockaways,2009-2011,01/01/2009,23.6,"
"151563,655,Asthma hospitalizations due to Ozone,Estimated annual rate (under age 18),""per 100,000 children"",UHF42,409,Southeast Queens,2009-2011,01/01/2009,26.2,"
"151467,653,Asthma emergency departments visits due to Ozone,Estimated annual rate (under age 18),""per 100,000 children"",UHF42,409,Southeast Queens,2009-2011,01/01/2009,90.2,"
"151447,653,Asthma emergency departments visits due to Ozone,Estimated annual rate (under age 18),""per 100,000 children"",UHF42,210,Coney Island - Sheepshead Bay,2009-2011,01/01/2009,42.3,"
"151543,655,Asthma hospitalizations due to Ozone,Estimated annual rate (under age 18),""per 100,000 children"",UHF42,210,Coney Island - Sheepshead Bay,2009-2011,01/01/2009,8.1,"
"151476,653,Asthma emergency departments visits due to Ozone,Estimated annual rate (under age 18),""per 100,000 children"",Borough,3,Manhattan,2009-2011,01/01/2009,135.7,"
325210,643,Annual vehicle miles traveled,million miles,per km2,UHF42,206,Borough Park,2016,01/01/2016,25.6,
325391,644,Annual vehicle miles travelled (cars),million miles,per km2,CD,402,Woodside and Sunnyside (CD2),2016,01/01/2016,41.1,
325302,644,Annual vehicle miles travelled (cars),million miles,per km2,Borough,3,Manhattan,2016,01/01/2016,43.7,
151716,644,Annual vehicle miles travelled (cars),million miles,per km2,Borough,3,Manhattan,2005,01/01/2005,48,
172668,375,Nitrogen dioxide (NO2),Mean,ppb,UHF34,403,Flushing - Clearview,Annual Average 2011,12/01/2010,21.94,
172600,375,Nitrogen dioxide (NO2),Mean,ppb,UHF34,403,Flushing - Clearview,Annual Average 2009,12/01/2008,22.68,
211675,375,Nitrogen dioxide (NO2),Mean,ppb,UHF34,403,Flushing - Clearview,Summer 2014,06/01/2014,14.58,
336679,375,Nitrogen dioxide (NO2),Mean,ppb,UHF34,403,Flushing - Clearview,Annual Average 2015,01/01/2015,19.09,
667435,375,Nitrogen dioxide (NO2),Mean,ppb,UHF34,403,Flushing - Clearview,Annual Average 2020,01/01/2020,15.59,
643509,375,Nitrogen dioxide (NO2),Mean,ppb,UHF34,403,Flushing - Clearview,Winter 2018-19,12/01/2018,21.26,
221962,386,Ozone (O3),Mean,ppb,UHF34,306308,Chelsea-Village,Summer 2014,06/01/2014,25.29,
549797,375,Nitrogen dioxide (NO2),Mean,ppb,UHF42,206,Borough Park,Annual Average 2017,01/01/2017,18.81,
336602,375,Nitrogen dioxide (NO2),Mean,ppb,UHF42,410,Rockaways,Summer 2015,06/01/2015,6.99,
336569,375,Nitrogen dioxide (NO2),Mean,ppb,UHF42,309,Union Square - Lower East Side,Summer 2015,06/01/2015,20.75,
221956,386,Ozone (O3),Mean,ppb,UHF34,305307,Upper East Side-Gramercy,Summer 2014,06/01/2014,24.89,
221806,386,Ozone (O3),Mean,ppb,UHF34,103,Fordham - Bronx Pk,Summer 2014,06/01/2014,30.7,
221920,386,Ozone (O3),Mean,ppb,UHF34,403,Flushing - Clearview,Summer 2014,06/01/2014,32.01,
172158,375,Nitrogen dioxide (NO2),Mean,ppb,UHF34,403,Flushing - Clearview,Summer 2011,06/01/2011,17.42,
172124,375,Nitrogen dioxide (NO2),Mean,ppb,UHF34,403,Flushing - Clearview,Summer 2010,06/01/2010,17.83,
412617,375,Nitrogen dioxide (NO2),Mean,ppb,UHF34,403,Flushing - Clearview,Summer 2016,06/01/2016,14.07,
741082,375,Nitrogen dioxide (NO2),Mean,ppb,UHF34,403,Flushing - Clearview,Winter 2020-21,12/01/2020,20.06,
172121,375,Nitrogen dioxide (NO2),Mean,ppb,UHF34,304,Upper West Side,Summer 2010,06/01/2010,26.72,
172154,375,Nitrogen dioxide (NO2),Mean,ppb,UHF34,303,East Harlem,Summer 2011,06/01/2011,23.33,
412605,375,Nitrogen dioxide (NO2),Mean,ppb,UHF34,303,East Harlem,Summer 2016,06/01/2016,17.82,
549810,375,Nitrogen dioxide (NO2),Mean,ppb,UHF42,210,Coney Island - Sheepshead Bay,Winter 2016-17,12/01/2016,23.25,
602751,375,Nitrogen dioxide (NO2),Mean,ppb,UHF42,210,Coney Island - Sheepshead Bay,Summer 2018,06/01/2018,9.1,
549808,375,Nitrogen dioxide (NO2),Mean,ppb,UHF42,210,Coney Island - Sheepshead Bay,Summer 2017,06/01/2017,10.7,
667155,375,Nitrogen dioxide (NO2),Mean,ppb,UHF42,210,Coney Island - Sheepshead Bay,Summer 2020,06/01/2020,8.92,
667131,375,Nitrogen dioxide (NO2),Mean,ppb,UHF42,206,Borough Park,Summer 2020,06/01/2020,10.74,
"131567,639,Deaths due to PM2.5,Estimated annual rate (age 30+),""per 100,000 adults"",UHF42,206,Borough Park,2009-2011,01/01/2009,50.3,"
"131560,639,Deaths due to PM2.5,Estimated annual rate (age 30+),""per 100,000 adults"",UHF42,106,High Bridge - Morrisania,2009-2011,01/01/2009,55.8,"
"131592,639,Deaths due to PM2.5,Estimated annual rate (age 30+),""per 100,000 adults"",UHF42,410,Rockaways,2009-2011,01/01/2009,69.8,"
"131591,639,Deaths due to PM2.5,Estimated annual rate (age 30+),""per 100,000 adults"",UHF42,409,Southeast Queens,2009-2011,01/01/2009,34.4,"
"131571,639,Deaths due to PM2.5,Estimated annual rate (age 30+),""per 100,000 adults"",UHF42,210,Coney Island - Sheepshead Bay,2009-2011,01/01/2009,63.4,"
"131570,639,Deaths due to PM2.5,Estimated annual rate (age 30+),""per 100,000 adults"",UHF42,209,Bensonhurst - Bay Ridge,2009-2011,01/01/2009,53.6,"
"131582,639,Deaths due to PM2.5,Estimated annual rate (age 30+),""per 100,000 adults"",UHF42,310,Lower Manhattan,2009-2011,01/01/2009,36.4,"
"518770,639,Deaths due to PM2.5,Estimated annual rate (age 30+),""per 100,000 adults"",UHF42,309,Union Square - Lower East Side,2012-2014,01/02/2012,47.29,"
"628415,639,Deaths due to PM2.5,Estimated annual rate (age 30+),""per 100,000 adults"",UHF42,309,Union Square - Lower East Side,2015-2017,01/01/2015,45.1,"
"518760,639,Deaths due to PM2.5,Estimated annual rate (age 30+),""per 100,000 adults"",UHF42,210,Coney Island - Sheepshead Bay,2012-2014,01/02/2012,49.63,"
"628405,639,Deaths due to PM2.5,Estimated annual rate (age 30+),""per 100,000 adults"",UHF42,210,Coney Island - Sheepshead Bay,2015-2017,01/01/2015,53.1,"
"628401,639,Deaths due to PM2.5,Estimated annual rate (age 30+),""per 100,000 adults"",UHF42,206,Borough Park,2015-2017,01/01/2015,39.2,"
"131352,661,Asthma hospitalizations due to Ozone,Estimated annual rate (age 18+),""per 100,000 adults"",UHF42,410,Rockaways,2005-2007,01/01/2005,9.4,"
168525,365,Fine particles (PM 2.5),Mean,mcg/m3,CD,202,Hunts Point and Longwood (CD2),Winter 2010-11,12/01/2010,14.51,
170413,365,Fine particles (PM 2.5),Mean,mcg/m3,CD,202,Hunts Point and Longwood (CD2),Annual Average 2013,12/01/2012,9.76,
169292,365,Fine particles (PM 2.5),Mean,mcg/m3,CD,202,Hunts Point and Longwood (CD2),Summer 2009,06/01/2009,11.49,
547639,365,Fine particles (PM 2.5),Mean,mcg/m3,CD,202,Hunts Point and Longwood (CD2),Annual Average 2017,01/01/2017,8.49,
547600,365,Fine particles (PM 2.5),Mean,mcg/m3,CD,101,Financial District (CD1),Annual Average 2017,01/01/2017,9.04,
169280,365,Fine particles (PM 2.5),Mean,mcg/m3,CD,102,Greenwich Village and Soho (CD2),Summer 2009,06/01/2009,12.97,
177176,365,Fine particles (PM 2.5),Mean,mcg/m3,UHF42,410,Rockaways,Winter 2008-09,12/01/2008,10.21,
212705,365,Fine particles (PM 2.5),Mean,mcg/m3,UHF42,410,Rockaways,Winter 2013-14,12/01/2013,9.87,
177154,365,Fine particles (PM 2.5),Mean,mcg/m3,UHF42,209,Bensonhurst - Bay Ridge,Winter 2008-09,12/01/2008,11.82,
212704,365,Fine particles (PM 2.5),Mean,mcg/m3,UHF42,409,Southeast Queens,Winter 2013-14,12/01/2013,10.35,
605773,365,Fine particles (PM 2.5),Mean,mcg/m3,UHF42,409,Southeast Queens,Winter 2017-18,12/01/2017,7.46,
"131375,657,Asthma emergency department visits due to PM2.5,Estimated annual rate (age 18+),""per 100,000 adults"",UHF42,206,Borough Park,2009-2011,01/01/2009,13.2,"
"628932,659,Asthma emergency departments visits due to Ozone,Estimated annual rate (age 18+),""per 100,000 adults"",UHF42,209,Bensonhurst - Bay Ridge,2015-2017,01/01/2015,12.8,"
"628914,659,Asthma emergency departments visits due to Ozone,Estimated annual rate (age 18+),""per 100,000 adults"",Borough,3,Manhattan,2015-2017,01/01/2015,45,"
212554,375,Nitrogen dioxide (NO2),Mean,ppb,UHF42,206,Borough Park,Annual Average 2014,12/01/2013,20.41,
741070,375,Nitrogen dioxide (NO2),Mean,ppb,UHF34,303,East Harlem,Winter 2020-21,12/01/2020,22.03,
649771,365,Fine particles (PM 2.5),Mean,mcg/m3,UHF42,409,Southeast Queens,Annual Average 2019,01/01/2019,6.01,
649774,365,Fine particles (PM 2.5),Mean,mcg/m3,UHF42,410,Rockaways,Annual Average 2019,01/01/2019,5.59,
174164,365,Fine particles (PM 2.5),Mean,mcg/m3,UHF34,403,Flushing - Clearview,Annual Average 2010,12/01/2009,9.33,
173246,365,Fine particles (PM 2.5),Mean,mcg/m3,UHF34,403,Flushing - Clearview,Winter 2012-13,12/01/2012,9.89,
334142,365,Fine particles (PM 2.5),Mean,mcg/m3,UHF34,403,Flushing - Clearview,Summer 2015,06/01/2015,9.32,
669648,365,Fine particles (PM 2.5),Mean,mcg/m3,UHF34,403,Flushing - Clearview,Winter 2019-20,12/01/2019,7.82,
173174,365,Fine particles (PM 2.5),Mean,mcg/m3,UHF34,303,East Harlem,Winter 2010-11,12/01/2010,14.13,
174262,365,Fine particles (PM 2.5),Mean,mcg/m3,UHF34,303,East Harlem,Annual Average 2013,12/01/2012,9.73,
334131,365,Fine particles (PM 2.5),Mean,mcg/m3,UHF34,303,East Harlem,Winter 2014-15,12/01/2014,10.33,
547546,365,Fine particles (PM 2.5),Mean,mcg/m3,UHF34,303,East Harlem,Annual Average 2017,01/01/2017,8.11,
742341,365,Fine particles (PM 2.5),Mean,mcg/m3,UHF34,303,East Harlem,Annual Average 2021,01/01/2021,6.79,
173718,365,Fine particles (PM 2.5),Mean,mcg/m3,UHF34,303,East Harlem,Summer 2012,06/01/2012,11.01,
172733,375,Nitrogen dioxide (NO2),Mean,ppb,UHF34,304,Upper West Side,Annual Average 2013,12/01/2012,26.5,
172087,375,Nitrogen dioxide (NO2),Mean,ppb,UHF34,304,Upper West Side,Summer 2009,06/01/2009,28.52,
171644,375,Nitrogen dioxide (NO2),Mean,ppb,UHF34,303,East Harlem,Winter 2010-11,12/01/2010,32.92,
172086,375,Nitrogen dioxide (NO2),Mean,ppb,UHF34,303,East Harlem,Summer 2009,06/01/2009,26.42,
172732,375,Nitrogen dioxide (NO2),Mean,ppb,UHF34,303,East Harlem,Annual Average 2013,12/01/2012,24.75,
549938,375,Nitrogen dioxide (NO2),Mean,ppb,UHF34,303,East Harlem,Annual Average 2017,01/01/2017,22.41,
741072,375,Nitrogen dioxide (NO2),Mean,ppb,UHF34,303,East Harlem,Annual Average 2021,01/01/2021,18.28,
172722,375,Nitrogen dioxide (NO2),Mean,ppb,UHF34,204,East New York,Annual Average 2013,12/01/2012,20.19,
670938,386,Ozone (O3),Mean,ppb,UHF42,504,South Beach - Tottenville,Summer 2020,06/01/2020,29.62,
122019,386,Ozone (O3),Mean,ppb,UHF42,304,Upper West Side,2-Year Summer Average 2009-2010,06/01/2009,24.37,
670958,386,Ozone (O3),Mean,ppb,UHF42,304,Upper West Side,Summer 2020,06/01/2020,28.97,
549368,386,Ozone (O3),Mean,ppb,UHF42,504,South Beach - Tottenville,Summer 2017,06/01/2017,28.95,
605271,386,Ozone (O3),Mean,ppb,UHF42,504,South Beach - Tottenville,Summer 2018,06/01/2018,30.34,
211684,375,Nitrogen dioxide (NO2),Mean,ppb,UHF34,404406,Bayside Little Neck-Fresh Meadows,Summer 2014,06/01/2014,13.24,
667489,375,Nitrogen dioxide (NO2),Mean,ppb,UHF34,404406,Bayside Little Neck-Fresh Meadows,Annual Average 2020,01/01/2020,13.66,
643536,375,Nitrogen dioxide (NO2),Mean,ppb,UHF34,404406,Bayside Little Neck-Fresh Meadows,Winter 2018-19,12/01/2018,19.03,
334169,365,Fine particles (PM 2.5),Mean,mcg/m3,UHF34,404406,Bayside Little Neck-Fresh Meadows,Summer 2015,06/01/2015,9.07,
649880,365,Fine particles (PM 2.5),Mean,mcg/m3,UHF34,404406,Bayside Little Neck-Fresh Meadows,Summer 2019,06/01/2019,7.31,
669621,365,Fine particles (PM 2.5),Mean,mcg/m3,UHF34,404406,Bayside Little Neck-Fresh Meadows,Winter 2019-20,12/01/2019,7.64,
174173,365,Fine particles (PM 2.5),Mean,mcg/m3,UHF34,404406,Bayside Little Neck-Fresh Meadows,Annual Average 2010,12/01/2009,9.09,
173255,365,Fine particles (PM 2.5),Mean,mcg/m3,UHF34,404406,Bayside Little Neck-Fresh Meadows,Winter 2012-13,12/01/2012,9.51,
173250,365,Fine particles (PM 2.5),Mean,mcg/m3,UHF34,409,Southeast Queens,Winter 2012-13,12/01/2012,9.27,
174168,365,Fine particles (PM 2.5),Mean,mcg/m3,UHF34,409,Southeast Queens,Annual Average 2010,12/01/2009,8.65,
334154,365,Fine particles (PM 2.5),Mean,mcg/m3,UHF34,409,Southeast Queens,Summer 2015,06/01/2015,8.75,
669636,365,Fine particles (PM 2.5),Mean,mcg/m3,UHF34,409,Southeast Queens,Winter 2019-20,12/01/2019,7.16,
170241,365,Fine particles (PM 2.5),Mean,mcg/m3,CD,207,Kingsbridge Heights and Bedford (CD7),Annual Average 2010,12/01/2009,10.7,
669863,365,Fine particles (PM 2.5),Mean,mcg/m3,CD,207,Kingsbridge Heights and Bedford (CD7),Winter 2019-20,12/01/2019,6.78,
649949,365,Fine particles (PM 2.5),Mean,mcg/m3,CD,207,Kingsbridge Heights and Bedford (CD7),Summer 2019,06/01/2019,7.85,
334295,365,Fine particles (PM 2.5),Mean,mcg/m3,CD,314,Flatbush and Midwood (CD14),Summer 2015,06/01/2015,9.16,
170278,365,Fine particles (PM 2.5),Mean,mcg/m3,CD,414,Rockaway and Broad Channel (CD14),Annual Average 2010,12/01/2009,7.98,
334328,365,Fine particles (PM 2.5),Mean,mcg/m3,CD,407,Flushing and Whitestone (CD7),Summer 2015,06/01/2015,9.36,
169474,365,Fine particles (PM 2.5),Mean,mcg/m3,CD,207,Kingsbridge Heights and Bedford (CD7),Summer 2012,06/01/2012,10.62,
169533,365,Fine particles (PM 2.5),Mean,mcg/m3,CD,207,Kingsbridge Heights and Bedford (CD7),Summer 2013,06/01/2013,10.56,
411058,365,Fine particles (PM 2.5),Mean,mcg/m3,CD,307,Sunset Park (CD7),Annual Average 2016,12/31/2015,8.52,
742484,365,Fine particles (PM 2.5),Mean,mcg/m3,CD,307,Sunset Park (CD7),Summer 2021,06/01/2021,8.97,
411133,365,Fine particles (PM 2.5),Mean,mcg/m3,CD,414,Rockaway and Broad Channel (CD14),Annual Average 2016,12/31/2015,5.98,
606038,365,Fine particles (PM 2.5),Mean,mcg/m3,CD,407,Flushing and Whitestone (CD7),Annual Average 2018,01/01/2018,6.93,
338244,386,Ozone (O3),Mean,ppb,UHF34,404406,Bayside Little Neck-Fresh Meadows,Summer 2015,06/01/2015,31.37,
650989,386,Ozone (O3),Mean,ppb,UHF34,409,Southeast Queens,Summer 2019,06/01/2019,33.41,
650994,386,Ozone (O3),Mean,ppb,UHF34,404406,Bayside Little Neck-Fresh Meadows,Summer 2019,06/01/2019,31.73,
743601,386,Ozone (O3),Mean,ppb,CD,407,Flushing and Whitestone (CD7),Summer 2021,06/01/2021,30.77,
169570,365,Fine particles (PM 2.5),Mean,mcg/m3,CD,414,Rockaway and Broad Channel (CD14),Summer 2013,06/01/2013,9.44,
169511,365,Fine particles (PM 2.5),Mean,mcg/m3,CD,414,Rockaway and Broad Channel (CD14),Summer 2012,06/01/2012,9.41,
742538,365,Fine particles (PM 2.5),Mean,mcg/m3,CD,407,Flushing and Whitestone (CD7),Summer 2021,06/01/2021,8.26,
606059,365,Fine particles (PM 2.5),Mean,mcg/m3,CD,414,Rockaway and Broad Channel (CD14),Annual Average 2018,01/01/2018,6.06,
742559,365,Fine particles (PM 2.5),Mean,mcg/m3,CD,414,Rockaway and Broad Channel (CD14),Summer 2021,06/01/2021,7.25,
216612,386,Ozone (O3),Mean,ppb,CD,414,Rockaway and Broad Channel (CD14),Summer 2013,06/01/2013,36.93,
216611,386,Ozone (O3),Mean,ppb,CD,414,Rockaway and Broad Channel (CD14),Summer 2012,06/01/2012,40.4,
743594,386,Ozone (O3),Mean,ppb,CD,414,Rockaway and Broad Channel (CD14),Summer 2021,06/01/2021,34.88,
216389,386,Ozone (O3),Mean,ppb,CD,207,Kingsbridge Heights and Bedford (CD7),Summer 2012,06/01/2012,33.53,
741215,375,Nitrogen dioxide (NO2),Mean,ppb,CD,307,Sunset Park (CD7),Summer 2021,06/01/2021,13.69,
169552,365,Fine particles (PM 2.5),Mean,mcg/m3,CD,314,Flatbush and Midwood (CD14),Summer 2013,06/01/2013,10.09,
169493,365,Fine particles (PM 2.5),Mean,mcg/m3,CD,314,Flatbush and Midwood (CD14),Summer 2012,06/01/2012,10.22,
411079,365,Fine particles (PM 2.5),Mean,mcg/m3,CD,314,Flatbush and Midwood (CD14),Annual Average 2016,12/31/2015,7.45,
606005,365,Fine particles (PM 2.5),Mean,mcg/m3,CD,314,Flatbush and Midwood (CD14),Annual Average 2018,01/01/2018,6.95,
742505,365,Fine particles (PM 2.5),Mean,mcg/m3,CD,314,Flatbush and Midwood (CD14),Summer 2021,06/01/2021,8.3,
170219,365,Fine particles (PM 2.5),Mean,mcg/m3,CD,414,Rockaway and Broad Channel (CD14),Annual Average 2009,12/01/2008,8.75,
669952,365,Fine particles (PM 2.5),Mean,mcg/m3,CD,407,Flushing and Whitestone (CD7),Annual Average 2020,01/01/2020,6.26,
650040,365,Fine particles (PM 2.5),Mean,mcg/m3,CD,407,Flushing and Whitestone (CD7),Winter 2018-19,12/01/2018,7.29,
170330,365,Fine particles (PM 2.5),Mean,mcg/m3,CD,407,Flushing and Whitestone (CD7),Annual Average 2011,12/01/2010,10.09,
170212,365,Fine particles (PM 2.5),Mean,mcg/m3,CD,407,Flushing and Whitestone (CD7),Annual Average 2009,12/01/2008,10.21,
213986,365,Fine particles (PM 2.5),Mean,mcg/m3,CD,414,Rockaway and Broad Channel (CD14),Summer 2014,06/01/2014,7.36,
334348,365,Fine particles (PM 2.5),Mean,mcg/m3,CD,414,Rockaway and Broad Channel (CD14),Annual Average 2015,01/01/2015,7.15,
650061,365,Fine particles (PM 2.5),Mean,mcg/m3,CD,414,Rockaway and Broad Channel (CD14),Winter 2018-19,12/01/2018,6.28,
168685,365,Fine particles (PM 2.5),Mean,mcg/m3,CD,414,Rockaway and Broad Channel (CD14),Winter 2012-13,12/01/2012,9.23,
650039,365,Fine particles (PM 2.5),Mean,mcg/m3,CD,407,Flushing and Whitestone (CD7),Summer 2019,06/01/2019,7.81,
669953,365,Fine particles (PM 2.5),Mean,mcg/m3,CD,407,Flushing and Whitestone (CD7),Winter 2019-20,12/01/2019,7.86,
412825,375,Nitrogen dioxide (NO2),Mean,ppb,CD,414,Rockaway and Broad Channel (CD14),Annual Average 2016,12/31/2015,11.6,
603098,375,Nitrogen dioxide (NO2),Mean,ppb,CD,414,Rockaway and Broad Channel (CD14),Annual Average 2018,01/01/2018,10.41,
"131345,661,Asthma hospitalizations due to Ozone,Estimated annual rate (age 18+),""per 100,000 adults"",UHF42,403,Flushing - Clearview,2005-2007,01/01/2005,2.2,"
169298,365,Fine particles (PM 2.5),Mean,mcg/m3,CD,208,Riverdale and Fieldston (CD8),Summer 2009,06/01/2009,10.38,
168531,365,Fine particles (PM 2.5),Mean,mcg/m3,CD,208,Riverdale and Fieldston (CD8),Winter 2010-11,12/01/2010,14.07,
170419,365,Fine particles (PM 2.5),Mean,mcg/m3,CD,208,Riverdale and Fieldston (CD8),Annual Average 2013,12/01/2012,8.87,
168515,365,Fine particles (PM 2.5),Mean,mcg/m3,CD,104,Clinton and Chelsea (CD4),Winter 2010-11,12/01/2010,15.03,
170403,365,Fine particles (PM 2.5),Mean,mcg/m3,CD,104,Clinton and Chelsea (CD4),Annual Average 2013,12/01/2012,11.39,
169282,365,Fine particles (PM 2.5),Mean,mcg/m3,CD,104,Clinton and Chelsea (CD4),Summer 2009,06/01/2009,13.34,
212698,365,Fine particles (PM 2.5),Mean,mcg/m3,UHF42,403,Flushing - Clearview,Winter 2013-14,12/01/2013,11.46,
177171,365,Fine particles (PM 2.5),Mean,mcg/m3,UHF42,405,Ridgewood - Forest Hills,Winter 2008-09,12/01/2008,13.29,
605761,365,Fine particles (PM 2.5),Mean,mcg/m3,UHF42,405,Ridgewood - Forest Hills,Winter 2017-18,12/01/2017,8.11,
212688,365,Fine particles (PM 2.5),Mean,mcg/m3,UHF42,303,East Harlem,Winter 2013-14,12/01/2013,12.58,
605785,365,Fine particles (PM 2.5),Mean,mcg/m3,UHF42,503,Willowbrook,Winter 2017-18,12/01/2017,8.01,
649783,365,Fine particles (PM 2.5),Mean,mcg/m3,UHF42,503,Willowbrook,Annual Average 2019,01/01/2019,5.96,
177179,365,Fine particles (PM 2.5),Mean,mcg/m3,UHF42,503,Willowbrook,Winter 2008-09,12/01/2008,12.19,
212708,365,Fine particles (PM 2.5),Mean,mcg/m3,UHF42,503,Willowbrook,Winter 2013-14,12/01/2013,12.13,
"518563,659,Asthma emergency departments visits due to Ozone,Estimated annual rate (age 18+),""per 100,000 adults"",UHF42,205,Sunset Park,2012-2014,01/02/2012,33.1,"
"518582,659,Asthma emergency departments visits due to Ozone,Estimated annual rate (age 18+),""per 100,000 adults"",UHF42,403,Flushing - Clearview,2012-2014,01/02/2012,13.5,"
"628947,659,Asthma emergency departments visits due to Ozone,Estimated annual rate (age 18+),""per 100,000 adults"",UHF42,403,Flushing - Clearview,2015-2017,01/01/2015,11.9,"
"518572,659,Asthma emergency departments visits due to Ozone,Estimated annual rate (age 18+),""per 100,000 adults"",UHF42,303,East Harlem,2012-2014,01/02/2012,154.9,"
"518556,659,Asthma emergency departments visits due to Ozone,Estimated annual rate (age 18+),""per 100,000 adults"",UHF42,105,Crotona -Tremont,2012-2014,01/02/2012,138.1,"
"628937,659,Asthma emergency departments visits due to Ozone,Estimated annual rate (age 18+),""per 100,000 adults"",UHF42,303,East Harlem,2015-2017,01/01/2015,141.5,"
649759,365,Fine particles (PM 2.5),Mean,mcg/m3,UHF42,405,Ridgewood - Forest Hills,Annual Average 2019,01/01/2019,6.56,
643409,375,Nitrogen dioxide (NO2),Mean,ppb,UHF42,403,Flushing - Clearview,Summer 2019,06/01/2019,13.61,
336551,375,Nitrogen dioxide (NO2),Mean,ppb,UHF42,303,East Harlem,Summer 2015,06/01/2015,18.63,
175447,375,Nitrogen dioxide (NO2),Mean,ppb,UHF42,403,Flushing - Clearview,Winter 2012-13,12/01/2012,22.06,
176581,375,Nitrogen dioxide (NO2),Mean,ppb,UHF42,403,Flushing - Clearview,Annual Average 2010,12/01/2009,21.48,
667190,375,Nitrogen dioxide (NO2),Mean,ppb,UHF42,305,Upper East Side,Winter 2019-20,12/01/2019,29.8,
643385,375,Nitrogen dioxide (NO2),Mean,ppb,UHF42,305,Upper East Side,Summer 2019,06/01/2019,20.08,
643379,375,Nitrogen dioxide (NO2),Mean,ppb,UHF42,303,East Harlem,Summer 2019,06/01/2019,16.73,
669777,365,Fine particles (PM 2.5),Mean,mcg/m3,UHF42,303,East Harlem,Winter 2019-20,12/01/2019,7.83,
178461,365,Fine particles (PM 2.5),Mean,mcg/m3,UHF42,303,East Harlem,Annual Average 2010,12/01/2009,10.41,
334013,365,Fine particles (PM 2.5),Mean,mcg/m3,UHF42,303,East Harlem,Summer 2015,06/01/2015,10.18,
172076,375,Nitrogen dioxide (NO2),Mean,ppb,UHF34,204,East New York,Summer 2009,06/01/2009,19.51,
336599,375,Nitrogen dioxide (NO2),Mean,ppb,UHF42,409,Southeast Queens,Summer 2015,06/01/2015,12.04,
643427,375,Nitrogen dioxide (NO2),Mean,ppb,UHF42,409,Southeast Queens,Summer 2019,06/01/2019,12.99,
175444,375,Nitrogen dioxide (NO2),Mean,ppb,UHF42,310,Lower Manhattan,Winter 2012-13,12/01/2012,33.01,
176578,375,Nitrogen dioxide (NO2),Mean,ppb,UHF42,310,Lower Manhattan,Annual Average 2010,12/01/2009,33.48,
336572,375,Nitrogen dioxide (NO2),Mean,ppb,UHF42,310,Lower Manhattan,Summer 2015,06/01/2015,22.93,
643400,375,Nitrogen dioxide (NO2),Mean,ppb,UHF42,310,Lower Manhattan,Summer 2019,06/01/2019,23.09,
667220,375,Nitrogen dioxide (NO2),Mean,ppb,UHF42,310,Lower Manhattan,Winter 2019-20,12/01/2019,32.12,
176577,375,Nitrogen dioxide (NO2),Mean,ppb,UHF42,309,Union Square - Lower East Side,Annual Average 2010,12/01/2009,29.99,
175443,375,Nitrogen dioxide (NO2),Mean,ppb,UHF42,309,Union Square - Lower East Side,Winter 2012-13,12/01/2012,31.08,
173752,365,Fine particles (PM 2.5),Mean,mcg/m3,UHF34,303,East Harlem,Summer 2013,06/01/2013,10.91,
410914,365,Fine particles (PM 2.5),Mean,mcg/m3,UHF34,303,East Harlem,Annual Average 2016,12/31/2015,8.19,
410917,365,Fine particles (PM 2.5),Mean,mcg/m3,UHF34,304,Upper West Side,Annual Average 2016,12/31/2015,8.49,
742340,365,Fine particles (PM 2.5),Mean,mcg/m3,UHF34,303,East Harlem,Summer 2021,06/01/2021,8.69,
174126,365,Fine particles (PM 2.5),Mean,mcg/m3,UHF34,303,East Harlem,Annual Average 2009,12/01/2008,11.55,
174194,365,Fine particles (PM 2.5),Mean,mcg/m3,UHF34,303,East Harlem,Annual Average 2011,12/01/2010,11.12,
334129,365,Fine particles (PM 2.5),Mean,mcg/m3,UHF34,303,East Harlem,Annual Average 2015,01/01/2015,9.51,
669661,365,Fine particles (PM 2.5),Mean,mcg/m3,UHF34,303,East Harlem,Annual Average 2020,01/01/2020,6.37,
649842,365,Fine particles (PM 2.5),Mean,mcg/m3,UHF34,303,East Harlem,Winter 2018-19,12/01/2018,7.79,
643397,375,Nitrogen dioxide (NO2),Mean,ppb,UHF42,309,Union Square - Lower East Side,Summer 2019,06/01/2019,20.28,
667214,375,Nitrogen dioxide (NO2),Mean,ppb,UHF42,309,Union Square - Lower East Side,Winter 2019-20,12/01/2019,30.06,
175975,375,Nitrogen dioxide (NO2),Mean,ppb,UHF42,206,Borough Park,Summer 2011,06/01/2011,18.64,
175933,375,Nitrogen dioxide (NO2),Mean,ppb,UHF42,206,Borough Park,Summer 2010,06/01/2010,18.77,
412464,375,Nitrogen dioxide (NO2),Mean,ppb,UHF42,206,Borough Park,Summer 2016,06/01/2016,14.25,
412463,375,Nitrogen dioxide (NO2),Mean,ppb,UHF42,206,Borough Park,Winter 2015-16,12/01/2015,23.73,
173650,365,Fine particles (PM 2.5),Mean,mcg/m3,UHF34,303,East Harlem,Summer 2010,06/01/2010,12.64,
173684,365,Fine particles (PM 2.5),Mean,mcg/m3,UHF34,303,East Harlem,Summer 2011,06/01/2011,12.11,
410913,365,Fine particles (PM 2.5),Mean,mcg/m3,UHF34,303,East Harlem,Summer 2016,06/01/2016,8.9,
742339,365,Fine particles (PM 2.5),Mean,mcg/m3,UHF34,303,East Harlem,Winter 2020-21,12/01/2020,6.82,
334001,365,Fine particles (PM 2.5),Mean,mcg/m3,UHF42,210,Coney Island - Sheepshead Bay,Summer 2015,06/01/2015,8.75,
669789,365,Fine particles (PM 2.5),Mean,mcg/m3,UHF42,210,Coney Island - Sheepshead Bay,Winter 2019-20,12/01/2019,6.98,
649712,365,Fine particles (PM 2.5),Mean,mcg/m3,UHF42,210,Coney Island - Sheepshead Bay,Summer 2019,06/01/2019,7.64,
177319,365,Fine particles (PM 2.5),Mean,mcg/m3,UHF42,206,Borough Park,Winter 2012-13,12/01/2012,10.14,
178453,365,Fine particles (PM 2.5),Mean,mcg/m3,UHF42,206,Borough Park,Annual Average 2010,12/01/2009,9.61,
333989,365,Fine particles (PM 2.5),Mean,mcg/m3,UHF42,206,Borough Park,Summer 2015,06/01/2015,9.17,
"518751,639,Deaths due to PM2.5,Estimated annual rate (age 30+),""per 100,000 adults"",UHF42,201,Greenpoint,2012-2014,01/02/2012,37.08,"
"628396,639,Deaths due to PM2.5,Estimated annual rate (age 30+),""per 100,000 adults"",UHF42,201,Greenpoint,2015-2017,01/01/2015,29.9,"
169465,365,Fine particles (PM 2.5),Mean,mcg/m3,CD,110,Central Harlem (CD10),Summer 2012,06/01/2012,10.8,
169524,365,Fine particles (PM 2.5),Mean,mcg/m3,CD,110,Central Harlem (CD10),Summer 2013,06/01/2013,10.71,
410995,365,Fine particles (PM 2.5),Mean,mcg/m3,CD,110,Central Harlem (CD10),Annual Average 2016,12/31/2015,7.89,
"131381,657,Asthma emergency department visits due to PM2.5,Estimated annual rate (age 18+),""per 100,000 adults"",UHF42,301,Washington Heights,2009-2011,01/01/2009,44.5,"
"131370,657,Asthma emergency department visits due to PM2.5,Estimated annual rate (age 18+),""per 100,000 adults"",UHF42,201,Greenpoint,2009-2011,01/01/2009,28.2,"
"518552,659,Asthma emergency departments visits due to Ozone,Estimated annual rate (age 18+),""per 100,000 adults"",UHF42,101,Kingsbridge - Riverdale,2012-2014,01/02/2012,34.4,"
605779,365,Fine particles (PM 2.5),Mean,mcg/m3,UHF42,501,Port Richmond,Winter 2017-18,12/01/2017,8.19,
649777,365,Fine particles (PM 2.5),Mean,mcg/m3,UHF42,501,Port Richmond,Annual Average 2019,01/01/2019,6.34,
178567,365,Fine particles (PM 2.5),Mean,mcg/m3,UHF42,101,Kingsbridge - Riverdale,Annual Average 2013,12/01/2012,8.88,
177769,365,Fine particles (PM 2.5),Mean,mcg/m3,UHF42,101,Kingsbridge - Riverdale,Summer 2009,06/01/2009,10.38,
333954,365,Fine particles (PM 2.5),Mean,mcg/m3,UHF42,101,Kingsbridge - Riverdale,Winter 2014-15,12/01/2014,10.16,
336575,375,Nitrogen dioxide (NO2),Mean,ppb,UHF42,401,Long Island City - Astoria,Summer 2015,06/01/2015,16.67,
643403,375,Nitrogen dioxide (NO2),Mean,ppb,UHF42,401,Long Island City - Astoria,Summer 2019,06/01/2019,17.72,
175445,375,Nitrogen dioxide (NO2),Mean,ppb,UHF42,401,Long Island City - Astoria,Winter 2012-13,12/01/2012,26.98,
741153,375,Nitrogen dioxide (NO2),Mean,ppb,CD,110,Central Harlem (CD10),Annual Average 2021,01/01/2021,18.31,
165868,375,Nitrogen dioxide (NO2),Mean,ppb,CD,112,Washington Heights and Inwood (CD12),Winter 2010-11,12/01/2010,29.98,
167756,375,Nitrogen dioxide (NO2),Mean,ppb,CD,112,Washington Heights and Inwood (CD12),Annual Average 2013,12/01/2012,22.25,
166635,375,Nitrogen dioxide (NO2),Mean,ppb,CD,112,Washington Heights and Inwood (CD12),Summer 2009,06/01/2009,25.04,
175939,375,Nitrogen dioxide (NO2),Mean,ppb,UHF42,301,Washington Heights,Summer 2010,06/01/2010,22.89,
175981,375,Nitrogen dioxide (NO2),Mean,ppb,UHF42,301,Washington Heights,Summer 2011,06/01/2011,20.85,
175928,375,Nitrogen dioxide (NO2),Mean,ppb,UHF42,201,Greenpoint,Summer 2010,06/01/2010,21.41,
178459,365,Fine particles (PM 2.5),Mean,mcg/m3,UHF42,301,Washington Heights,Annual Average 2010,12/01/2009,10.71,
177272,365,Fine particles (PM 2.5),Mean,mcg/m3,UHF42,201,Greenpoint,Winter 2011-12,12/01/2011,10.37,
177188,365,Fine particles (PM 2.5),Mean,mcg/m3,UHF42,201,Greenpoint,Winter 2009-10,12/01/2009,10.22,
547422,365,Fine particles (PM 2.5),Mean,mcg/m3,UHF42,301,Washington Heights,Summer 2017,06/01/2017,9.87,
605718,365,Fine particles (PM 2.5),Mean,mcg/m3,UHF42,301,Washington Heights,Summer 2018,06/01/2018,8.65,
547424,365,Fine particles (PM 2.5),Mean,mcg/m3,UHF42,301,Washington Heights,Winter 2016-17,12/01/2016,8.17,
547391,365,Fine particles (PM 2.5),Mean,mcg/m3,UHF42,201,Greenpoint,Winter 2016-17,12/01/2016,9.3,
170244,365,Fine particles (PM 2.5),Mean,mcg/m3,CD,210,Throgs Neck and Co-op City (CD10),Annual Average 2010,12/01/2009,9.5,
334247,365,Fine particles (PM 2.5),Mean,mcg/m3,CD,210,Throgs Neck and Co-op City (CD10),Summer 2015,06/01/2015,9.7,
212707,365,Fine particles (PM 2.5),Mean,mcg/m3,UHF42,502,Stapleton - St. George,Winter 2013-14,12/01/2013,11.55,
"518581,659,Asthma emergency departments visits due to Ozone,Estimated annual rate (age 18+),""per 100,000 adults"",UHF42,402,West Queens,2012-2014,01/02/2012,18.1,"
605782,365,Fine particles (PM 2.5),Mean,mcg/m3,UHF42,502,Stapleton - St. George,Winter 2017-18,12/01/2017,7.81,
172728,375,Nitrogen dioxide (NO2),Mean,ppb,UHF34,210,Coney Island - Sheepshead Bay,Annual Average 2013,12/01/2012,16.36,
171640,375,Nitrogen dioxide (NO2),Mean,ppb,UHF34,210,Coney Island - Sheepshead Bay,Winter 2010-11,12/01/2010,25.7,
172082,375,Nitrogen dioxide (NO2),Mean,ppb,UHF34,210,Coney Island - Sheepshead Bay,Summer 2009,06/01/2009,15.22,
549926,375,Nitrogen dioxide (NO2),Mean,ppb,UHF34,210,Coney Island - Sheepshead Bay,Annual Average 2017,01/01/2017,16.08,
741060,375,Nitrogen dioxide (NO2),Mean,ppb,UHF34,210,Coney Island - Sheepshead Bay,Annual Average 2021,01/01/2021,14.68,
175446,375,Nitrogen dioxide (NO2),Mean,ppb,UHF42,402,West Queens,Winter 2012-13,12/01/2012,26.15,
605828,365,Fine particles (PM 2.5),Mean,mcg/m3,UHF34,210,Coney Island - Sheepshead Bay,Annual Average 2018,01/01/2018,6.55,
742328,365,Fine particles (PM 2.5),Mean,mcg/m3,UHF34,210,Coney Island - Sheepshead Bay,Summer 2021,06/01/2021,8.01,
173693,365,Fine particles (PM 2.5),Mean,mcg/m3,UHF34,410,Rockaways,Summer 2011,06/01/2011,10.59,
174135,365,Fine particles (PM 2.5),Mean,mcg/m3,UHF34,410,Rockaways,Annual Average 2009,12/01/2008,8.75,
176580,375,Nitrogen dioxide (NO2),Mean,ppb,UHF42,402,West Queens,Annual Average 2010,12/01/2009,24.18,
643406,375,Nitrogen dioxide (NO2),Mean,ppb,UHF42,402,West Queens,Summer 2019,06/01/2019,15.58,
667232,375,Nitrogen dioxide (NO2),Mean,ppb,UHF42,402,West Queens,Winter 2019-20,12/01/2019,26.72,
166634,375,Nitrogen dioxide (NO2),Mean,ppb,CD,111,East Harlem (CD11),Summer 2009,06/01/2009,26.38,
167755,375,Nitrogen dioxide (NO2),Mean,ppb,CD,111,East Harlem (CD11),Annual Average 2013,12/01/2012,24.66,
165867,375,Nitrogen dioxide (NO2),Mean,ppb,CD,111,East Harlem (CD11),Winter 2010-11,12/01/2010,32.84,
741156,375,Nitrogen dioxide (NO2),Mean,ppb,CD,111,East Harlem (CD11),Annual Average 2021,01/01/2021,18.25,
669673,365,Fine particles (PM 2.5),Mean,mcg/m3,UHF34,210,Coney Island - Sheepshead Bay,Annual Average 2020,01/01/2020,5.7,
649830,365,Fine particles (PM 2.5),Mean,mcg/m3,UHF34,210,Coney Island - Sheepshead Bay,Winter 2018-19,12/01/2018,6.69,
742327,365,Fine particles (PM 2.5),Mean,mcg/m3,UHF34,210,Coney Island - Sheepshead Bay,Winter 2020-21,12/01/2020,6.58,
547534,365,Fine particles (PM 2.5),Mean,mcg/m3,UHF34,210,Coney Island - Sheepshead Bay,Annual Average 2017,01/01/2017,6.83,
742329,365,Fine particles (PM 2.5),Mean,mcg/m3,UHF34,210,Coney Island - Sheepshead Bay,Annual Average 2021,01/01/2021,6.27,
643700,375,Nitrogen dioxide (NO2),Mean,ppb,CD,409,Kew Gardens and Woodhaven (CD9),Summer 2019,06/01/2019,12.59,
667820,375,Nitrogen dioxide (NO2),Mean,ppb,CD,409,Kew Gardens and Woodhaven (CD9),Winter 2019-20,12/01/2019,24.72,
130532,642,Boiler Emissions- Total NOx Emissions,Number per km2,number,UHF42,502,Stapleton - St. George,2013,01/01/2013,4.7,
130484,641,Boiler Emissions- Total PM2.5 Emissions,Number per km2,number,UHF42,502,Stapleton - St. George,2013,01/01/2013,0,
130522,642,Boiler Emissions- Total NOx Emissions,Number per km2,number,UHF42,402,West Queens,2013,01/01/2013,24.6,
130474,641,Boiler Emissions- Total PM2.5 Emissions,Number per km2,number,UHF42,402,West Queens,2013,01/01/2013,0.3,
168461,365,Fine particles (PM 2.5),Mean,mcg/m3,CD,109,Morningside Heights and Hamilton Heights (CD9),Winter 2009-10,12/01/2009,11.63,
547430,365,Fine particles (PM 2.5),Mean,mcg/m3,UHF42,303,East Harlem,Winter 2016-17,12/01/2016,8.45,
547428,365,Fine particles (PM 2.5),Mean,mcg/m3,UHF42,303,East Harlem,Summer 2017,06/01/2017,10.05,
177287,365,Fine particles (PM 2.5),Mean,mcg/m3,UHF42,305,Upper East Side,Winter 2011-12,12/01/2011,11.28,
212942,365,Fine particles (PM 2.5),Mean,mcg/m3,UHF42,305,Upper East Side,Annual Average 2014,12/01/2013,11.15,
547436,365,Fine particles (PM 2.5),Mean,mcg/m3,UHF42,305,Upper East Side,Winter 2016-17,12/01/2016,9.13,
547434,365,Fine particles (PM 2.5),Mean,mcg/m3,UHF42,305,Upper East Side,Summer 2017,06/01/2017,10.4,
177276,365,Fine particles (PM 2.5),Mean,mcg/m3,UHF42,205,Sunset Park,Winter 2011-12,12/01/2011,10.08,
605697,365,Fine particles (PM 2.5),Mean,mcg/m3,UHF42,205,Sunset Park,Summer 2018,06/01/2018,8.78,
669803,365,Fine particles (PM 2.5),Mean,mcg/m3,UHF42,205,Sunset Park,Summer 2020,06/01/2020,7.27,
649982,365,Fine particles (PM 2.5),Mean,mcg/m3,CD,306,Park Slope and Carroll Gardens (CD6),Summer 2019,06/01/2019,9.19,
669896,365,Fine particles (PM 2.5),Mean,mcg/m3,CD,306,Park Slope and Carroll Gardens (CD6),Winter 2019-20,12/01/2019,8.49,
168647,365,Fine particles (PM 2.5),Mean,mcg/m3,CD,206,Belmont and East Tremont (CD6),Winter 2012-13,12/01/2012,11.71,
170240,365,Fine particles (PM 2.5),Mean,mcg/m3,CD,206,Belmont and East Tremont (CD6),Annual Average 2010,12/01/2009,10.67,
334235,365,Fine particles (PM 2.5),Mean,mcg/m3,CD,206,Belmont and East Tremont (CD6),Summer 2015,06/01/2015,10.11,
177833,365,Fine particles (PM 2.5),Mean,mcg/m3,UHF42,305,Upper East Side,Summer 2010,06/01/2010,13.66,
410801,365,Fine particles (PM 2.5),Mean,mcg/m3,UHF42,305,Upper East Side,Winter 2015-16,12/01/2015,9.31,
410802,365,Fine particles (PM 2.5),Mean,mcg/m3,UHF42,305,Upper East Side,Summer 2016,06/01/2016,9.66,
742189,365,Fine particles (PM 2.5),Mean,mcg/m3,UHF42,203,Bedford Stuyvesant - Crown Heights,Winter 2020-21,12/01/2020,6.78,
177822,365,Fine particles (PM 2.5),Mean,mcg/m3,UHF42,205,Sunset Park,Summer 2010,06/01/2010,12.46,
177864,365,Fine particles (PM 2.5),Mean,mcg/m3,UHF42,205,Sunset Park,Summer 2011,06/01/2011,12.03,
410768,365,Fine particles (PM 2.5),Mean,mcg/m3,UHF42,205,Sunset Park,Winter 2015-16,12/01/2015,9.32,
410769,365,Fine particles (PM 2.5),Mean,mcg/m3,UHF42,205,Sunset Park,Summer 2016,06/01/2016,8.93,
742195,365,Fine particles (PM 2.5),Mean,mcg/m3,UHF42,205,Sunset Park,Winter 2020-21,12/01/2020,7.27,
410748,365,Fine particles (PM 2.5),Mean,mcg/m3,UHF42,105,Crotona -Tremont,Summer 2016,06/01/2016,8.8,
410747,365,Fine particles (PM 2.5),Mean,mcg/m3,UHF42,105,Crotona -Tremont,Winter 2015-16,12/01/2015,8.82,
176571,375,Nitrogen dioxide (NO2),Mean,ppb,UHF42,303,East Harlem,Annual Average 2010,12/01/2009,27.07,
166024,375,Nitrogen dioxide (NO2),Mean,ppb,CD,408,Hillcrest and Fresh Meadows (CD8),Winter 2012-13,12/01/2012,22.24,
336869,375,Nitrogen dioxide (NO2),Mean,ppb,CD,408,Hillcrest and Fresh Meadows (CD8),Summer 2015,06/01/2015,13.5,
643697,375,Nitrogen dioxide (NO2),Mean,ppb,CD,408,Hillcrest and Fresh Meadows (CD8),Summer 2019,06/01/2019,12.53,
667814,375,Nitrogen dioxide (NO2),Mean,ppb,CD,408,Hillcrest and Fresh Meadows (CD8),Winter 2019-20,12/01/2019,22.21,
166004,375,Nitrogen dioxide (NO2),Mean,ppb,CD,306,Park Slope and Carroll Gardens (CD6),Winter 2012-13,12/01/2012,27.68,
177862,365,Fine particles (PM 2.5),Mean,mcg/m3,UHF42,203,Bedford Stuyvesant - Crown Heights,Summer 2011,06/01/2011,11.54,
177820,365,Fine particles (PM 2.5),Mean,mcg/m3,UHF42,203,Bedford Stuyvesant - Crown Heights,Summer 2010,06/01/2010,11.96,
547404,365,Fine particles (PM 2.5),Mean,mcg/m3,UHF42,206,Borough Park,Summer 2017,06/01/2017,8.8,
547406,365,Fine particles (PM 2.5),Mean,mcg/m3,UHF42,206,Borough Park,Winter 2016-17,12/01/2016,7.62,
168655,365,Fine particles (PM 2.5),Mean,mcg/m3,CD,302,Fort Greene and Brooklyn Heights (CD2),Winter 2012-13,12/01/2012,11.15,
170248,365,Fine particles (PM 2.5),Mean,mcg/m3,CD,302,Fort Greene and Brooklyn Heights (CD2),Annual Average 2010,12/01/2009,10.52,
168642,365,Fine particles (PM 2.5),Mean,mcg/m3,CD,201,Mott Haven and Melrose (CD1),Winter 2012-13,12/01/2012,12.26,
170235,365,Fine particles (PM 2.5),Mean,mcg/m3,CD,201,Mott Haven and Melrose (CD1),Annual Average 2010,12/01/2009,10.88,
334220,365,Fine particles (PM 2.5),Mean,mcg/m3,CD,201,Mott Haven and Melrose (CD1),Summer 2015,06/01/2015,10.63,
742177,365,Fine particles (PM 2.5),Mean,mcg/m3,UHF42,106,High Bridge - Morrisania,Winter 2020-21,12/01/2020,6.59,
410813,365,Fine particles (PM 2.5),Mean,mcg/m3,UHF42,309,Union Square - Lower East Side,Winter 2015-16,12/01/2015,9.71,
410780,365,Fine particles (PM 2.5),Mean,mcg/m3,UHF42,209,Bensonhurst - Bay Ridge,Winter 2015-16,12/01/2015,7.71,
410781,365,Fine particles (PM 2.5),Mean,mcg/m3,UHF42,209,Bensonhurst - Bay Ridge,Summer 2016,06/01/2016,7.94,
130409,640,Boiler Emissions- Total SO2 Emissions,Number per km2,number,UHF42,206,Borough Park,2013,01/01/2013,1.5,
175432,375,Nitrogen dioxide (NO2),Mean,ppb,UHF42,209,Bensonhurst - Bay Ridge,Winter 2012-13,12/01/2012,24.26,
176566,375,Nitrogen dioxide (NO2),Mean,ppb,UHF42,209,Bensonhurst - Bay Ridge,Annual Average 2010,12/01/2009,21.48,
336536,375,Nitrogen dioxide (NO2),Mean,ppb,UHF42,209,Bensonhurst - Bay Ridge,Summer 2015,06/01/2015,13.33,
667154,375,Nitrogen dioxide (NO2),Mean,ppb,UHF42,210,Coney Island - Sheepshead Bay,Winter 2019-20,12/01/2019,22.1,
643367,375,Nitrogen dioxide (NO2),Mean,ppb,UHF42,210,Coney Island - Sheepshead Bay,Summer 2019,06/01/2019,9.97,
643355,375,Nitrogen dioxide (NO2),Mean,ppb,UHF42,206,Borough Park,Summer 2019,06/01/2019,13.58,
667130,375,Nitrogen dioxide (NO2),Mean,ppb,UHF42,206,Borough Park,Winter 2019-20,12/01/2019,25.64,
667862,375,Nitrogen dioxide (NO2),Mean,ppb,CD,502,South Beach and Willowbrook (CD2),Winter 2019-20,12/01/2019,18.24,
643721,375,Nitrogen dioxide (NO2),Mean,ppb,CD,502,South Beach and Willowbrook (CD2),Summer 2019,06/01/2019,9.66,
667772,375,Nitrogen dioxide (NO2),Mean,ppb,CD,401,Long Island City and Astoria (CD1),Winter 2019-20,12/01/2019,26.07,
742207,365,Fine particles (PM 2.5),Mean,mcg/m3,UHF42,209,Bensonhurst - Bay Ridge,Winter 2020-21,12/01/2020,6.68,
177827,365,Fine particles (PM 2.5),Mean,mcg/m3,UHF42,210,Coney Island - Sheepshead Bay,Summer 2010,06/01/2010,11.35,
214132,365,Fine particles (PM 2.5),Mean,mcg/m3,CD,301,Greenpoint and Williamsburg (CD1),Annual Average 2014,12/01/2013,10.64,
605967,365,Fine particles (PM 2.5),Mean,mcg/m3,CD,301,Greenpoint and Williamsburg (CD1),Summer 2018,06/01/2018,10.01,
669882,365,Fine particles (PM 2.5),Mean,mcg/m3,CD,301,Greenpoint and Williamsburg (CD1),Summer 2020,06/01/2020,8,
130472,641,Boiler Emissions- Total PM2.5 Emissions,Number per km2,number,UHF42,310,Lower Manhattan,2013,01/01/2013,1.7,
130520,642,Boiler Emissions- Total NOx Emissions,Number per km2,number,UHF42,310,Lower Manhattan,2013,01/01/2013,118.7,
130530,642,Boiler Emissions- Total NOx Emissions,Number per km2,number,UHF42,410,Rockaways,2013,01/01/2013,6.1,
177291,365,Fine particles (PM 2.5),Mean,mcg/m3,UHF42,309,Union Square - Lower East Side,Winter 2011-12,12/01/2011,10.49,
669872,365,Fine particles (PM 2.5),Mean,mcg/m3,CD,210,Throgs Neck and Co-op City (CD10),Winter 2019-20,12/01/2019,7.26,
410789,365,Fine particles (PM 2.5),Mean,mcg/m3,UHF42,301,Washington Heights,Winter 2015-16,12/01/2015,8.5,
410790,365,Fine particles (PM 2.5),Mean,mcg/m3,UHF42,301,Washington Heights,Summer 2016,06/01/2016,8.45,
410757,365,Fine particles (PM 2.5),Mean,mcg/m3,UHF42,201,Greenpoint,Summer 2016,06/01/2016,9.8,
742216,365,Fine particles (PM 2.5),Mean,mcg/m3,UHF42,301,Washington Heights,Winter 2020-21,12/01/2020,6.81,
177829,365,Fine particles (PM 2.5),Mean,mcg/m3,UHF42,301,Washington Heights,Summer 2010,06/01/2010,12.11,
177871,365,Fine particles (PM 2.5),Mean,mcg/m3,UHF42,301,Washington Heights,Summer 2011,06/01/2011,11.58,
130404,640,Boiler Emissions- Total SO2 Emissions,Number per km2,number,UHF42,201,Greenpoint,2013,01/01/2013,0.4,
412449,375,Nitrogen dioxide (NO2),Mean,ppb,UHF42,201,Greenpoint,Summer 2016,06/01/2016,16.59,
412448,375,Nitrogen dioxide (NO2),Mean,ppb,UHF42,201,Greenpoint,Winter 2015-16,12/01/2015,25.71,
740914,375,Nitrogen dioxide (NO2),Mean,ppb,UHF42,201,Greenpoint,Winter 2020-21,12/01/2020,24.77,
177811,365,Fine particles (PM 2.5),Mean,mcg/m3,UHF42,101,Kingsbridge - Riverdale,Summer 2010,06/01/2010,11.83,
177853,365,Fine particles (PM 2.5),Mean,mcg/m3,UHF42,101,Kingsbridge - Riverdale,Summer 2011,06/01/2011,11.3,
410736,365,Fine particles (PM 2.5),Mean,mcg/m3,UHF42,101,Kingsbridge - Riverdale,Summer 2016,06/01/2016,7.95,
410735,365,Fine particles (PM 2.5),Mean,mcg/m3,UHF42,101,Kingsbridge - Riverdale,Winter 2015-16,12/01/2015,8.41,
130463,641,Boiler Emissions- Total PM2.5 Emissions,Number per km2,number,UHF42,301,Washington Heights,2013,01/01/2013,5.8,
130445,641,Boiler Emissions- Total PM2.5 Emissions,Number per km2,number,UHF42,101,Kingsbridge - Riverdale,2013,01/01/2013,2,
130521,642,Boiler Emissions- Total NOx Emissions,Number per km2,number,UHF42,401,Long Island City - Astoria,2013,01/01/2013,30.6,
130452,641,Boiler Emissions- Total PM2.5 Emissions,Number per km2,number,UHF42,201,Greenpoint,2013,01/01/2013,0.1,
130531,642,Boiler Emissions- Total NOx Emissions,Number per km2,number,UHF42,501,Port Richmond,2013,01/01/2013,2.8,
130483,641,Boiler Emissions- Total PM2.5 Emissions,Number per km2,number,UHF42,501,Port Richmond,2013,01/01/2013,0,
130473,641,Boiler Emissions- Total PM2.5 Emissions,Number per km2,number,UHF42,401,Long Island City - Astoria,2013,01/01/2013,0.8,
547389,365,Fine particles (PM 2.5),Mean,mcg/m3,UHF42,201,Greenpoint,Summer 2017,06/01/2017,10.79,
605685,365,Fine particles (PM 2.5),Mean,mcg/m3,UHF42,201,Greenpoint,Summer 2018,06/01/2018,9.85,
212927,365,Fine particles (PM 2.5),Mean,mcg/m3,UHF42,201,Greenpoint,Annual Average 2014,12/01/2013,10.54,
669782,365,Fine particles (PM 2.5),Mean,mcg/m3,UHF42,301,Washington Heights,Summer 2020,06/01/2020,7.35,
177283,365,Fine particles (PM 2.5),Mean,mcg/m3,UHF42,301,Washington Heights,Winter 2011-12,12/01/2011,10.49,
177199,365,Fine particles (PM 2.5),Mean,mcg/m3,UHF42,301,Washington Heights,Winter 2009-10,12/01/2009,12.05,
643655,375,Nitrogen dioxide (NO2),Mean,ppb,CD,312,Borough Park (CD12),Summer 2019,06/01/2019,14.03,
167601,375,Nitrogen dioxide (NO2),Mean,ppb,CD,310,Bay Ridge and Dyker Heights (CD10),Annual Average 2010,12/01/2009,22.43,
166008,375,Nitrogen dioxide (NO2),Mean,ppb,CD,310,Bay Ridge and Dyker Heights (CD10),Winter 2012-13,12/01/2012,24.96,
165925,375,Nitrogen dioxide (NO2),Mean,ppb,CD,110,Central Harlem (CD10),Winter 2011-12,12/01/2011,28.16,
165807,375,Nitrogen dioxide (NO2),Mean,ppb,CD,110,Central Harlem (CD10),Winter 2009-10,12/01/2009,29.45,
410763,365,Fine particles (PM 2.5),Mean,mcg/m3,UHF42,203,Bedford Stuyvesant - Crown Heights,Summer 2016,06/01/2016,8.28,
410762,365,Fine particles (PM 2.5),Mean,mcg/m3,UHF42,203,Bedford Stuyvesant - Crown Heights,Winter 2015-16,12/01/2015,8.75,
177855,365,Fine particles (PM 2.5),Mean,mcg/m3,UHF42,103,Fordham - Bronx Pk,Summer 2011,06/01/2011,11.48,
410742,365,Fine particles (PM 2.5),Mean,mcg/m3,UHF42,103,Fordham - Bronx Pk,Summer 2016,06/01/2016,8.05,
410741,365,Fine particles (PM 2.5),Mean,mcg/m3,UHF42,103,Fordham - Bronx Pk,Winter 2015-16,12/01/2015,8.33,
742168,365,Fine particles (PM 2.5),Mean,mcg/m3,UHF42,103,Fordham - Bronx Pk,Winter 2020-21,12/01/2020,6.41,
547686,365,Fine particles (PM 2.5),Mean,mcg/m3,CD,306,Park Slope and Carroll Gardens (CD6),Summer 2017,06/01/2017,10.18,
130495,642,Boiler Emissions- Total NOx Emissions,Number per km2,number,UHF42,103,Fordham - Bronx Pk,2013,01/01/2013,71,
130525,642,Boiler Emissions- Total NOx Emissions,Number per km2,number,UHF42,405,Ridgewood - Forest Hills,2013,01/01/2013,23.6,
130477,641,Boiler Emissions- Total PM2.5 Emissions,Number per km2,number,UHF42,405,Ridgewood - Forest Hills,2013,01/01/2013,0.3,
130502,642,Boiler Emissions- Total NOx Emissions,Number per km2,number,UHF42,203,Bedford Stuyvesant - Crown Heights,2013,01/01/2013,31.7,
130485,641,Boiler Emissions- Total PM2.5 Emissions,Number per km2,number,UHF42,503,Willowbrook,2013,01/01/2013,0,
130533,642,Boiler Emissions- Total NOx Emissions,Number per km2,number,UHF42,503,Willowbrook,2013,01/01/2013,2.1,
130513,642,Boiler Emissions- Total NOx Emissions,Number per km2,number,UHF42,303,East Harlem,2013,01/01/2013,55.8,
130465,641,Boiler Emissions- Total PM2.5 Emissions,Number per km2,number,UHF42,303,East Harlem,2013,01/01/2013,1.3,
130447,641,Boiler Emissions- Total PM2.5 Emissions,Number per km2,number,UHF42,103,Fordham - Bronx Pk,2013,01/01/2013,3,
130467,641,Boiler Emissions- Total PM2.5 Emissions,Number per km2,number,UHF42,305,Upper East Side,2013,01/01/2013,10.8,
550044,375,Nitrogen dioxide (NO2),Mean,ppb,CD,206,Belmont and East Tremont (CD6),Winter 2016-17,12/01/2016,27.51,
550042,375,Nitrogen dioxide (NO2),Mean,ppb,CD,206,Belmont and East Tremont (CD6),Summer 2017,06/01/2017,16.57,
602985,375,Nitrogen dioxide (NO2),Mean,ppb,CD,206,Belmont and East Tremont (CD6),Summer 2018,06/01/2018,14.75,
222533,386,Ozone (O3),Mean,ppb,UHF42,305,Upper East Side,Summer 2009,06/01/2009,20.87,
222581,386,Ozone (O3),Mean,ppb,UHF42,403,Flushing - Clearview,Summer 2009,06/01/2009,26.29,
166006,375,Nitrogen dioxide (NO2),Mean,ppb,CD,308,Crown Heights and Prospect Heights (CD8),Winter 2012-13,12/01/2012,27.58,
167599,375,Nitrogen dioxide (NO2),Mean,ppb,CD,308,Crown Heights and Prospect Heights (CD8),Annual Average 2010,12/01/2009,25.9,
336815,375,Nitrogen dioxide (NO2),Mean,ppb,CD,308,Crown Heights and Prospect Heights (CD8),Summer 2015,06/01/2015,16.55,
667706,375,Nitrogen dioxide (NO2),Mean,ppb,CD,308,Crown Heights and Prospect Heights (CD8),Winter 2019-20,12/01/2019,27.98,
667694,375,Nitrogen dioxide (NO2),Mean,ppb,CD,306,Park Slope and Carroll Gardens (CD6),Winter 2019-20,12/01/2019,28.37,
151749,645,Annual vehicle miles travelled (trucks),million miles,per km2,UHF42,403,Flushing - Clearview,2005,01/01/2005,1.2,
325123,645,Annual vehicle miles travelled (trucks),million miles,per km2,UHF42,405,Ridgewood - Forest Hills,2016,01/01/2016,0.7,
151728,645,Annual vehicle miles travelled (trucks),million miles,per km2,UHF42,203,Bedford Stuyvesant - Crown Heights,2005,01/01/2005,1.1,
325200,643,Annual vehicle miles traveled,million miles,per km2,UHF42,103,Fordham - Bronx Pk,2016,01/01/2016,21.5,
177196,365,Fine particles (PM 2.5),Mean,mcg/m3,UHF42,209,Bensonhurst - Bay Ridge,Winter 2009-10,12/01/2009,9.49,
177280,365,Fine particles (PM 2.5),Mean,mcg/m3,UHF42,209,Bensonhurst - Bay Ridge,Winter 2011-12,12/01/2011,8.64,
547413,365,Fine particles (PM 2.5),Mean,mcg/m3,UHF42,209,Bensonhurst - Bay Ridge,Summer 2017,06/01/2017,8.52,
669587,365,Fine particles (PM 2.5),Mean,mcg/m3,CD,201,Mott Haven and Melrose (CD1),Summer 2020,06/01/2020,7.48,
165810,375,Nitrogen dioxide (NO2),Mean,ppb,CD,201,Mott Haven and Melrose (CD1),Winter 2009-10,12/01/2009,27.54,
165928,375,Nitrogen dioxide (NO2),Mean,ppb,CD,201,Mott Haven and Melrose (CD1),Winter 2011-12,12/01/2011,26.34,
213589,375,Nitrogen dioxide (NO2),Mean,ppb,CD,201,Mott Haven and Melrose (CD1),Annual Average 2014,12/01/2013,22.12,
602970,375,Nitrogen dioxide (NO2),Mean,ppb,CD,201,Mott Haven and Melrose (CD1),Summer 2018,06/01/2018,16.15,
667593,375,Nitrogen dioxide (NO2),Mean,ppb,CD,201,Mott Haven and Melrose (CD1),Summer 2020,06/01/2020,15.02,
336851,375,Nitrogen dioxide (NO2),Mean,ppb,CD,402,Woodside and Sunnyside (CD2),Summer 2015,06/01/2015,16.44,
643679,375,Nitrogen dioxide (NO2),Mean,ppb,CD,402,Woodside and Sunnyside (CD2),Summer 2019,06/01/2019,18.09,
667778,375,Nitrogen dioxide (NO2),Mean,ppb,CD,402,Woodside and Sunnyside (CD2),Winter 2019-20,12/01/2019,28.09,
166017,375,Nitrogen dioxide (NO2),Mean,ppb,CD,401,Long Island City and Astoria (CD1),Winter 2012-13,12/01/2012,26,
222623,386,Ozone (O3),Mean,ppb,UHF42,410,Rockaways,Summer 2009,06/01/2009,33.59,
222617,386,Ozone (O3),Mean,ppb,UHF42,409,Southeast Queens,Summer 2009,06/01/2009,27.59,
167610,375,Nitrogen dioxide (NO2),Mean,ppb,CD,401,Long Island City and Astoria (CD1),Annual Average 2010,12/01/2009,23.5,
336848,375,Nitrogen dioxide (NO2),Mean,ppb,CD,401,Long Island City and Astoria (CD1),Summer 2015,06/01/2015,15.93,
667670,375,Nitrogen dioxide (NO2),Mean,ppb,CD,302,Fort Greene and Brooklyn Heights (CD2),Winter 2019-20,12/01/2019,29,
167593,375,Nitrogen dioxide (NO2),Mean,ppb,CD,302,Fort Greene and Brooklyn Heights (CD2),Annual Average 2010,12/01/2009,27.14,
166000,375,Nitrogen dioxide (NO2),Mean,ppb,CD,302,Fort Greene and Brooklyn Heights (CD2),Winter 2012-13,12/01/2012,28.67,
151735,645,Annual vehicle miles travelled (trucks),million miles,per km2,UHF42,210,Coney Island - Sheepshead Bay,2005,01/01/2005,0.6,
325088,645,Annual vehicle miles travelled (trucks),million miles,per km2,Borough,3,Manhattan,2016,01/01/2016,2.5,
325118,645,Annual vehicle miles travelled (trucks),million miles,per km2,UHF42,310,Lower Manhattan,2016,01/01/2016,1.1,
151745,645,Annual vehicle miles travelled (trucks),million miles,per km2,UHF42,309,Union Square - Lower East Side,2005,01/01/2005,3.2,
325147,645,Annual vehicle miles travelled (trucks),million miles,per km2,CD,202,Hunts Point and Longwood (CD2),2016,01/01/2016,1.1,
643625,375,Nitrogen dioxide (NO2),Mean,ppb,CD,302,Fort Greene and Brooklyn Heights (CD2),Summer 2019,06/01/2019,18.02,
165999,375,Nitrogen dioxide (NO2),Mean,ppb,CD,301,Greenpoint and Williamsburg (CD1),Winter 2012-13,12/01/2012,27.64,
167592,375,Nitrogen dioxide (NO2),Mean,ppb,CD,301,Greenpoint and Williamsburg (CD1),Annual Average 2010,12/01/2009,25.16,
336794,375,Nitrogen dioxide (NO2),Mean,ppb,CD,301,Greenpoint and Williamsburg (CD1),Summer 2015,06/01/2015,17,
643622,375,Nitrogen dioxide (NO2),Mean,ppb,CD,301,Greenpoint and Williamsburg (CD1),Summer 2019,06/01/2019,19.2,
667664,375,Nitrogen dioxide (NO2),Mean,ppb,CD,301,Greenpoint and Williamsburg (CD1),Winter 2019-20,12/01/2019,29.38,
603077,375,Nitrogen dioxide (NO2),Mean,ppb,CD,407,Flushing and Whitestone (CD7),Annual Average 2018,01/01/2018,17.62,
741269,375,Nitrogen dioxide (NO2),Mean,ppb,CD,407,Flushing and Whitestone (CD7),Summer 2021,06/01/2021,11.67,
166908,375,Nitrogen dioxide (NO2),Mean,ppb,CD,407,Flushing and Whitestone (CD7),Summer 2013,06/01/2013,15.58,
338297,386,Ozone (O3),Mean,ppb,CD,407,Flushing and Whitestone (CD7),Summer 2015,06/01/2015,31.92,
213455,375,Nitrogen dioxide (NO2),Mean,ppb,CD,414,Rockaway and Broad Channel (CD14),Summer 2014,06/01/2014,7.33,
336886,375,Nitrogen dioxide (NO2),Mean,ppb,CD,414,Rockaway and Broad Channel (CD14),Annual Average 2015,01/01/2015,13.44,
667807,375,Nitrogen dioxide (NO2),Mean,ppb,CD,407,Flushing and Whitestone (CD7),Annual Average 2020,01/01/2020,15.61,
167557,375,Nitrogen dioxide (NO2),Mean,ppb,CD,407,Flushing and Whitestone (CD7),Annual Average 2009,12/01/2008,22.68,
651054,386,Ozone (O3),Mean,ppb,CD,414,Rockaway and Broad Channel (CD14),Summer 2019,06/01/2019,37.53,
338304,386,Ozone (O3),Mean,ppb,CD,414,Rockaway and Broad Channel (CD14),Summer 2015,06/01/2015,37.54,
336812,375,Nitrogen dioxide (NO2),Mean,ppb,CD,307,Sunset Park (CD7),Summer 2015,06/01/2015,15.09,
743619,386,Ozone (O3),Mean,ppb,CD,307,Sunset Park (CD7),Summer 2021,06/01/2021,28.94,
216570,386,Ozone (O3),Mean,ppb,CD,407,Flushing and Whitestone (CD7),Summer 2013,06/01/2013,31.46,
216569,386,Ozone (O3),Mean,ppb,CD,407,Flushing and Whitestone (CD7),Summer 2012,06/01/2012,34.48,
741290,375,Nitrogen dioxide (NO2),Mean,ppb,CD,414,Rockaway and Broad Channel (CD14),Summer 2021,06/01/2021,4.85,
167704,375,Nitrogen dioxide (NO2),Mean,ppb,CD,207,Kingsbridge Heights and Bedford (CD7),Annual Average 2012,12/01/2011,22.46,
167741,375,Nitrogen dioxide (NO2),Mean,ppb,CD,414,Rockaway and Broad Channel (CD14),Annual Average 2012,12/01/2011,13,
167734,375,Nitrogen dioxide (NO2),Mean,ppb,CD,407,Flushing and Whitestone (CD7),Annual Average 2012,12/01/2011,19.82,
"151592,661,Asthma hospitalizations due to Ozone,Estimated annual rate (age 18+),""per 100,000 adults"",UHF42,211,Williamsburg - Bushwick,2009-2011,01/01/2009,13.6,"
"131404,657,Asthma emergency department visits due to PM2.5,Estimated annual rate (age 18+),""per 100,000 adults"",UHF42,504,South Beach - Tottenville,2009-2011,01/01/2009,11.8,"
"131394,657,Asthma emergency department visits due to PM2.5,Estimated annual rate (age 18+),""per 100,000 adults"",UHF42,404,Bayside - Little Neck,2009-2011,01/01/2009,6.7,"
"131332,661,Asthma hospitalizations due to Ozone,Estimated annual rate (age 18+),""per 100,000 adults"",UHF42,211,Williamsburg - Bushwick,2005-2007,01/01/2005,19.8,"
741291,375,Nitrogen dioxide (NO2),Mean,ppb,CD,414,Rockaway and Broad Channel (CD14),Annual Average 2021,01/01/2021,11.34,
165905,375,Nitrogen dioxide (NO2),Mean,ppb,CD,407,Flushing and Whitestone (CD7),Winter 2010-11,12/01/2010,29.01,
166849,375,Nitrogen dioxide (NO2),Mean,ppb,CD,407,Flushing and Whitestone (CD7),Summer 2012,06/01/2012,16.44,
166838,375,Nitrogen dioxide (NO2),Mean,ppb,CD,314,Flatbush and Midwood (CD14),Summer 2012,06/01/2012,16.21,
166897,375,Nitrogen dioxide (NO2),Mean,ppb,CD,314,Flatbush and Midwood (CD14),Summer 2013,06/01/2013,15.58,
412771,375,Nitrogen dioxide (NO2),Mean,ppb,CD,314,Flatbush and Midwood (CD14),Annual Average 2016,12/31/2015,18.29,
603044,375,Nitrogen dioxide (NO2),Mean,ppb,CD,314,Flatbush and Midwood (CD14),Annual Average 2018,01/01/2018,17.28,
741236,375,Nitrogen dioxide (NO2),Mean,ppb,CD,314,Flatbush and Midwood (CD14),Summer 2021,06/01/2021,10.5,
"518929,648,Asthma emergency department visits due to PM2.5,Estimated annual rate (under age 18),""per 100,000 children"",UHF42,504,South Beach - Tottenville,2012-2014,01/02/2012,19.59,"
"131442,648,Asthma emergency department visits due to PM2.5,Estimated annual rate (under age 18),""per 100,000 children"",UHF42,404,Bayside - Little Neck,2009-2011,01/01/2009,22.1,"
"628478,648,Asthma emergency department visits due to PM2.5,Estimated annual rate (under age 18),""per 100,000 children"",UHF42,504,South Beach - Tottenville,2015-2017,01/01/2015,13.7,"
"518919,648,Asthma emergency department visits due to PM2.5,Estimated annual rate (under age 18),""per 100,000 children"",UHF42,404,Bayside - Little Neck,2012-2014,01/02/2012,13.44,"
"628468,648,Asthma emergency department visits due to PM2.5,Estimated annual rate (under age 18),""per 100,000 children"",UHF42,404,Bayside - Little Neck,2015-2017,01/01/2015,12.2,"
"130797,648,Asthma emergency department visits due to PM2.5,Estimated annual rate (under age 18),""per 100,000 children"",UHF42,204,East New York,2005-2007,01/01/2005,175.6,"
216388,386,Ozone (O3),Mean,ppb,CD,207,Kingsbridge Heights and Bedford (CD7),Summer 2011,06/01/2011,31.43,
216387,386,Ozone (O3),Mean,ppb,CD,207,Kingsbridge Heights and Bedford (CD7),Summer 2010,06/01/2010,31.87,
412119,386,Ozone (O3),Mean,ppb,CD,407,Flushing and Whitestone (CD7),Summer 2016,06/01/2016,33.48,
741214,375,Nitrogen dioxide (NO2),Mean,ppb,CD,307,Sunset Park (CD7),Winter 2020-21,12/01/2020,23.44,
412823,375,Nitrogen dioxide (NO2),Mean,ppb,CD,414,Rockaway and Broad Channel (CD14),Winter 2015-16,12/01/2015,17.89,
741268,375,Nitrogen dioxide (NO2),Mean,ppb,CD,407,Flushing and Whitestone (CD7),Winter 2020-21,12/01/2020,20.07,
166731,375,Nitrogen dioxide (NO2),Mean,ppb,CD,407,Flushing and Whitestone (CD7),Summer 2010,06/01/2010,17.79,
166890,375,Nitrogen dioxide (NO2),Mean,ppb,CD,307,Sunset Park (CD7),Summer 2013,06/01/2013,16.96,
166831,375,Nitrogen dioxide (NO2),Mean,ppb,CD,307,Sunset Park (CD7),Summer 2012,06/01/2012,17.21,
412750,375,Nitrogen dioxide (NO2),Mean,ppb,CD,307,Sunset Park (CD7),Annual Average 2016,12/31/2015,19.44,
603023,375,Nitrogen dioxide (NO2),Mean,ppb,CD,307,Sunset Park (CD7),Annual Average 2018,01/01/2018,19.76,
166878,375,Nitrogen dioxide (NO2),Mean,ppb,CD,207,Kingsbridge Heights and Bedford (CD7),Summer 2013,06/01/2013,17.67,
166819,375,Nitrogen dioxide (NO2),Mean,ppb,CD,207,Kingsbridge Heights and Bedford (CD7),Summer 2012,06/01/2012,18.61,
336867,375,Nitrogen dioxide (NO2),Mean,ppb,CD,407,Flushing and Whitestone (CD7),Winter 2014-15,12/01/2014,23.97,
325296,643,Annual vehicle miles traveled,million miles,per km2,CD,414,Rockaway and Broad Channel (CD14),2016,01/01/2016,6.9,
154608,643,Annual vehicle miles traveled,million miles,per km2,CD,407,Flushing and Whitestone (CD7),2005,01/01/2005,20.9,
151664,643,Annual vehicle miles traveled,million miles,per km2,UHF42,504,South Beach - Tottenville,2005,01/01/2005,6.2,
325239,643,Annual vehicle miles traveled,million miles,per km2,UHF42,504,South Beach - Tottenville,2016,01/01/2016,6.6,
151654,643,Annual vehicle miles traveled,million miles,per km2,UHF42,404,Bayside - Little Neck,2005,01/01/2005,33.8,
325289,643,Annual vehicle miles traveled,million miles,per km2,CD,407,Flushing and Whitestone (CD7),2016,01/01/2016,20.8,
154597,643,Annual vehicle miles traveled,million miles,per km2,CD,314,Flatbush and Midwood (CD14),2005,01/01/2005,25.2,
122029,386,Ozone (O3),Mean,ppb,UHF42,404,Bayside - Little Neck,2-Year Summer Average 2009-2010,06/01/2009,28.51,
222590,386,Ozone (O3),Mean,ppb,UHF42,404,Bayside - Little Neck,Summer 2012,06/01/2012,33.84,
222506,386,Ozone (O3),Mean,ppb,UHF42,211,Williamsburg - Bushwick,Summer 2012,06/01/2012,32.28,
176046,375,Nitrogen dioxide (NO2),Mean,ppb,UHF42,504,South Beach - Tottenville,Summer 2012,06/01/2012,8.15,
412552,375,Nitrogen dioxide (NO2),Mean,ppb,UHF42,504,South Beach - Tottenville,Annual Average 2016,12/31/2015,11.52,
602825,375,Nitrogen dioxide (NO2),Mean,ppb,UHF42,504,South Beach - Tottenville,Annual Average 2018,01/01/2018,11.05,
741017,375,Nitrogen dioxide (NO2),Mean,ppb,UHF42,504,South Beach - Tottenville,Summer 2021,06/01/2021,5.36,
176078,375,Nitrogen dioxide (NO2),Mean,ppb,UHF42,404,Bayside - Little Neck,Summer 2013,06/01/2013,14.07,
176036,375,Nitrogen dioxide (NO2),Mean,ppb,UHF42,404,Bayside - Little Neck,Summer 2012,06/01/2012,14.59,
740987,375,Nitrogen dioxide (NO2),Mean,ppb,UHF42,404,Bayside - Little Neck,Summer 2021,06/01/2021,9.97,
176676,375,Nitrogen dioxide (NO2),Mean,ppb,UHF42,504,South Beach - Tottenville,Annual Average 2012,12/01/2011,12.47,
176666,375,Nitrogen dioxide (NO2),Mean,ppb,UHF42,404,Bayside - Little Neck,Annual Average 2012,12/01/2011,17.46,
176652,375,Nitrogen dioxide (NO2),Mean,ppb,UHF42,211,Williamsburg - Bushwick,Annual Average 2012,12/01/2011,23.43,
166661,375,Nitrogen dioxide (NO2),Mean,ppb,CD,314,Flatbush and Midwood (CD14),Summer 2009,06/01/2009,20.75,
165894,375,Nitrogen dioxide (NO2),Mean,ppb,CD,314,Flatbush and Midwood (CD14),Winter 2010-11,12/01/2010,29.67,
167782,375,Nitrogen dioxide (NO2),Mean,ppb,CD,314,Flatbush and Midwood (CD14),Annual Average 2013,12/01/2012,19.85,
336834,375,Nitrogen dioxide (NO2),Mean,ppb,CD,314,Flatbush and Midwood (CD14),Winter 2014-15,12/01/2014,25.35,
550103,375,Nitrogen dioxide (NO2),Mean,ppb,CD,314,Flatbush and Midwood (CD14),Annual Average 2017,01/01/2017,18.32,
741237,375,Nitrogen dioxide (NO2),Mean,ppb,CD,314,Flatbush and Midwood (CD14),Annual Average 2021,01/01/2021,16.17,
213632,375,Nitrogen dioxide (NO2),Mean,ppb,CD,414,Rockaway and Broad Channel (CD14),Annual Average 2014,12/01/2013,13.66,
603099,375,Nitrogen dioxide (NO2),Mean,ppb,CD,414,Rockaway and Broad Channel (CD14),Summer 2018,06/01/2018,6.6,
550137,375,Nitrogen dioxide (NO2),Mean,ppb,CD,407,Flushing and Whitestone (CD7),Winter 2016-17,12/01/2016,25.43,
550135,375,Nitrogen dioxide (NO2),Mean,ppb,CD,407,Flushing and Whitestone (CD7),Summer 2017,06/01/2017,13.89,
603078,375,Nitrogen dioxide (NO2),Mean,ppb,CD,407,Flushing and Whitestone (CD7),Summer 2018,06/01/2018,12.9,
667809,375,Nitrogen dioxide (NO2),Mean,ppb,CD,407,Flushing and Whitestone (CD7),Summer 2020,06/01/2020,11.06,
165846,375,Nitrogen dioxide (NO2),Mean,ppb,CD,407,Flushing and Whitestone (CD7),Winter 2009-10,12/01/2009,24.83,
550156,375,Nitrogen dioxide (NO2),Mean,ppb,CD,414,Rockaway and Broad Channel (CD14),Summer 2017,06/01/2017,7.68,
550158,375,Nitrogen dioxide (NO2),Mean,ppb,CD,414,Rockaway and Broad Channel (CD14),Winter 2016-17,12/01/2016,20.94,
"518977,657,Asthma emergency department visits due to PM2.5,Estimated annual rate (age 18+),""per 100,000 adults"",UHF42,504,South Beach - Tottenville,2012-2014,01/02/2012,12.32,"
"628526,657,Asthma emergency department visits due to PM2.5,Estimated annual rate (age 18+),""per 100,000 adults"",UHF42,504,South Beach - Tottenville,2015-2017,01/01/2015,9.2,"
"518967,657,Asthma emergency department visits due to PM2.5,Estimated annual rate (age 18+),""per 100,000 adults"",UHF42,404,Bayside - Little Neck,2012-2014,01/02/2012,6.63,"
"628516,657,Asthma emergency department visits due to PM2.5,Estimated annual rate (age 18+),""per 100,000 adults"",UHF42,404,Bayside - Little Neck,2015-2017,01/01/2015,4.9,"
"518953,657,Asthma emergency department visits due to PM2.5,Estimated annual rate (age 18+),""per 100,000 adults"",UHF42,211,Williamsburg - Bushwick,2012-2014,01/02/2012,97.15,"
"518571,659,Asthma emergency departments visits due to Ozone,Estimated annual rate (age 18+),""per 100,000 adults"",UHF42,302,Central Harlem - Morningside Heights,2012-2014,01/02/2012,136.2,"
"628936,659,Asthma emergency departments visits due to Ozone,Estimated annual rate (age 18+),""per 100,000 adults"",UHF42,302,Central Harlem - Morningside Heights,2015-2017,01/01/2015,121.4,"
549786,375,Nitrogen dioxide (NO2),Mean,ppb,UHF42,202,Downtown - Heights - Slope,Winter 2016-17,12/01/2016,26.27,
549784,375,Nitrogen dioxide (NO2),Mean,ppb,UHF42,202,Downtown - Heights - Slope,Summer 2017,06/01/2017,16.62,
667107,375,Nitrogen dioxide (NO2),Mean,ppb,UHF42,202,Downtown - Heights - Slope,Summer 2020,06/01/2020,12.96,
602727,375,Nitrogen dioxide (NO2),Mean,ppb,UHF42,202,Downtown - Heights - Slope,Summer 2018,06/01/2018,16.37,
605764,365,Fine particles (PM 2.5),Mean,mcg/m3,UHF42,406,Fresh Meadows,Winter 2017-18,12/01/2017,7.6,
649859,365,Fine particles (PM 2.5),Mean,mcg/m3,UHF34,407,Southwest Queens,Summer 2019,06/01/2019,7.54,
742320,365,Fine particles (PM 2.5),Mean,mcg/m3,UHF34,207,East Flatbush - Flatbush,Annual Average 2021,01/01/2021,6.44,
742319,365,Fine particles (PM 2.5),Mean,mcg/m3,UHF34,207,East Flatbush - Flatbush,Summer 2021,06/01/2021,8.3,
605819,365,Fine particles (PM 2.5),Mean,mcg/m3,UHF34,207,East Flatbush - Flatbush,Annual Average 2018,01/01/2018,7.04,
176570,375,Nitrogen dioxide (NO2),Mean,ppb,UHF42,302,Central Harlem - Morningside Heights,Annual Average 2010,12/01/2009,27.83,
175436,375,Nitrogen dioxide (NO2),Mean,ppb,UHF42,302,Central Harlem - Morningside Heights,Winter 2012-13,12/01/2012,29.88,
176574,375,Nitrogen dioxide (NO2),Mean,ppb,UHF42,306,Chelsea - Clinton,Annual Average 2010,12/01/2009,36.03,
175440,375,Nitrogen dioxide (NO2),Mean,ppb,UHF42,306,Chelsea - Clinton,Winter 2012-13,12/01/2012,35.62,
336560,375,Nitrogen dioxide (NO2),Mean,ppb,UHF42,306,Chelsea - Clinton,Summer 2015,06/01/2015,25.55,
643388,375,Nitrogen dioxide (NO2),Mean,ppb,UHF42,306,Chelsea - Clinton,Summer 2019,06/01/2019,24.86,
412451,375,Nitrogen dioxide (NO2),Mean,ppb,UHF42,202,Downtown - Heights - Slope,Winter 2015-16,12/01/2015,25.72,
740917,375,Nitrogen dioxide (NO2),Mean,ppb,UHF42,202,Downtown - Heights - Slope,Winter 2020-21,12/01/2020,23.9,
669780,365,Fine particles (PM 2.5),Mean,mcg/m3,UHF42,302,Central Harlem - Morningside Heights,Winter 2019-20,12/01/2019,7.56,
649733,365,Fine particles (PM 2.5),Mean,mcg/m3,UHF42,306,Chelsea - Clinton,Summer 2019,06/01/2019,11.24,
742318,365,Fine particles (PM 2.5),Mean,mcg/m3,UHF34,207,East Flatbush - Flatbush,Winter 2020-21,12/01/2020,6.65,
410892,365,Fine particles (PM 2.5),Mean,mcg/m3,UHF34,207,East Flatbush - Flatbush,Summer 2016,06/01/2016,8.12,
173677,365,Fine particles (PM 2.5),Mean,mcg/m3,UHF34,207,East Flatbush - Flatbush,Summer 2011,06/01/2011,11.42,
173643,365,Fine particles (PM 2.5),Mean,mcg/m3,UHF34,207,East Flatbush - Flatbush,Summer 2010,06/01/2010,11.81,
669813,365,Fine particles (PM 2.5),Mean,mcg/m3,UHF42,202,Downtown - Heights - Slope,Winter 2019-20,12/01/2019,8.55,
649688,365,Fine particles (PM 2.5),Mean,mcg/m3,UHF42,202,Downtown - Heights - Slope,Summer 2019,06/01/2019,8.9,
177288,365,Fine particles (PM 2.5),Mean,mcg/m3,UHF42,306,Chelsea - Clinton,Winter 2011-12,12/01/2011,12.42,
174255,365,Fine particles (PM 2.5),Mean,mcg/m3,UHF34,207,East Flatbush - Flatbush,Annual Average 2013,12/01/2012,8.6,
173167,365,Fine particles (PM 2.5),Mean,mcg/m3,UHF34,207,East Flatbush - Flatbush,Winter 2010-11,12/01/2010,12.62,
173609,365,Fine particles (PM 2.5),Mean,mcg/m3,UHF34,207,East Flatbush - Flatbush,Summer 2009,06/01/2009,10.81,
"628502,657,Asthma emergency department visits due to PM2.5,Estimated annual rate (age 18+),""per 100,000 adults"",UHF42,211,Williamsburg - Bushwick,2015-2017,01/01/2015,67.3,"
"518957,657,Asthma emergency department visits due to PM2.5,Estimated annual rate (age 18+),""per 100,000 adults"",UHF42,304,Upper West Side,2012-2014,01/02/2012,23.49,"
168678,365,Fine particles (PM 2.5),Mean,mcg/m3,CD,407,Flushing and Whitestone (CD7),Winter 2012-13,12/01/2012,9.94,
334349,365,Fine particles (PM 2.5),Mean,mcg/m3,CD,414,Rockaway and Broad Channel (CD14),Summer 2015,06/01/2015,8.28,
650060,365,Fine particles (PM 2.5),Mean,mcg/m3,CD,414,Rockaway and Broad Channel (CD14),Summer 2019,06/01/2019,7.02,
669974,365,Fine particles (PM 2.5),Mean,mcg/m3,CD,414,Rockaway and Broad Channel (CD14),Winter 2019-20,12/01/2019,6.12,
176022,375,Nitrogen dioxide (NO2),Mean,ppb,UHF42,211,Williamsburg - Bushwick,Summer 2012,06/01/2012,19.53,
412480,375,Nitrogen dioxide (NO2),Mean,ppb,UHF42,211,Williamsburg - Bushwick,Annual Average 2016,12/31/2015,20.82,
602753,375,Nitrogen dioxide (NO2),Mean,ppb,UHF42,211,Williamsburg - Bushwick,Annual Average 2018,01/01/2018,20.95,
412492,375,Nitrogen dioxide (NO2),Mean,ppb,UHF42,304,Upper West Side,Annual Average 2016,12/31/2015,23.15,
602765,375,Nitrogen dioxide (NO2),Mean,ppb,UHF42,304,Upper West Side,Annual Average 2018,01/01/2018,22.22,
740957,375,Nitrogen dioxide (NO2),Mean,ppb,UHF42,304,Upper West Side,Summer 2021,06/01/2021,15.66,
170359,365,Fine particles (PM 2.5),Mean,mcg/m3,CD,207,Kingsbridge Heights and Bedford (CD7),Annual Average 2012,12/01/2011,9.82,
170389,365,Fine particles (PM 2.5),Mean,mcg/m3,CD,407,Flushing and Whitestone (CD7),Annual Average 2012,12/01/2011,8.93,
170396,365,Fine particles (PM 2.5),Mean,mcg/m3,CD,414,Rockaway and Broad Channel (CD14),Annual Average 2012,12/01/2011,7.36,
"130924,650,Respiratory hospitalizations due to PM2.5 (age 20+),Estimated annual rate,""per 100,000 adults"",UHF42,504,South Beach - Tottenville,2005-2007,01/01/2005,15.2,"
"628550,650,Respiratory hospitalizations due to PM2.5 (age 20+),Estimated annual rate,""per 100,000 adults"",UHF42,211,Williamsburg - Bushwick,2015-2017,01/01/2015,11,"
"518813,650,Respiratory hospitalizations due to PM2.5 (age 20+),Estimated annual rate,""per 100,000 adults"",UHF42,304,Upper West Side,2012-2014,01/02/2012,10.19,"
"518802,650,Respiratory hospitalizations due to PM2.5 (age 20+),Estimated annual rate,""per 100,000 adults"",UHF42,204,East New York,2012-2014,01/02/2012,13.96,"
"628622,651,Cardiovascular hospitalizations due to PM2.5 (age 40+),Estimated annual rate,""per 100,000 adults"",UHF42,504,South Beach - Tottenville,2015-2017,01/01/2015,15.6,"
"518871,651,Cardiovascular hospitalizations due to PM2.5 (age 40+),Estimated annual rate,""per 100,000 adults"",UHF42,404,Bayside - Little Neck,2012-2014,01/02/2012,8.66,"
"628612,651,Cardiovascular hospitalizations due to PM2.5 (age 40+),Estimated annual rate,""per 100,000 adults"",UHF42,404,Bayside - Little Neck,2015-2017,01/01/2015,11.7,"
213791,365,Fine particles (PM 2.5),Mean,mcg/m3,CD,314,Flatbush and Midwood (CD14),Winter 2013-14,12/01/2013,11.62,
605986,365,Fine particles (PM 2.5),Mean,mcg/m3,CD,307,Sunset Park (CD7),Winter 2017-18,12/01/2017,9.3,
606061,365,Fine particles (PM 2.5),Mean,mcg/m3,CD,414,Rockaway and Broad Channel (CD14),Winter 2017-18,12/01/2017,7,
650059,365,Fine particles (PM 2.5),Mean,mcg/m3,CD,414,Rockaway and Broad Channel (CD14),Annual Average 2019,01/01/2019,5.59,
168449,365,Fine particles (PM 2.5),Mean,mcg/m3,CD,414,Rockaway and Broad Channel (CD14),Winter 2008-09,12/01/2008,10.19,
213809,365,Fine particles (PM 2.5),Mean,mcg/m3,CD,414,Rockaway and Broad Channel (CD14),Winter 2013-14,12/01/2013,9.87,
606040,365,Fine particles (PM 2.5),Mean,mcg/m3,CD,407,Flushing and Whitestone (CD7),Winter 2017-18,12/01/2017,7.96,
334110,365,Fine particles (PM 2.5),Mean,mcg/m3,UHF34,207,East Flatbush - Flatbush,Winter 2014-15,12/01/2014,8.84,
669779,365,Fine particles (PM 2.5),Mean,mcg/m3,UHF42,302,Central Harlem - Morningside Heights,Summer 2020,06/01/2020,7.36,
170262,365,Fine particles (PM 2.5),Mean,mcg/m3,CD,316,Brownsville (CD16),Annual Average 2010,12/01/2009,10,
177876,365,Fine particles (PM 2.5),Mean,mcg/m3,UHF42,306,Chelsea - Clinton,Summer 2011,06/01/2011,14.24,
177834,365,Fine particles (PM 2.5),Mean,mcg/m3,UHF42,306,Chelsea - Clinton,Summer 2010,06/01/2010,14.8,
130405,640,Boiler Emissions- Total SO2 Emissions,Number per km2,number,UHF42,202,Downtown - Heights - Slope,2013,01/01/2013,0.8,
336548,375,Nitrogen dioxide (NO2),Mean,ppb,UHF42,302,Central Harlem - Morningside Heights,Summer 2015,06/01/2015,19.02,
643376,375,Nitrogen dioxide (NO2),Mean,ppb,UHF42,302,Central Harlem - Morningside Heights,Summer 2019,06/01/2019,16.78,
667754,375,Nitrogen dioxide (NO2),Mean,ppb,CD,316,Brownsville (CD16),Winter 2019-20,12/01/2019,26.94,
166014,375,Nitrogen dioxide (NO2),Mean,ppb,CD,316,Brownsville (CD16),Winter 2012-13,12/01/2012,26.37,
167607,375,Nitrogen dioxide (NO2),Mean,ppb,CD,316,Brownsville (CD16),Annual Average 2010,12/01/2009,24.03,
336839,375,Nitrogen dioxide (NO2),Mean,ppb,CD,316,Brownsville (CD16),Summer 2015,06/01/2015,15,
177854,365,Fine particles (PM 2.5),Mean,mcg/m3,UHF42,102,Northeast Bronx,Summer 2011,06/01/2011,11.39,
177812,365,Fine particles (PM 2.5),Mean,mcg/m3,UHF42,102,Northeast Bronx,Summer 2010,06/01/2010,11.83,
410739,365,Fine particles (PM 2.5),Mean,mcg/m3,UHF42,102,Northeast Bronx,Summer 2016,06/01/2016,7.93,
410738,365,Fine particles (PM 2.5),Mean,mcg/m3,UHF42,102,Northeast Bronx,Winter 2015-16,12/01/2015,8.31,
547685,365,Fine particles (PM 2.5),Mean,mcg/m3,CD,305,East New York and Starrett City (CD5),Winter 2016-17,12/01/2016,8.09,
168469,365,Fine particles (PM 2.5),Mean,mcg/m3,CD,205,Fordham and University Heights (CD5),Winter 2009-10,12/01/2009,12.84,
168587,365,Fine particles (PM 2.5),Mean,mcg/m3,CD,205,Fordham and University Heights (CD5),Winter 2011-12,12/01/2011,11.43,
214124,365,Fine particles (PM 2.5),Mean,mcg/m3,CD,205,Fordham and University Heights (CD5),Annual Average 2014,12/01/2013,10.07,
547649,365,Fine particles (PM 2.5),Mean,mcg/m3,CD,205,Fordham and University Heights (CD5),Winter 2016-17,12/01/2016,8.72,
547647,365,Fine particles (PM 2.5),Mean,mcg/m3,CD,205,Fordham and University Heights (CD5),Summer 2017,06/01/2017,10.24,
130478,641,Boiler Emissions- Total PM2.5 Emissions,Number per km2,number,UHF42,406,Fresh Meadows,2013,01/01/2013,0.5,
130526,642,Boiler Emissions- Total NOx Emissions,Number per km2,number,UHF42,406,Fresh Meadows,2013,01/01/2013,15.3,
130468,641,Boiler Emissions- Total PM2.5 Emissions,Number per km2,number,UHF42,306,Chelsea - Clinton,2013,01/01/2013,7.7,
130516,642,Boiler Emissions- Total NOx Emissions,Number per km2,number,UHF42,306,Chelsea - Clinton,2013,01/01/2013,204.8,
605943,365,Fine particles (PM 2.5),Mean,mcg/m3,CD,205,Fordham and University Heights (CD5),Summer 2018,06/01/2018,9.04,
669858,365,Fine particles (PM 2.5),Mean,mcg/m3,CD,205,Fordham and University Heights (CD5),Summer 2020,06/01/2020,7.3,
222599,386,Ozone (O3),Mean,ppb,UHF42,406,Fresh Meadows,Summer 2009,06/01/2009,25.43,
165991,375,Nitrogen dioxide (NO2),Mean,ppb,CD,205,Fordham and University Heights (CD5),Winter 2012-13,12/01/2012,28.41,
151752,645,Annual vehicle miles travelled (trucks),million miles,per km2,UHF42,406,Fresh Meadows,2005,01/01/2005,2.1,
151727,645,Annual vehicle miles travelled (trucks),million miles,per km2,UHF42,202,Downtown - Heights - Slope,2005,01/01/2005,2.7,
213586,375,Nitrogen dioxide (NO2),Mean,ppb,CD,110,Central Harlem (CD10),Annual Average 2014,12/01/2013,23.97,
550018,375,Nitrogen dioxide (NO2),Mean,ppb,CD,110,Central Harlem (CD10),Summer 2017,06/01/2017,18.96,
667575,375,Nitrogen dioxide (NO2),Mean,ppb,CD,110,Central Harlem (CD10),Summer 2020,06/01/2020,14.74,
165809,375,Nitrogen dioxide (NO2),Mean,ppb,CD,112,Washington Heights and Inwood (CD12),Winter 2009-10,12/01/2009,25.79,
165927,375,Nitrogen dioxide (NO2),Mean,ppb,CD,112,Washington Heights and Inwood (CD12),Winter 2011-12,12/01/2011,25.45,
165923,375,Nitrogen dioxide (NO2),Mean,ppb,CD,108,Upper East Side (CD8),Winter 2011-12,12/01/2011,30.63,
165805,375,Nitrogen dioxide (NO2),Mean,ppb,CD,108,Upper East Side (CD8),Winter 2009-10,12/01/2009,33.1,
213584,375,Nitrogen dioxide (NO2),Mean,ppb,CD,108,Upper East Side (CD8),Annual Average 2014,12/01/2013,27.75,
550014,375,Nitrogen dioxide (NO2),Mean,ppb,CD,108,Upper East Side (CD8),Winter 2016-17,12/01/2016,30.3,
550012,375,Nitrogen dioxide (NO2),Mean,ppb,CD,108,Upper East Side (CD8),Summer 2017,06/01/2017,22.04,
602955,375,Nitrogen dioxide (NO2),Mean,ppb,CD,108,Upper East Side (CD8),Summer 2018,06/01/2018,19.98,
667587,375,Nitrogen dioxide (NO2),Mean,ppb,CD,112,Washington Heights and Inwood (CD12),Summer 2020,06/01/2020,13.98,
336821,375,Nitrogen dioxide (NO2),Mean,ppb,CD,310,Bay Ridge and Dyker Heights (CD10),Summer 2015,06/01/2015,14.15,
667718,375,Nitrogen dioxide (NO2),Mean,ppb,CD,310,Bay Ridge and Dyker Heights (CD10),Winter 2019-20,12/01/2019,24.36,
175298,375,Nitrogen dioxide (NO2),Mean,ppb,UHF42,201,Greenpoint,Winter 2009-10,12/01/2009,28.07,
175382,375,Nitrogen dioxide (NO2),Mean,ppb,UHF42,201,Greenpoint,Winter 2011-12,12/01/2011,26.94,
212549,375,Nitrogen dioxide (NO2),Mean,ppb,UHF42,201,Greenpoint,Annual Average 2014,12/01/2013,22.43,
549783,375,Nitrogen dioxide (NO2),Mean,ppb,UHF42,201,Greenpoint,Winter 2016-17,12/01/2016,26.74,
602724,375,Nitrogen dioxide (NO2),Mean,ppb,UHF42,201,Greenpoint,Summer 2018,06/01/2018,17.47,
667101,375,Nitrogen dioxide (NO2),Mean,ppb,UHF42,201,Greenpoint,Summer 2020,06/01/2020,14.72,
643649,375,Nitrogen dioxide (NO2),Mean,ppb,CD,310,Bay Ridge and Dyker Heights (CD10),Summer 2019,06/01/2019,14.04,
151719,645,Annual vehicle miles travelled (trucks),million miles,per km2,UHF42,101,Kingsbridge - Riverdale,2005,01/01/2005,1.9,
151737,645,Annual vehicle miles travelled (trucks),million miles,per km2,UHF42,301,Washington Heights,2005,01/01/2005,1.6,
325091,645,Annual vehicle miles travelled (trucks),million miles,per km2,UHF42,101,Kingsbridge - Riverdale,2016,01/01/2016,2.3,
325205,643,Annual vehicle miles traveled,million miles,per km2,UHF42,201,Greenpoint,2016,01/01/2016,29.7,
325167,645,Annual vehicle miles travelled (trucks),million miles,per km2,CD,310,Bay Ridge and Dyker Heights (CD10),2016,01/01/2016,1.6,
154475,645,Annual vehicle miles travelled (trucks),million miles,per km2,CD,310,Bay Ridge and Dyker Heights (CD10),2005,01/01/2005,1.8,
166010,375,Nitrogen dioxide (NO2),Mean,ppb,CD,312,Borough Park (CD12),Winter 2012-13,12/01/2012,25.9,
167603,375,Nitrogen dioxide (NO2),Mean,ppb,CD,312,Borough Park (CD12),Annual Average 2010,12/01/2009,23.77,
165998,375,Nitrogen dioxide (NO2),Mean,ppb,CD,212,Williamsbridge and Baychester (CD12),Winter 2012-13,12/01/2012,21.97,
336785,375,Nitrogen dioxide (NO2),Mean,ppb,CD,210,Throgs Neck and Co-op City (CD10),Summer 2015,06/01/2015,14.56,
643613,375,Nitrogen dioxide (NO2),Mean,ppb,CD,210,Throgs Neck and Co-op City (CD10),Summer 2019,06/01/2019,12.27,
602756,375,Nitrogen dioxide (NO2),Mean,ppb,UHF42,301,Washington Heights,Annual Average 2018,01/01/2018,19.73,
740948,375,Nitrogen dioxide (NO2),Mean,ppb,UHF42,301,Washington Heights,Summer 2021,06/01/2021,13.2,
176065,375,Nitrogen dioxide (NO2),Mean,ppb,UHF42,301,Washington Heights,Summer 2013,06/01/2013,18.97,
176023,375,Nitrogen dioxide (NO2),Mean,ppb,UHF42,301,Washington Heights,Summer 2012,06/01/2012,18.91,
176054,375,Nitrogen dioxide (NO2),Mean,ppb,UHF42,201,Greenpoint,Summer 2013,06/01/2013,18.89,
176012,375,Nitrogen dioxide (NO2),Mean,ppb,UHF42,201,Greenpoint,Summer 2012,06/01/2012,19.39,
741157,375,Nitrogen dioxide (NO2),Mean,ppb,CD,112,Washington Heights and Inwood (CD12),Winter 2020-21,12/01/2020,20.22,
166692,375,Nitrogen dioxide (NO2),Mean,ppb,CD,110,Central Harlem (CD10),Summer 2010,06/01/2010,25.56,
166751,375,Nitrogen dioxide (NO2),Mean,ppb,CD,110,Central Harlem (CD10),Summer 2011,06/01/2011,24,
412686,375,Nitrogen dioxide (NO2),Mean,ppb,CD,110,Central Harlem (CD10),Summer 2016,06/01/2016,18.21,
412685,375,Nitrogen dioxide (NO2),Mean,ppb,CD,110,Central Harlem (CD10),Winter 2015-16,12/01/2015,25.82,
741151,375,Nitrogen dioxide (NO2),Mean,ppb,CD,110,Central Harlem (CD10),Winter 2020-21,12/01/2020,21.93,
154571,643,Annual vehicle miles traveled,million miles,per km2,CD,112,Washington Heights and Inwood (CD12),2005,01/01/2005,48.6,
154567,643,Annual vehicle miles traveled,million miles,per km2,CD,108,Upper East Side (CD8),2005,01/01/2005,64,
151689,644,Annual vehicle miles travelled (cars),million miles,per km2,UHF42,301,Washington Heights,2005,01/01/2005,42.6,
325305,644,Annual vehicle miles travelled (cars),million miles,per km2,UHF42,101,Kingsbridge - Riverdale,2016,01/01/2016,26.3,
151699,644,Annual vehicle miles travelled (cars),million miles,per km2,UHF42,401,Long Island City - Astoria,2005,01/01/2005,17.3,
325343,644,Annual vehicle miles travelled (cars),million miles,per km2,UHF42,501,Port Richmond,2016,01/01/2016,6.4,
325333,644,Annual vehicle miles travelled (cars),million miles,per km2,UHF42,401,Long Island City - Astoria,2016,01/01/2016,23.5,
151678,644,Annual vehicle miles travelled (cars),million miles,per km2,UHF42,201,Greenpoint,2005,01/01/2005,28.2,
151757,645,Annual vehicle miles travelled (trucks),million miles,per km2,UHF42,501,Port Richmond,2005,01/01/2005,0.3,
325129,645,Annual vehicle miles travelled (trucks),million miles,per km2,UHF42,501,Port Richmond,2016,01/01/2016,0.5,
325119,645,Annual vehicle miles travelled (trucks),million miles,per km2,UHF42,401,Long Island City - Astoria,2016,01/01/2016,1.6,
151747,645,Annual vehicle miles travelled (trucks),million miles,per km2,UHF42,401,Long Island City - Astoria,2005,01/01/2005,1.2,
151709,644,Annual vehicle miles travelled (cars),million miles,per km2,UHF42,501,Port Richmond,2005,01/01/2005,7.3,
315608,646,Outdoor Air Toxics - Benzene,Annual average concentration,µg/m3,UHF42,301,Washington Heights,2011,01/01/2011,2.4,
130703,646,Outdoor Air Toxics - Benzene,Annual average concentration,µg/m3,UHF42,301,Washington Heights,2005,01/01/2005,4.1,
130685,646,Outdoor Air Toxics - Benzene,Annual average concentration,µg/m3,UHF42,101,Kingsbridge - Riverdale,2005,01/01/2005,2.9,
227560,647,Outdoor Air Toxics - Formaldehyde,Annual average concentration,µg/m3,CD,410,South Ozone Park and Howard Beach (CD10),2011,01/01/2011,1.9,
166753,375,Nitrogen dioxide (NO2),Mean,ppb,CD,112,Washington Heights and Inwood (CD12),Summer 2011,06/01/2011,20.26,
166694,375,Nitrogen dioxide (NO2),Mean,ppb,CD,112,Washington Heights and Inwood (CD12),Summer 2010,06/01/2010,22.35,
166749,375,Nitrogen dioxide (NO2),Mean,ppb,CD,108,Upper East Side (CD8),Summer 2011,06/01/2011,28.77,
325137,645,Annual vehicle miles travelled (trucks),million miles,per km2,CD,104,Clinton and Chelsea (CD4),2016,01/01/2016,4.4,
154447,645,Annual vehicle miles travelled (trucks),million miles,per km2,CD,106,Stuyvesant Town and Turtle Bay (CD6),2005,01/01/2005,3.8,
325139,645,Annual vehicle miles travelled (trucks),million miles,per km2,CD,106,Stuyvesant Town and Turtle Bay (CD6),2016,01/01/2016,1.8,
154489,645,Annual vehicle miles travelled (trucks),million miles,per km2,CD,406,Rego Park and Forest Hills (CD6),2005,01/01/2005,2.3,
167597,375,Nitrogen dioxide (NO2),Mean,ppb,CD,306,Park Slope and Carroll Gardens (CD6),Annual Average 2010,12/01/2009,25.87,
222641,386,Ozone (O3),Mean,ppb,UHF42,503,Willowbrook,Summer 2009,06/01/2009,26.04,
176069,375,Nitrogen dioxide (NO2),Mean,ppb,UHF42,305,Upper East Side,Summer 2013,06/01/2013,25.15,
412495,375,Nitrogen dioxide (NO2),Mean,ppb,UHF42,305,Upper East Side,Annual Average 2016,12/31/2015,24.81,
602768,375,Nitrogen dioxide (NO2),Mean,ppb,UHF42,305,Upper East Side,Annual Average 2018,01/01/2018,23.42,
741175,375,Nitrogen dioxide (NO2),Mean,ppb,CD,206,Belmont and East Tremont (CD6),Winter 2020-21,12/01/2020,20.68,
151680,644,Annual vehicle miles travelled (cars),million miles,per km2,UHF42,203,Bedford Stuyvesant - Crown Heights,2005,01/01/2005,32.6,
325314,644,Annual vehicle miles travelled (cars),million miles,per km2,UHF42,203,Bedford Stuyvesant - Crown Heights,2016,01/01/2016,25.6,
151759,645,Annual vehicle miles travelled (trucks),million miles,per km2,UHF42,503,Willowbrook,2005,01/01/2005,0.8,
325131,645,Annual vehicle miles travelled (trucks),million miles,per km2,UHF42,503,Willowbrook,2016,01/01/2016,0.7,
151739,645,Annual vehicle miles travelled (trucks),million miles,per km2,UHF42,303,East Harlem,2005,01/01/2005,2.1,
151730,645,Annual vehicle miles travelled (trucks),million miles,per km2,UHF42,205,Sunset Park,2005,01/01/2005,1.8,
325102,645,Annual vehicle miles travelled (trucks),million miles,per km2,UHF42,205,Sunset Park,2016,01/01/2016,1.7,
799782,646,Outdoor Air Toxics - Benzene,Annual average concentration,µg/m3,UHF42,203,Bedford Stuyvesant - Crown Heights,2014,01/01/2014,0.98,
130694,646,Outdoor Air Toxics - Benzene,Annual average concentration,µg/m3,UHF42,203,Bedford Stuyvesant - Crown Heights,2005,01/01/2005,2.5,
130696,646,Outdoor Air Toxics - Benzene,Annual average concentration,µg/m3,UHF42,205,Sunset Park,2005,01/01/2005,3.2,
130715,646,Outdoor Air Toxics - Benzene,Annual average concentration,µg/m3,UHF42,403,Flushing - Clearview,2005,01/01/2005,1.9,
130687,646,Outdoor Air Toxics - Benzene,Annual average concentration,µg/m3,UHF42,103,Fordham - Bronx Pk,2005,01/01/2005,2.7,
130717,646,Outdoor Air Toxics - Benzene,Annual average concentration,µg/m3,UHF42,405,Ridgewood - Forest Hills,2005,01/01/2005,2,
130763,647,Outdoor Air Toxics - Formaldehyde,Annual average concentration,µg/m3,UHF42,403,Flushing - Clearview,2005,01/01/2005,2.7,
227512,647,Outdoor Air Toxics - Formaldehyde,Annual average concentration,µg/m3,CD,104,Clinton and Chelsea (CD4),2011,01/01/2011,2.9,
166688,375,Nitrogen dioxide (NO2),Mean,ppb,CD,106,Stuyvesant Town and Turtle Bay (CD6),Summer 2010,06/01/2010,34.62,
166747,375,Nitrogen dioxide (NO2),Mean,ppb,CD,106,Stuyvesant Town and Turtle Bay (CD6),Summer 2011,06/01/2011,34.67,
412674,375,Nitrogen dioxide (NO2),Mean,ppb,CD,106,Stuyvesant Town and Turtle Bay (CD6),Summer 2016,06/01/2016,24.88,
166629,375,Nitrogen dioxide (NO2),Mean,ppb,CD,106,Stuyvesant Town and Turtle Bay (CD6),Summer 2009,06/01/2009,37.14,
165862,375,Nitrogen dioxide (NO2),Mean,ppb,CD,106,Stuyvesant Town and Turtle Bay (CD6),Winter 2010-11,12/01/2010,40.07,
166695,375,Nitrogen dioxide (NO2),Mean,ppb,CD,201,Mott Haven and Melrose (CD1),Summer 2010,06/01/2010,22.42,
166754,375,Nitrogen dioxide (NO2),Mean,ppb,CD,201,Mott Haven and Melrose (CD1),Summer 2011,06/01/2011,21.06,
412695,375,Nitrogen dioxide (NO2),Mean,ppb,CD,201,Mott Haven and Melrose (CD1),Summer 2016,06/01/2016,16.51,
412465,375,Nitrogen dioxide (NO2),Mean,ppb,UHF42,206,Borough Park,Annual Average 2016,12/31/2015,18.87,
151697,644,Annual vehicle miles travelled (cars),million miles,per km2,UHF42,309,Union Square - Lower East Side,2005,01/01/2005,49.3,
325332,644,Annual vehicle miles travelled (cars),million miles,per km2,UHF42,310,Lower Manhattan,2016,01/01/2016,34.1,
325320,644,Annual vehicle miles travelled (cars),million miles,per km2,UHF42,209,Bensonhurst - Bay Ridge,2016,01/01/2016,24.2,
325321,644,Annual vehicle miles travelled (cars),million miles,per km2,UHF42,210,Coney Island - Sheepshead Bay,2016,01/01/2016,18.4,
325106,645,Annual vehicle miles travelled (trucks),million miles,per km2,UHF42,209,Bensonhurst - Bay Ridge,2016,01/01/2016,1,
325107,645,Annual vehicle miles travelled (trucks),million miles,per km2,UHF42,210,Coney Island - Sheepshead Bay,2016,01/01/2016,0.3,
151756,645,Annual vehicle miles travelled (trucks),million miles,per km2,UHF42,410,Rockaways,2005,01/01/2005,0.2,
151708,644,Annual vehicle miles travelled (cars),million miles,per km2,UHF42,410,Rockaways,2005,01/01/2005,4.7,
130701,646,Outdoor Air Toxics - Benzene,Annual average concentration,µg/m3,UHF42,210,Coney Island - Sheepshead Bay,2005,01/01/2005,2.4,
130697,646,Outdoor Air Toxics - Benzene,Annual average concentration,µg/m3,UHF42,206,Borough Park,2005,01/01/2005,2.5,
130690,646,Outdoor Air Toxics - Benzene,Annual average concentration,µg/m3,UHF42,106,High Bridge - Morrisania,2005,01/01/2005,3,
130711,646,Outdoor Air Toxics - Benzene,Annual average concentration,µg/m3,UHF42,309,Union Square - Lower East Side,2005,01/01/2005,5,
130721,646,Outdoor Air Toxics - Benzene,Annual average concentration,µg/m3,UHF42,409,Southeast Queens,2005,01/01/2005,1.8,
130700,646,Outdoor Air Toxics - Benzene,Annual average concentration,µg/m3,UHF42,209,Bensonhurst - Bay Ridge,2005,01/01/2005,2.8,
130712,646,Outdoor Air Toxics - Benzene,Annual average concentration,µg/m3,UHF42,310,Lower Manhattan,2005,01/01/2005,6.3,
130770,647,Outdoor Air Toxics - Formaldehyde,Annual average concentration,µg/m3,UHF42,410,Rockaways,2005,01/01/2005,2,
227566,647,Outdoor Air Toxics - Formaldehyde,Annual average concentration,µg/m3,CD,502,South Beach and Willowbrook (CD2),2011,01/01/2011,1.7,
"628922,659,Asthma emergency departments visits due to Ozone,Estimated annual rate (age 18+),""per 100,000 adults"",UHF42,106,High Bridge - Morrisania,2015-2017,01/01/2015,124.9,"
"131255,657,Asthma emergency department visits due to PM2.5,Estimated annual rate (age 18+),""per 100,000 adults"",UHF42,409,Southeast Queens,2005-2007,01/01/2005,28.4,"
"131246,657,Asthma emergency department visits due to PM2.5,Estimated annual rate (age 18+),""per 100,000 adults"",UHF42,310,Lower Manhattan,2005-2007,01/01/2005,35,"
"131245,657,Asthma emergency department visits due to PM2.5,Estimated annual rate (age 18+),""per 100,000 adults"",UHF42,309,Union Square - Lower East Side,2005-2007,01/01/2005,46.3,"
"151612,661,Asthma hospitalizations due to Ozone,Estimated annual rate (age 18+),""per 100,000 adults"",UHF42,410,Rockaways,2009-2011,01/01/2009,9,"
"151611,661,Asthma hospitalizations due to Ozone,Estimated annual rate (age 18+),""per 100,000 adults"",UHF42,409,Southeast Queens,2009-2011,01/01/2009,5,"
"151602,661,Asthma hospitalizations due to Ozone,Estimated annual rate (age 18+),""per 100,000 adults"",UHF42,310,Lower Manhattan,2009-2011,01/01/2009,2.6,"
227533,647,Outdoor Air Toxics - Formaldehyde,Annual average concentration,µg/m3,CD,301,Greenpoint and Williamsburg (CD1),2011,01/01/2011,2.2,
325099,645,Annual vehicle miles travelled (trucks),million miles,per km2,UHF42,202,Downtown - Heights - Slope,2016,01/01/2016,3.3,
151720,645,Annual vehicle miles travelled (trucks),million miles,per km2,UHF42,102,Northeast Bronx,2005,01/01/2005,1.9,
325180,645,Annual vehicle miles travelled (trucks),million miles,per km2,CD,405,Ridgewood and Maspeth (CD5),2016,01/01/2016,0.9,
325138,645,Annual vehicle miles travelled (trucks),million miles,per km2,CD,105,Midtown (CD5),2016,01/01/2016,2.8,
166003,375,Nitrogen dioxide (NO2),Mean,ppb,CD,305,East New York and Starrett City (CD5),Winter 2012-13,12/01/2012,24.93,
222539,386,Ozone (O3),Mean,ppb,UHF42,306,Chelsea - Clinton,Summer 2009,06/01/2009,18.19,
325313,644,Annual vehicle miles travelled (cars),million miles,per km2,UHF42,202,Downtown - Heights - Slope,2016,01/01/2016,36.3,
151672,644,Annual vehicle miles travelled (cars),million miles,per km2,UHF42,102,Northeast Bronx,2005,01/01/2005,14.6,
151679,644,Annual vehicle miles travelled (cars),million miles,per km2,UHF42,202,Downtown - Heights - Slope,2005,01/01/2005,38.8,
130693,646,Outdoor Air Toxics - Benzene,Annual average concentration,µg/m3,UHF42,202,Downtown - Heights - Slope,2005,01/01/2005,3.7,
130686,646,Outdoor Air Toxics - Benzene,Annual average concentration,µg/m3,UHF42,102,Northeast Bronx,2005,01/01/2005,2.8,
130718,646,Outdoor Air Toxics - Benzene,Annual average concentration,µg/m3,UHF42,406,Fresh Meadows,2005,01/01/2005,1.7,
130752,647,Outdoor Air Toxics - Formaldehyde,Annual average concentration,µg/m3,UHF42,302,Central Harlem - Morningside Heights,2005,01/01/2005,4.2,
412706,375,Nitrogen dioxide (NO2),Mean,ppb,CD,205,Fordham and University Heights (CD5),Winter 2015-16,12/01/2015,24.77,
741172,375,Nitrogen dioxide (NO2),Mean,ppb,CD,205,Fordham and University Heights (CD5),Winter 2020-21,12/01/2020,21.34,
222603,386,Ozone (O3),Mean,ppb,UHF42,406,Fresh Meadows,Summer 2013,06/01/2013,30.67,
222542,386,Ozone (O3),Mean,ppb,UHF42,306,Chelsea - Clinton,Summer 2012,06/01/2012,26,
165873,375,Nitrogen dioxide (NO2),Mean,ppb,CD,205,Fordham and University Heights (CD5),Winter 2010-11,12/01/2010,31.9,
167761,375,Nitrogen dioxide (NO2),Mean,ppb,CD,205,Fordham and University Heights (CD5),Annual Average 2013,12/01/2012,23.95,
336771,375,Nitrogen dioxide (NO2),Mean,ppb,CD,205,Fordham and University Heights (CD5),Winter 2014-15,12/01/2014,26.18,
741174,375,Nitrogen dioxide (NO2),Mean,ppb,CD,205,Fordham and University Heights (CD5),Annual Average 2021,01/01/2021,18.12,
"131238,657,Asthma emergency department visits due to PM2.5,Estimated annual rate (age 18+),""per 100,000 adults"",UHF42,302,Central Harlem - Morningside Heights,2005-2007,01/01/2005,209.9,"
227548,647,Outdoor Air Toxics - Formaldehyde,Annual average concentration,µg/m3,CD,316,Brownsville (CD16),2011,01/01/2011,2,
227555,647,Outdoor Air Toxics - Formaldehyde,Annual average concentration,µg/m3,CD,405,Ridgewood and Maspeth (CD5),2011,01/01/2011,2,
227537,647,Outdoor Air Toxics - Formaldehyde,Annual average concentration,µg/m3,CD,305,East New York and Starrett City (CD5),2011,01/01/2011,2.1,
"151480,659,Asthma emergency departments visits due to Ozone,Estimated annual rate (age 18+),""per 100,000 adults"",UHF42,102,Northeast Bronx,2009-2011,01/01/2009,42.2,"
"151512,659,Asthma emergency departments visits due to Ozone,Estimated annual rate (age 18+),""per 100,000 adults"",UHF42,406,Fresh Meadows,2009-2011,01/01/2009,20.7,"
"151498,659,Asthma emergency departments visits due to Ozone,Estimated annual rate (age 18+),""per 100,000 adults"",UHF42,302,Central Harlem - Morningside Heights,2009-2011,01/01/2009,130.4,"
"518681,661,Asthma hospitalizations due to Ozone,Estimated annual rate (age 18+),""per 100,000 adults"",UHF42,406,Fresh Meadows,2012-2014,01/02/2012,3.3,"
211979,365,Fine particles (PM 2.5),Mean,mcg/m3,UHF34,401,Long Island City - Astoria,Summer 2014,06/01/2014,9.59,
174128,365,Fine particles (PM 2.5),Mean,mcg/m3,UHF34,401,Long Island City - Astoria,Annual Average 2009,12/01/2008,11.4,
334135,365,Fine particles (PM 2.5),Mean,mcg/m3,UHF34,401,Long Island City - Astoria,Annual Average 2015,01/01/2015,9.78,
669655,365,Fine particles (PM 2.5),Mean,mcg/m3,UHF34,401,Long Island City - Astoria,Annual Average 2020,01/01/2020,6.83,
174186,365,Fine particles (PM 2.5),Mean,mcg/m3,UHF34,206,Borough Park,Annual Average 2011,12/01/2010,10.07,
211969,365,Fine particles (PM 2.5),Mean,mcg/m3,UHF34,206,Borough Park,Summer 2014,06/01/2014,8.6,
334105,365,Fine particles (PM 2.5),Mean,mcg/m3,UHF34,206,Borough Park,Annual Average 2015,01/01/2015,8.44,
173642,365,Fine particles (PM 2.5),Mean,mcg/m3,UHF34,206,Borough Park,Summer 2010,06/01/2010,11.73,
173676,365,Fine particles (PM 2.5),Mean,mcg/m3,UHF34,206,Borough Park,Summer 2011,06/01/2011,11.34,
410889,365,Fine particles (PM 2.5),Mean,mcg/m3,UHF34,206,Borough Park,Summer 2016,06/01/2016,8.08,
742315,365,Fine particles (PM 2.5),Mean,mcg/m3,UHF34,206,Borough Park,Winter 2020-21,12/01/2020,6.65,
173166,365,Fine particles (PM 2.5),Mean,mcg/m3,UHF34,206,Borough Park,Winter 2010-11,12/01/2010,12.54,
173608,365,Fine particles (PM 2.5),Mean,mcg/m3,UHF34,206,Borough Park,Summer 2009,06/01/2009,10.77,
334107,365,Fine particles (PM 2.5),Mean,mcg/m3,UHF34,206,Borough Park,Winter 2014-15,12/01/2014,8.7,
547522,365,Fine particles (PM 2.5),Mean,mcg/m3,UHF34,206,Borough Park,Annual Average 2017,01/01/2017,7.27,
742317,365,Fine particles (PM 2.5),Mean,mcg/m3,UHF34,206,Borough Park,Annual Average 2021,01/01/2021,6.43,
643658,375,Nitrogen dioxide (NO2),Mean,ppb,CD,313,Coney Island (CD13),Summer 2019,06/01/2019,9.6,
667736,375,Nitrogen dioxide (NO2),Mean,ppb,CD,313,Coney Island (CD13),Winter 2019-20,12/01/2019,20.92,
166013,375,Nitrogen dioxide (NO2),Mean,ppb,CD,315,Sheepshead Bay (CD15),Winter 2012-13,12/01/2012,22.96,
167606,375,Nitrogen dioxide (NO2),Mean,ppb,CD,315,Sheepshead Bay (CD15),Annual Average 2010,12/01/2009,19.44,
336836,375,Nitrogen dioxide (NO2),Mean,ppb,CD,315,Sheepshead Bay (CD15),Summer 2015,06/01/2015,11.38,
130491,641,Boiler Emissions- Total PM2.5 Emissions,Number per km2,number,Borough,4,Queens,2013,01/01/2013,0.3,
130539,642,Boiler Emissions- Total NOx Emissions,Number per km2,number,Borough,4,Queens,2013,01/01/2013,16.1,
643664,375,Nitrogen dioxide (NO2),Mean,ppb,CD,315,Sheepshead Bay (CD15),Summer 2019,06/01/2019,9.96,
166011,375,Nitrogen dioxide (NO2),Mean,ppb,CD,313,Coney Island (CD13),Winter 2012-13,12/01/2012,21.3,
167604,375,Nitrogen dioxide (NO2),Mean,ppb,CD,313,Coney Island (CD13),Annual Average 2010,12/01/2009,17.65,
154478,645,Annual vehicle miles travelled (trucks),million miles,per km2,CD,313,Coney Island (CD13),2005,01/01/2005,0.4,
325170,645,Annual vehicle miles travelled (trucks),million miles,per km2,CD,313,Coney Island (CD13),2016,01/01/2016,0.2,
130779,647,Outdoor Air Toxics - Formaldehyde,Annual average concentration,µg/m3,Borough,4,Queens,2005,01/01/2005,2.7,
"151621,661,Asthma hospitalizations due to Ozone,Estimated annual rate (age 18+),""per 100,000 adults"",Borough,4,Queens,2009-2011,01/01/2009,4.2,"
227563,647,Outdoor Air Toxics - Formaldehyde,Annual average concentration,µg/m3,CD,413,Queens Village (CD13),2011,01/01/2011,1.8,
227547,647,Outdoor Air Toxics - Formaldehyde,Annual average concentration,µg/m3,CD,315,Sheepshead Bay (CD15),2011,01/01/2011,2.1,
227622,646,Outdoor Air Toxics - Benzene,Annual average concentration,µg/m3,CD,413,Queens Village (CD13),2011,01/01/2011,1.11,
"151525,659,Asthma emergency departments visits due to Ozone,Estimated annual rate (age 18+),""per 100,000 adults"",Borough,4,Queens,2009-2011,01/01/2009,27,"
168579,365,Fine particles (PM 2.5),Mean,mcg/m3,CD,109,Morningside Heights and Hamilton Heights (CD9),Winter 2011-12,12/01/2011,10.97,
214116,365,Fine particles (PM 2.5),Mean,mcg/m3,CD,109,Morningside Heights and Hamilton Heights (CD9),Annual Average 2014,12/01/2013,9.77,
547623,365,Fine particles (PM 2.5),Mean,mcg/m3,CD,109,Morningside Heights and Hamilton Heights (CD9),Summer 2017,06/01/2017,10,
165926,375,Nitrogen dioxide (NO2),Mean,ppb,CD,111,East Harlem (CD11),Winter 2011-12,12/01/2011,27.68,
165808,375,Nitrogen dioxide (NO2),Mean,ppb,CD,111,East Harlem (CD11),Winter 2009-10,12/01/2009,28.97,
213587,375,Nitrogen dioxide (NO2),Mean,ppb,CD,111,East Harlem (CD11),Annual Average 2014,12/01/2013,23.65,
550023,375,Nitrogen dioxide (NO2),Mean,ppb,CD,111,East Harlem (CD11),Winter 2016-17,12/01/2016,28.01,
602964,375,Nitrogen dioxide (NO2),Mean,ppb,CD,111,East Harlem (CD11),Summer 2018,06/01/2018,16.35,
667581,375,Nitrogen dioxide (NO2),Mean,ppb,CD,111,East Harlem (CD11),Summer 2020,06/01/2020,14.27,
165924,375,Nitrogen dioxide (NO2),Mean,ppb,CD,109,Morningside Heights and Hamilton Heights (CD9),Winter 2011-12,12/01/2011,27.99,
165806,375,Nitrogen dioxide (NO2),Mean,ppb,CD,109,Morningside Heights and Hamilton Heights (CD9),Winter 2009-10,12/01/2009,28.96,
213585,375,Nitrogen dioxide (NO2),Mean,ppb,CD,109,Morningside Heights and Hamilton Heights (CD9),Annual Average 2014,12/01/2013,23.55,
602958,375,Nitrogen dioxide (NO2),Mean,ppb,CD,109,Morningside Heights and Hamilton Heights (CD9),Summer 2018,06/01/2018,16.76,
667569,375,Nitrogen dioxide (NO2),Mean,ppb,CD,109,Morningside Heights and Hamilton Heights (CD9),Summer 2020,06/01/2020,14.28,
643646,375,Nitrogen dioxide (NO2),Mean,ppb,CD,309,South Crown Heights and Lefferts Gardens (CD9),Summer 2019,06/01/2019,14.06,
667712,375,Nitrogen dioxide (NO2),Mean,ppb,CD,309,South Crown Heights and Lefferts Gardens (CD9),Winter 2019-20,12/01/2019,27.43,
222575,386,Ozone (O3),Mean,ppb,UHF42,402,West Queens,Summer 2009,06/01/2009,25.7,
167600,375,Nitrogen dioxide (NO2),Mean,ppb,CD,309,South Crown Heights and Lefferts Gardens (CD9),Annual Average 2010,12/01/2009,25.26,
166007,375,Nitrogen dioxide (NO2),Mean,ppb,CD,309,South Crown Heights and Lefferts Gardens (CD9),Winter 2012-13,12/01/2012,27.05,
166009,375,Nitrogen dioxide (NO2),Mean,ppb,CD,311,Bensonhurst (CD11),Winter 2012-13,12/01/2012,24.7,
325166,645,Annual vehicle miles travelled (trucks),million miles,per km2,CD,309,South Crown Heights and Lefferts Gardens (CD9),2016,01/01/2016,0.5,
154464,645,Annual vehicle miles travelled (trucks),million miles,per km2,CD,211,Morris Park and Bronxdale (CD11),2005,01/01/2005,0.5,
325156,645,Annual vehicle miles travelled (trucks),million miles,per km2,CD,211,Morris Park and Bronxdale (CD11),2016,01/01/2016,0.4,
167602,375,Nitrogen dioxide (NO2),Mean,ppb,CD,311,Bensonhurst (CD11),Annual Average 2010,12/01/2009,21.93,
667724,375,Nitrogen dioxide (NO2),Mean,ppb,CD,311,Bensonhurst (CD11),Winter 2019-20,12/01/2019,24.34,
165995,375,Nitrogen dioxide (NO2),Mean,ppb,CD,209,Parkchester and Soundview (CD9),Winter 2012-13,12/01/2012,23.96,
167588,375,Nitrogen dioxide (NO2),Mean,ppb,CD,209,Parkchester and Soundview (CD9),Annual Average 2010,12/01/2009,22.55,
336782,375,Nitrogen dioxide (NO2),Mean,ppb,CD,209,Parkchester and Soundview (CD9),Summer 2015,06/01/2015,15.82,
412725,375,Nitrogen dioxide (NO2),Mean,ppb,CD,211,Morris Park and Bronxdale (CD11),Summer 2016,06/01/2016,14.57,
166752,375,Nitrogen dioxide (NO2),Mean,ppb,CD,111,East Harlem (CD11),Summer 2011,06/01/2011,23.21,
166690,375,Nitrogen dioxide (NO2),Mean,ppb,CD,108,Upper East Side (CD8),Summer 2010,06/01/2010,29.14,
412679,375,Nitrogen dioxide (NO2),Mean,ppb,CD,108,Upper East Side (CD8),Winter 2015-16,12/01/2015,28.1,
741145,375,Nitrogen dioxide (NO2),Mean,ppb,CD,108,Upper East Side (CD8),Winter 2020-21,12/01/2020,24.05,
412691,375,Nitrogen dioxide (NO2),Mean,ppb,CD,112,Washington Heights and Inwood (CD12),Winter 2015-16,12/01/2015,22.91,
412692,375,Nitrogen dioxide (NO2),Mean,ppb,CD,112,Washington Heights and Inwood (CD12),Summer 2016,06/01/2016,15.78,
165864,375,Nitrogen dioxide (NO2),Mean,ppb,CD,108,Upper East Side (CD8),Winter 2010-11,12/01/2010,36,
166631,375,Nitrogen dioxide (NO2),Mean,ppb,CD,108,Upper East Side (CD8),Summer 2009,06/01/2009,31.12,
167752,375,Nitrogen dioxide (NO2),Mean,ppb,CD,108,Upper East Side (CD8),Annual Average 2013,12/01/2012,28.73,
550013,375,Nitrogen dioxide (NO2),Mean,ppb,CD,108,Upper East Side (CD8),Annual Average 2017,01/01/2017,25.14,
336756,375,Nitrogen dioxide (NO2),Mean,ppb,CD,112,Washington Heights and Inwood (CD12),Winter 2014-15,12/01/2014,24.14,
"151486,659,Asthma emergency departments visits due to Ozone,Estimated annual rate (age 18+),""per 100,000 adults"",UHF42,201,Greenpoint,2009-2011,01/01/2009,26.9,"
227562,647,Outdoor Air Toxics - Formaldehyde,Annual average concentration,µg/m3,CD,412,Jamaica and Hollis (CD12),2011,01/01/2011,1.8,
227621,646,Outdoor Air Toxics - Benzene,Annual average concentration,µg/m3,CD,412,Jamaica and Hollis (CD12),2011,01/01/2011,1.22,
227589,646,Outdoor Air Toxics - Benzene,Annual average concentration,µg/m3,CD,210,Throgs Neck and Co-op City (CD10),2011,01/01/2011,1.32,
227575,646,Outdoor Air Toxics - Benzene,Annual average concentration,µg/m3,CD,108,Upper East Side (CD8),2011,01/01/2011,2.46,
227579,646,Outdoor Air Toxics - Benzene,Annual average concentration,µg/m3,CD,112,Washington Heights and Inwood (CD12),2011,01/01/2011,2.59,
"151497,659,Asthma emergency departments visits due to Ozone,Estimated annual rate (age 18+),""per 100,000 adults"",UHF42,301,Washington Heights,2009-2011,01/01/2009,41.7,"
"151479,659,Asthma emergency departments visits due to Ozone,Estimated annual rate (age 18+),""per 100,000 adults"",UHF42,101,Kingsbridge - Riverdale,2009-2011,01/01/2009,26.5,"
"151507,659,Asthma emergency departments visits due to Ozone,Estimated annual rate (age 18+),""per 100,000 adults"",UHF42,401,Long Island City - Astoria,2009-2011,01/01/2009,27.1,"
"151517,659,Asthma emergency departments visits due to Ozone,Estimated annual rate (age 18+),""per 100,000 adults"",UHF42,501,Port Richmond,2009-2011,01/01/2009,84.7,"
227530,647,Outdoor Air Toxics - Formaldehyde,Annual average concentration,µg/m3,CD,210,Throgs Neck and Co-op City (CD10),2011,01/01/2011,2,
227532,647,Outdoor Air Toxics - Formaldehyde,Annual average concentration,µg/m3,CD,212,Williamsbridge and Baychester (CD12),2011,01/01/2011,2,
227601,646,Outdoor Air Toxics - Benzene,Annual average concentration,µg/m3,CD,310,Bay Ridge and Dyker Heights (CD10),2011,01/01/2011,1.47,
227591,646,Outdoor Air Toxics - Benzene,Annual average concentration,µg/m3,CD,212,Williamsbridge and Baychester (CD12),2011,01/01/2011,1.37,
227603,646,Outdoor Air Toxics - Benzene,Annual average concentration,µg/m3,CD,312,Borough Park (CD12),2011,01/01/2011,1.36,
227577,646,Outdoor Air Toxics - Benzene,Annual average concentration,µg/m3,CD,110,Central Harlem (CD10),2011,01/01/2011,2.14,
227619,646,Outdoor Air Toxics - Benzene,Annual average concentration,µg/m3,CD,410,South Ozone Park and Howard Beach (CD10),2011,01/01/2011,1.31,
227542,647,Outdoor Air Toxics - Formaldehyde,Annual average concentration,µg/m3,CD,310,Bay Ridge and Dyker Heights (CD10),2011,01/01/2011,2,
"629020,661,Asthma hospitalizations due to Ozone,Estimated annual rate (age 18+),""per 100,000 adults"",UHF42,201,Greenpoint,2015-2017,01/01/2015,1,"
167750,375,Nitrogen dioxide (NO2),Mean,ppb,CD,106,Stuyvesant Town and Turtle Bay (CD6),Annual Average 2013,12/01/2012,33.37,
336738,375,Nitrogen dioxide (NO2),Mean,ppb,CD,106,Stuyvesant Town and Turtle Bay (CD6),Winter 2014-15,12/01/2014,32.43,
550007,375,Nitrogen dioxide (NO2),Mean,ppb,CD,106,Stuyvesant Town and Turtle Bay (CD6),Annual Average 2017,01/01/2017,28.44,
"131249,657,Asthma emergency department visits due to PM2.5,Estimated annual rate (age 18+),""per 100,000 adults"",UHF42,403,Flushing - Clearview,2005-2007,01/01/2005,13.3,"
"131251,657,Asthma emergency department visits due to PM2.5,Estimated annual rate (age 18+),""per 100,000 adults"",UHF42,405,Ridgewood - Forest Hills,2005-2007,01/01/2005,19.1,"
"131239,657,Asthma emergency department visits due to PM2.5,Estimated annual rate (age 18+),""per 100,000 adults"",UHF42,303,East Harlem,2005-2007,01/01/2005,202.7,"
"131230,657,Asthma emergency department visits due to PM2.5,Estimated annual rate (age 18+),""per 100,000 adults"",UHF42,205,Sunset Park,2005-2007,01/01/2005,47.2,"
"151605,661,Asthma hospitalizations due to Ozone,Estimated annual rate (age 18+),""per 100,000 adults"",UHF42,403,Flushing - Clearview,2009-2011,01/01/2009,2.6,"
"151597,661,Asthma hospitalizations due to Ozone,Estimated annual rate (age 18+),""per 100,000 adults"",UHF42,305,Upper East Side,2009-2011,01/01/2009,1.4,"
"151615,661,Asthma hospitalizations due to Ozone,Estimated annual rate (age 18+),""per 100,000 adults"",UHF42,503,Willowbrook,2009-2011,01/01/2009,4.7,"
"151519,659,Asthma emergency departments visits due to Ozone,Estimated annual rate (age 18+),""per 100,000 adults"",UHF42,503,Willowbrook,2009-2011,01/01/2009,22.3,"
227556,647,Outdoor Air Toxics - Formaldehyde,Annual average concentration,µg/m3,CD,406,Rego Park and Forest Hills (CD6),2011,01/01/2011,2.3,
227528,647,Outdoor Air Toxics - Formaldehyde,Annual average concentration,µg/m3,CD,208,Riverdale and Fieldston (CD8),2011,01/01/2011,2.2,
227558,647,Outdoor Air Toxics - Formaldehyde,Annual average concentration,µg/m3,CD,408,Hillcrest and Fresh Meadows (CD8),2011,01/01/2011,1.9,
227538,647,Outdoor Air Toxics - Formaldehyde,Annual average concentration,µg/m3,CD,306,Park Slope and Carroll Gardens (CD6),2011,01/01/2011,2.1,
227540,647,Outdoor Air Toxics - Formaldehyde,Annual average concentration,µg/m3,CD,308,Crown Heights and Prospect Heights (CD8),2011,01/01/2011,2,
227599,646,Outdoor Air Toxics - Benzene,Annual average concentration,µg/m3,CD,308,Crown Heights and Prospect Heights (CD8),2011,01/01/2011,1.38,
227585,646,Outdoor Air Toxics - Benzene,Annual average concentration,µg/m3,CD,206,Belmont and East Tremont (CD6),2011,01/01/2011,1.56,
227573,646,Outdoor Air Toxics - Benzene,Annual average concentration,µg/m3,CD,106,Stuyvesant Town and Turtle Bay (CD6),2011,01/01/2011,2.47,
227587,646,Outdoor Air Toxics - Benzene,Annual average concentration,µg/m3,CD,208,Riverdale and Fieldston (CD8),2011,01/01/2011,1.57,
"151481,659,Asthma emergency departments visits due to Ozone,Estimated annual rate (age 18+),""per 100,000 adults"",UHF42,103,Fordham - Bronx Pk,2009-2011,01/01/2009,73.6,"
"151490,659,Asthma emergency departments visits due to Ozone,Estimated annual rate (age 18+),""per 100,000 adults"",UHF42,205,Sunset Park,2009-2011,01/01/2009,39.1,"
"151499,659,Asthma emergency departments visits due to Ozone,Estimated annual rate (age 18+),""per 100,000 adults"",UHF42,303,East Harlem,2009-2011,01/01/2009,135.2,"
"629024,661,Asthma hospitalizations due to Ozone,Estimated annual rate (age 18+),""per 100,000 adults"",UHF42,205,Sunset Park,2015-2017,01/01/2015,2.9,"
"151509,659,Asthma emergency departments visits due to Ozone,Estimated annual rate (age 18+),""per 100,000 adults"",UHF42,403,Flushing - Clearview,2009-2011,01/01/2009,10.5,"
"151511,659,Asthma emergency departments visits due to Ozone,Estimated annual rate (age 18+),""per 100,000 adults"",UHF42,405,Ridgewood - Forest Hills,2009-2011,01/01/2009,16.6,"
"151488,659,Asthma emergency departments visits due to Ozone,Estimated annual rate (age 18+),""per 100,000 adults"",UHF42,203,Bedford Stuyvesant - Crown Heights,2009-2011,01/01/2009,105.4,"
227565,647,Outdoor Air Toxics - Formaldehyde,Annual average concentration,µg/m3,CD,501,St. George and Stapleton (CD1),2011,01/01/2011,1.8,
227552,647,Outdoor Air Toxics - Formaldehyde,Annual average concentration,µg/m3,CD,402,Woodside and Sunnyside (CD2),2011,01/01/2011,2.4,
227551,647,Outdoor Air Toxics - Formaldehyde,Annual average concentration,µg/m3,CD,401,Long Island City and Astoria (CD1),2011,01/01/2011,2.2,
227534,647,Outdoor Air Toxics - Formaldehyde,Annual average concentration,µg/m3,CD,302,Fort Greene and Brooklyn Heights (CD2),2011,01/01/2011,2.3,
227592,646,Outdoor Air Toxics - Benzene,Annual average concentration,µg/m3,CD,301,Greenpoint and Williamsburg (CD1),2011,01/01/2011,1.6,
227568,646,Outdoor Air Toxics - Benzene,Annual average concentration,µg/m3,CD,101,Financial District (CD1),2011,01/01/2011,2.34,
227611,646,Outdoor Air Toxics - Benzene,Annual average concentration,µg/m3,CD,402,Woodside and Sunnyside (CD2),2011,01/01/2011,1.83,
"151484,659,Asthma emergency departments visits due to Ozone,Estimated annual rate (age 18+),""per 100,000 adults"",UHF42,106,High Bridge - Morrisania,2009-2011,01/01/2009,113.1,"
"151491,659,Asthma emergency departments visits due to Ozone,Estimated annual rate (age 18+),""per 100,000 adults"",UHF42,206,Borough Park,2009-2011,01/01/2009,15.4,"
"151515,659,Asthma emergency departments visits due to Ozone,Estimated annual rate (age 18+),""per 100,000 adults"",UHF42,409,Southeast Queens,2009-2011,01/01/2009,35.5,"
"151495,659,Asthma emergency departments visits due to Ozone,Estimated annual rate (age 18+),""per 100,000 adults"",UHF42,210,Coney Island - Sheepshead Bay,2009-2011,01/01/2009,24,"
"151524,659,Asthma emergency departments visits due to Ozone,Estimated annual rate (age 18+),""per 100,000 adults"",Borough,3,Manhattan,2009-2011,01/01/2009,43.2,"
"151506,659,Asthma emergency departments visits due to Ozone,Estimated annual rate (age 18+),""per 100,000 adults"",UHF42,310,Lower Manhattan,2009-2011,01/01/2009,27,"
"151494,659,Asthma emergency departments visits due to Ozone,Estimated annual rate (age 18+),""per 100,000 adults"",UHF42,209,Bensonhurst - Bay Ridge,2009-2011,01/01/2009,13.7,"
"151516,659,Asthma emergency departments visits due to Ozone,Estimated annual rate (age 18+),""per 100,000 adults"",UHF42,410,Rockaways,2009-2011,01/01/2009,59.7,"
227593,646,Outdoor Air Toxics - Benzene,Annual average concentration,µg/m3,CD,302,Fort Greene and Brooklyn Heights (CD2),2011,01/01/2011,1.81,
227569,646,Outdoor Air Toxics - Benzene,Annual average concentration,µg/m3,CD,102,Greenwich Village and Soho (CD2),2011,01/01/2011,2.62,
227581,646,Outdoor Air Toxics - Benzene,Annual average concentration,µg/m3,CD,202,Hunts Point and Longwood (CD2),2011,01/01/2011,1.27,
227610,646,Outdoor Air Toxics - Benzene,Annual average concentration,µg/m3,CD,401,Long Island City and Astoria (CD1),2011,01/01/2011,1.65,
227624,646,Outdoor Air Toxics - Benzene,Annual average concentration,µg/m3,CD,501,St. George and Stapleton (CD1),2011,01/01/2011,1.22,
227580,646,Outdoor Air Toxics - Benzene,Annual average concentration,µg/m3,CD,201,Mott Haven and Melrose (CD1),2011,01/01/2011,1.42,
227625,646,Outdoor Air Toxics - Benzene,Annual average concentration,µg/m3,CD,502,South Beach and Willowbrook (CD2),2011,01/01/2011,1.04,
"151505,659,Asthma emergency departments visits due to Ozone,Estimated annual rate (age 18+),""per 100,000 adults"",UHF42,309,Union Square - Lower East Side,2009-2011,01/01/2009,42.5,"
"629049,661,Asthma hospitalizations due to Ozone,Estimated annual rate (age 18+),""per 100,000 adults"",UHF42,409,Southeast Queens,2015-2017,01/01/2015,3,"
"518653,661,Asthma hospitalizations due to Ozone,Estimated annual rate (age 18+),""per 100,000 adults"",UHF42,106,High Bridge - Morrisania,2012-2014,01/02/2012,16.1,"
"629018,661,Asthma hospitalizations due to Ozone,Estimated annual rate (age 18+),""per 100,000 adults"",UHF42,106,High Bridge - Morrisania,2015-2017,01/01/2015,12,"
"518686,661,Asthma hospitalizations due to Ozone,Estimated annual rate (age 18+),""per 100,000 adults"",UHF42,501,Port Richmond,2012-2014,01/02/2012,9.8,"
"518648,661,Asthma hospitalizations due to Ozone,Estimated annual rate (age 18+),""per 100,000 adults"",UHF42,101,Kingsbridge - Riverdale,2012-2014,01/02/2012,5.8,"
"629051,661,Asthma hospitalizations due to Ozone,Estimated annual rate (age 18+),""per 100,000 adults"",UHF42,501,Port Richmond,2015-2017,01/01/2015,7.7,"
325248,643,Annual vehicle miles traveled,million miles,per km2,CD,108,Upper East Side (CD8),2016,01/01/2016,58.2,
325371,644,Annual vehicle miles travelled (cars),million miles,per km2,CD,212,Williamsbridge and Baychester (CD12),2016,01/01/2016,17.8,
154534,644,Annual vehicle miles travelled (cars),million miles,per km2,CD,310,Bay Ridge and Dyker Heights (CD10),2005,01/01/2005,28.8,
154536,644,Annual vehicle miles travelled (cars),million miles,per km2,CD,312,Borough Park (CD12),2005,01/01/2005,21.5,
325383,644,Annual vehicle miles travelled (cars),million miles,per km2,CD,312,Borough Park (CD12),2016,01/01/2016,25.8,
154508,644,Annual vehicle miles travelled (cars),million miles,per km2,CD,108,Upper East Side (CD8),2005,01/01/2005,59.8,
"518762,639,Deaths due to PM2.5,Estimated annual rate (age 30+),""per 100,000 adults"",UHF42,301,Washington Heights,2012-2014,01/02/2012,38.88,"
"518744,639,Deaths due to PM2.5,Estimated annual rate (age 30+),""per 100,000 adults"",UHF42,101,Kingsbridge - Riverdale,2012-2014,01/02/2012,69.36,"
"628389,639,Deaths due to PM2.5,Estimated annual rate (age 30+),""per 100,000 adults"",UHF42,101,Kingsbridge - Riverdale,2015-2017,01/01/2015,63,"
"131429,648,Asthma emergency department visits due to PM2.5,Estimated annual rate (under age 18),""per 100,000 children"",UHF42,301,Washington Heights,2009-2011,01/01/2009,138.5,"
"131130,655,Asthma hospitalizations due to Ozone,Estimated annual rate (under age 18),""per 100,000 children"",UHF42,201,Greenpoint,2005-2007,01/01/2005,9.5,"
"131027,653,Asthma emergency departments visits due to Ozone,Estimated annual rate (under age 18),""per 100,000 children"",UHF42,101,Kingsbridge - Riverdale,2005-2007,01/01/2005,68.3,"
"131141,655,Asthma hospitalizations due to Ozone,Estimated annual rate (under age 18),""per 100,000 children"",UHF42,301,Washington Heights,2005-2007,01/01/2005,12.9,"
"131593,639,Deaths due to PM2.5,Estimated annual rate (age 30+),""per 100,000 adults"",UHF42,501,Port Richmond,2009-2011,01/01/2009,49.1,"
216596,386,Ozone (O3),Mean,ppb,CD,412,Jamaica and Hollis (CD12),Summer 2009,06/01/2009,26.36,
216404,386,Ozone (O3),Mean,ppb,CD,210,Throgs Neck and Co-op City (CD10),Summer 2009,06/01/2009,27.83,
216332,386,Ozone (O3),Mean,ppb,CD,110,Central Harlem (CD10),Summer 2009,06/01/2009,21.56,
121653,386,Ozone (O3),Mean,ppb,CD,110,Central Harlem (CD10),2-Year Summer Average 2009-2010,06/01/2009,25.36,
"131045,653,Asthma emergency departments visits due to Ozone,Estimated annual rate (under age 18),""per 100,000 children"",UHF42,301,Washington Heights,2005-2007,01/01/2005,110.4,"
"628455,648,Asthma emergency department visits due to PM2.5,Estimated annual rate (under age 18),""per 100,000 children"",UHF42,301,Washington Heights,2015-2017,01/01/2015,81.6,"
"628437,648,Asthma emergency department visits due to PM2.5,Estimated annual rate (under age 18),""per 100,000 children"",UHF42,101,Kingsbridge - Riverdale,2015-2017,01/01/2015,65.8,"
"151449,653,Asthma emergency departments visits due to Ozone,Estimated annual rate (under age 18),""per 100,000 children"",UHF42,301,Washington Heights,2009-2011,01/01/2009,130.2,"
154477,645,Annual vehicle miles travelled (trucks),million miles,per km2,CD,312,Borough Park (CD12),2005,01/01/2005,0.8,
325169,645,Annual vehicle miles travelled (trucks),million miles,per km2,CD,312,Borough Park (CD12),2016,01/01/2016,0.4,
325185,645,Annual vehicle miles travelled (trucks),million miles,per km2,CD,410,South Ozone Park and Howard Beach (CD10),2016,01/01/2016,0.8,
166693,375,Nitrogen dioxide (NO2),Mean,ppb,CD,111,East Harlem (CD11),Summer 2010,06/01/2010,24.34,
412689,375,Nitrogen dioxide (NO2),Mean,ppb,CD,111,East Harlem (CD11),Summer 2016,06/01/2016,17.74,
154476,645,Annual vehicle miles travelled (trucks),million miles,per km2,CD,311,Bensonhurst (CD11),2005,01/01/2005,0.8,
154570,643,Annual vehicle miles traveled,million miles,per km2,CD,111,East Harlem (CD11),2005,01/01/2005,59.3,
325334,644,Annual vehicle miles travelled (cars),million miles,per km2,UHF42,402,West Queens,2016,01/01/2016,41.8,
325344,644,Annual vehicle miles travelled (cars),million miles,per km2,UHF42,502,Stapleton - St. George,2016,01/01/2016,12.5,
325130,645,Annual vehicle miles travelled (trucks),million miles,per km2,UHF42,502,Stapleton - St. George,2016,01/01/2016,0.7,
151758,645,Annual vehicle miles travelled (trucks),million miles,per km2,UHF42,502,Stapleton - St. George,2005,01/01/2005,0.8,
227517,647,Outdoor Air Toxics - Formaldehyde,Annual average concentration,µg/m3,CD,109,Morningside Heights and Hamilton Heights (CD9),2011,01/01/2011,2.5,
227561,647,Outdoor Air Toxics - Formaldehyde,Annual average concentration,µg/m3,CD,411,Bayside and Little Neck (CD11),2011,01/01/2011,1.9,
412688,375,Nitrogen dioxide (NO2),Mean,ppb,CD,111,East Harlem (CD11),Winter 2015-16,12/01/2015,25.86,
741154,375,Nitrogen dioxide (NO2),Mean,ppb,CD,111,East Harlem (CD11),Winter 2020-21,12/01/2020,22,
166750,375,Nitrogen dioxide (NO2),Mean,ppb,CD,109,Morningside Heights and Hamilton Heights (CD9),Summer 2011,06/01/2011,23.68,
166691,375,Nitrogen dioxide (NO2),Mean,ppb,CD,109,Morningside Heights and Hamilton Heights (CD9),Summer 2010,06/01/2010,25.39,
412683,375,Nitrogen dioxide (NO2),Mean,ppb,CD,109,Morningside Heights and Hamilton Heights (CD9),Summer 2016,06/01/2016,17.99,
166632,375,Nitrogen dioxide (NO2),Mean,ppb,CD,109,Morningside Heights and Hamilton Heights (CD9),Summer 2009,06/01/2009,28.01,
165865,375,Nitrogen dioxide (NO2),Mean,ppb,CD,109,Morningside Heights and Hamilton Heights (CD9),Winter 2010-11,12/01/2010,32.89,
"628946,659,Asthma emergency departments visits due to Ozone,Estimated annual rate (age 18+),""per 100,000 adults"",UHF42,402,West Queens,2015-2017,01/01/2015,20.7,"
"131258,657,Asthma emergency department visits due to PM2.5,Estimated annual rate (age 18+),""per 100,000 adults"",UHF42,502,Stapleton - St. George,2005-2007,01/01/2005,41.6,"
"131248,657,Asthma emergency department visits due to PM2.5,Estimated annual rate (age 18+),""per 100,000 adults"",UHF42,402,West Queens,2005-2007,01/01/2005,22,"
"151604,661,Asthma hospitalizations due to Ozone,Estimated annual rate (age 18+),""per 100,000 adults"",UHF42,402,West Queens,2009-2011,01/01/2009,3,"
"151614,661,Asthma hospitalizations due to Ozone,Estimated annual rate (age 18+),""per 100,000 adults"",UHF42,502,Stapleton - St. George,2009-2011,01/01/2009,9.5,"
227559,647,Outdoor Air Toxics - Formaldehyde,Annual average concentration,µg/m3,CD,409,Kew Gardens and Woodhaven (CD9),2011,01/01/2011,1.9,
227620,646,Outdoor Air Toxics - Benzene,Annual average concentration,µg/m3,CD,411,Bayside and Little Neck (CD11),2011,01/01/2011,1.24,
227576,646,Outdoor Air Toxics - Benzene,Annual average concentration,µg/m3,CD,109,Morningside Heights and Hamilton Heights (CD9),2011,01/01/2011,2.01,
227578,646,Outdoor Air Toxics - Benzene,Annual average concentration,µg/m3,CD,111,East Harlem (CD11),2011,01/01/2011,2.13,
227618,646,Outdoor Air Toxics - Benzene,Annual average concentration,µg/m3,CD,409,Kew Gardens and Woodhaven (CD9),2011,01/01/2011,1.45,
"151508,659,Asthma emergency departments visits due to Ozone,Estimated annual rate (age 18+),""per 100,000 adults"",UHF42,402,West Queens,2009-2011,01/01/2009,16.1,"
227600,646,Outdoor Air Toxics - Benzene,Annual average concentration,µg/m3,CD,309,South Crown Heights and Lefferts Gardens (CD9),2011,01/01/2011,1.43,
"629046,661,Asthma hospitalizations due to Ozone,Estimated annual rate (age 18+),""per 100,000 adults"",UHF42,406,Fresh Meadows,2015-2017,01/01/2015,2.5,"
"151502,659,Asthma emergency departments visits due to Ozone,Estimated annual rate (age 18+),""per 100,000 adults"",UHF42,306,Chelsea - Clinton,2009-2011,01/01/2009,24.6,"
"151487,659,Asthma emergency departments visits due to Ozone,Estimated annual rate (age 18+),""per 100,000 adults"",UHF42,202,Downtown - Heights - Slope,2009-2011,01/01/2009,43.5,"
227525,647,Outdoor Air Toxics - Formaldehyde,Annual average concentration,µg/m3,CD,205,Fordham and University Heights (CD5),2011,01/01/2011,2.3,
227614,646,Outdoor Air Toxics - Benzene,Annual average concentration,µg/m3,CD,405,Ridgewood and Maspeth (CD5),2011,01/01/2011,1.44,
227572,646,Outdoor Air Toxics - Benzene,Annual average concentration,µg/m3,CD,105,Midtown (CD5),2011,01/01/2011,3.41,
227607,646,Outdoor Air Toxics - Benzene,Annual average concentration,µg/m3,CD,316,Brownsville (CD16),2011,01/01/2011,1.26,
227584,646,Outdoor Air Toxics - Benzene,Annual average concentration,µg/m3,CD,205,Fordham and University Heights (CD5),2011,01/01/2011,1.78,
227596,646,Outdoor Air Toxics - Benzene,Annual average concentration,µg/m3,CD,305,East New York and Starrett City (CD5),2011,01/01/2011,1.35,
"518656,661,Asthma hospitalizations due to Ozone,Estimated annual rate (age 18+),""per 100,000 adults"",UHF42,202,Downtown - Heights - Slope,2012-2014,01/02/2012,5.2,"
"629021,661,Asthma hospitalizations due to Ozone,Estimated annual rate (age 18+),""per 100,000 adults"",UHF42,202,Downtown - Heights - Slope,2015-2017,01/01/2015,2.3,"
325387,644,Annual vehicle miles travelled (cars),million miles,per km2,CD,316,Brownsville (CD16),2016,01/01/2016,24.9,
"518763,639,Deaths due to PM2.5,Estimated annual rate (age 30+),""per 100,000 adults"",UHF42,302,Central Harlem - Morningside Heights,2012-2014,01/02/2012,53.09,"
"628408,639,Deaths due to PM2.5,Estimated annual rate (age 30+),""per 100,000 adults"",UHF42,302,Central Harlem - Morningside Heights,2015-2017,01/01/2015,45.4,"
"131419,648,Asthma emergency department visits due to PM2.5,Estimated annual rate (under age 18),""per 100,000 children"",UHF42,202,Downtown - Heights - Slope,2009-2011,01/01/2009,89.1,"
"131124,655,Asthma hospitalizations due to Ozone,Estimated annual rate (under age 18),""per 100,000 children"",UHF42,102,Northeast Bronx,2005-2007,01/01/2005,28.1,"
"131028,653,Asthma emergency departments visits due to Ozone,Estimated annual rate (under age 18),""per 100,000 children"",UHF42,102,Northeast Bronx,2005-2007,01/01/2005,114.5,"
"131574,639,Deaths due to PM2.5,Estimated annual rate (age 30+),""per 100,000 adults"",UHF42,302,Central Harlem - Morningside Heights,2009-2011,01/01/2009,63.6,"
216446,386,Ozone (O3),Mean,ppb,CD,305,East New York and Starrett City (CD5),Summer 2009,06/01/2009,26.66,
121683,386,Ozone (O3),Mean,ppb,CD,316,Brownsville (CD16),2-Year Summer Average 2009-2010,06/01/2009,26.84,
"131131,655,Asthma hospitalizations due to Ozone,Estimated annual rate (under age 18),""per 100,000 children"",UHF42,202,Downtown - Heights - Slope,2005-2007,01/01/2005,16.5,"
"131035,653,Asthma emergency departments visits due to Ozone,Estimated annual rate (under age 18),""per 100,000 children"",UHF42,202,Downtown - Heights - Slope,2005-2007,01/01/2005,77.1,"
"518889,648,Asthma emergency department visits due to PM2.5,Estimated annual rate (under age 18),""per 100,000 children"",UHF42,102,Northeast Bronx,2012-2014,01/02/2012,139.92,"
325173,645,Annual vehicle miles travelled (trucks),million miles,per km2,CD,316,Brownsville (CD16),2016,01/01/2016,0.8,
154481,645,Annual vehicle miles travelled (trucks),million miles,per km2,CD,316,Brownsville (CD16),2005,01/01/2005,1.4,
154458,645,Annual vehicle miles travelled (trucks),million miles,per km2,CD,205,Fordham and University Heights (CD5),2005,01/01/2005,4.1,
325150,645,Annual vehicle miles travelled (trucks),million miles,per km2,CD,205,Fordham and University Heights (CD5),2016,01/01/2016,5,
315614,646,Outdoor Air Toxics - Benzene,Annual average concentration,µg/m3,UHF42,307,Gramercy Park - Murray Hill,2011,01/01/2011,2.8,
799787,646,Outdoor Air Toxics - Benzene,Annual average concentration,µg/m3,UHF42,208,Canarsie - Flatlands,2014,01/01/2014,0.89,
799786,646,Outdoor Air Toxics - Benzene,Annual average concentration,µg/m3,UHF42,207,East Flatbush - Flatbush,2014,01/01/2014,0.96,
799807,646,Outdoor Air Toxics - Benzene,Annual average concentration,µg/m3,UHF42,407,Southwest Queens,2014,01/01/2014,0.81,
315625,646,Outdoor Air Toxics - Benzene,Annual average concentration,µg/m3,UHF42,408,Jamaica,2011,01/01/2011,1.3,
799808,646,Outdoor Air Toxics - Benzene,Annual average concentration,µg/m3,UHF42,408,Jamaica,2014,01/01/2014,0.8,
166828,375,Nitrogen dioxide (NO2),Mean,ppb,CD,304,Bushwick (CD4),Summer 2012,06/01/2012,18.39,
172635,375,Nitrogen dioxide (NO2),Mean,ppb,UHF34,405,Ridgewood - Forest Hills,Annual Average 2010,12/01/2009,22.61,
336683,375,Nitrogen dioxide (NO2),Mean,ppb,UHF34,405,Ridgewood - Forest Hills,Summer 2015,06/01/2015,14.32,
171649,375,Nitrogen dioxide (NO2),Mean,ppb,UHF34,405,Ridgewood - Forest Hills,Winter 2010-11,12/01/2010,30.69,
172735,375,Nitrogen dioxide (NO2),Mean,ppb,UHF34,402,West Queens,Annual Average 2013,12/01/2012,21.89,
171647,375,Nitrogen dioxide (NO2),Mean,ppb,UHF34,402,West Queens,Winter 2010-11,12/01/2010,31.99,
172089,375,Nitrogen dioxide (NO2),Mean,ppb,UHF34,402,West Queens,Summer 2009,06/01/2009,21.66,
172737,375,Nitrogen dioxide (NO2),Mean,ppb,UHF34,405,Ridgewood - Forest Hills,Annual Average 2013,12/01/2012,20.3,
549953,375,Nitrogen dioxide (NO2),Mean,ppb,UHF34,405,Ridgewood - Forest Hills,Annual Average 2017,01/01/2017,18.65,
741087,375,Nitrogen dioxide (NO2),Mean,ppb,UHF34,405,Ridgewood - Forest Hills,Annual Average 2021,01/01/2021,16.04,
172225,375,Nitrogen dioxide (NO2),Mean,ppb,UHF34,402,West Queens,Summer 2013,06/01/2013,18.1,
172191,375,Nitrogen dioxide (NO2),Mean,ppb,UHF34,402,West Queens,Summer 2012,06/01/2012,18.85,
412615,375,Nitrogen dioxide (NO2),Mean,ppb,UHF34,402,West Queens,Annual Average 2016,12/31/2015,20.53,
602888,375,Nitrogen dioxide (NO2),Mean,ppb,UHF34,402,West Queens,Annual Average 2018,01/01/2018,19.9,
221912,386,Ozone (O3),Mean,ppb,UHF34,402,West Queens,Summer 2012,06/01/2012,33.58,
221913,386,Ozone (O3),Mean,ppb,UHF34,402,West Queens,Summer 2013,06/01/2013,30.68,
172193,375,Nitrogen dioxide (NO2),Mean,ppb,UHF34,405,Ridgewood - Forest Hills,Summer 2012,06/01/2012,17.24,
172227,375,Nitrogen dioxide (NO2),Mean,ppb,UHF34,405,Ridgewood - Forest Hills,Summer 2013,06/01/2013,16.92,
412621,375,Nitrogen dioxide (NO2),Mean,ppb,UHF34,405,Ridgewood - Forest Hills,Annual Average 2016,12/31/2015,18.65,
602894,375,Nitrogen dioxide (NO2),Mean,ppb,UHF34,405,Ridgewood - Forest Hills,Annual Average 2018,01/01/2018,17.94,
741086,375,Nitrogen dioxide (NO2),Mean,ppb,UHF34,405,Ridgewood - Forest Hills,Summer 2021,06/01/2021,11.26,
172159,375,Nitrogen dioxide (NO2),Mean,ppb,UHF34,405,Ridgewood - Forest Hills,Summer 2011,06/01/2011,18.51,
172125,375,Nitrogen dioxide (NO2),Mean,ppb,UHF34,405,Ridgewood - Forest Hills,Summer 2010,06/01/2010,18.49,
549389,386,Ozone (O3),Mean,ppb,UHF34,402,West Queens,Summer 2017,06/01/2017,29.44,
605292,386,Ozone (O3),Mean,ppb,UHF34,402,West Queens,Summer 2018,06/01/2018,30.33,
670917,386,Ozone (O3),Mean,ppb,UHF34,402,West Queens,Summer 2020,06/01/2020,30.94,
"151456,653,Asthma emergency departments visits due to Ozone,Estimated annual rate (under age 18),""per 100,000 children"",UHF42,308,Greenwich Village - SoHo,2009-2011,01/01/2009,24.2,"
"151552,655,Asthma hospitalizations due to Ozone,Estimated annual rate (under age 18),""per 100,000 children"",UHF42,308,Greenwich Village - SoHo,2009-2011,01/01/2009,6.2,"
227571,646,Outdoor Air Toxics - Benzene,Annual average concentration,µg/m3,CD,104,Clinton and Chelsea (CD4),2011,01/01/2011,2.88,
227615,646,Outdoor Air Toxics - Benzene,Annual average concentration,µg/m3,CD,406,Rego Park and Forest Hills (CD6),2011,01/01/2011,1.73,
227597,646,Outdoor Air Toxics - Benzene,Annual average concentration,µg/m3,CD,306,Park Slope and Carroll Gardens (CD6),2011,01/01/2011,1.5,
227617,646,Outdoor Air Toxics - Benzene,Annual average concentration,µg/m3,CD,408,Hillcrest and Fresh Meadows (CD8),2011,01/01/2011,1.38,
"151501,659,Asthma emergency departments visits due to Ozone,Estimated annual rate (age 18+),""per 100,000 adults"",UHF42,305,Upper East Side,2009-2011,01/01/2009,9.3,"
"151483,659,Asthma emergency departments visits due to Ozone,Estimated annual rate (age 18+),""per 100,000 adults"",UHF42,105,Crotona -Tremont,2009-2011,01/01/2009,127.4,"
"518678,661,Asthma hospitalizations due to Ozone,Estimated annual rate (age 18+),""per 100,000 adults"",UHF42,403,Flushing - Clearview,2012-2014,01/02/2012,2.6,"
"518680,661,Asthma hospitalizations due to Ozone,Estimated annual rate (age 18+),""per 100,000 adults"",UHF42,405,Ridgewood - Forest Hills,2012-2014,01/02/2012,3.6,"
"518688,661,Asthma hospitalizations due to Ozone,Estimated annual rate (age 18+),""per 100,000 adults"",UHF42,503,Willowbrook,2012-2014,01/02/2012,3.6,"
"629043,661,Asthma hospitalizations due to Ozone,Estimated annual rate (age 18+),""per 100,000 adults"",UHF42,403,Flushing - Clearview,2015-2017,01/01/2015,1.4,"
151711,644,Annual vehicle miles travelled (cars),million miles,per km2,UHF42,503,Willowbrook,2005,01/01/2005,12.2,
325345,644,Annual vehicle miles travelled (cars),million miles,per km2,UHF42,503,Willowbrook,2016,01/01/2016,12.6,
151691,644,Annual vehicle miles travelled (cars),million miles,per km2,UHF42,303,East Harlem,2005,01/01/2005,50.6,
325325,644,Annual vehicle miles travelled (cars),million miles,per km2,UHF42,303,East Harlem,2016,01/01/2016,57,
325316,644,Annual vehicle miles travelled (cars),million miles,per km2,UHF42,205,Sunset Park,2016,01/01/2016,24.1,
154565,643,Annual vehicle miles traveled,million miles,per km2,CD,106,Stuyvesant Town and Turtle Bay (CD6),2005,01/01/2005,86,
325246,643,Annual vehicle miles traveled,million miles,per km2,CD,106,Stuyvesant Town and Turtle Bay (CD6),2016,01/01/2016,70.4,
154520,644,Annual vehicle miles travelled (cars),million miles,per km2,CD,208,Riverdale and Fieldston (CD8),2005,01/01/2005,17,
"518668,661,Asthma hospitalizations due to Ozone,Estimated annual rate (age 18+),""per 100,000 adults"",UHF42,303,East Harlem,2012-2014,01/02/2012,14.2,"
"518776,639,Deaths due to PM2.5,Estimated annual rate (age 30+),""per 100,000 adults"",UHF42,405,Ridgewood - Forest Hills,2012-2014,01/02/2012,39.01,"
"628398,639,Deaths due to PM2.5,Estimated annual rate (age 30+),""per 100,000 adults"",UHF42,203,Bedford Stuyvesant - Crown Heights,2015-2017,01/01/2015,41.8,"
"628400,639,Deaths due to PM2.5,Estimated annual rate (age 30+),""per 100,000 adults"",UHF42,205,Sunset Park,2015-2017,01/01/2015,28,"
"518774,639,Deaths due to PM2.5,Estimated annual rate (age 30+),""per 100,000 adults"",UHF42,403,Flushing - Clearview,2012-2014,01/02/2012,36.51,"
"628419,639,Deaths due to PM2.5,Estimated annual rate (age 30+),""per 100,000 adults"",UHF42,403,Flushing - Clearview,2015-2017,01/01/2015,36.1,"
"518748,639,Deaths due to PM2.5,Estimated annual rate (age 30+),""per 100,000 adults"",UHF42,105,Crotona -Tremont,2012-2014,01/02/2012,42.58,"
"628409,639,Deaths due to PM2.5,Estimated annual rate (age 30+),""per 100,000 adults"",UHF42,303,East Harlem,2015-2017,01/01/2015,54.2,"
"151433,653,Asthma emergency departments visits due to Ozone,Estimated annual rate (under age 18),""per 100,000 children"",UHF42,103,Fordham - Bronx Pk,2009-2011,01/01/2009,125,"
"151529,655,Asthma hospitalizations due to Ozone,Estimated annual rate (under age 18),""per 100,000 children"",UHF42,103,Fordham - Bronx Pk,2009-2011,01/01/2009,43.6,"
227590,646,Outdoor Air Toxics - Benzene,Annual average concentration,µg/m3,CD,211,Morris Park and Bronxdale (CD11),2011,01/01/2011,1.47,
227602,646,Outdoor Air Toxics - Benzene,Annual average concentration,µg/m3,CD,311,Bensonhurst (CD11),2011,01/01/2011,1.7,
227588,646,Outdoor Air Toxics - Benzene,Annual average concentration,µg/m3,CD,209,Parkchester and Soundview (CD9),2011,01/01/2011,1.36,
227541,647,Outdoor Air Toxics - Formaldehyde,Annual average concentration,µg/m3,CD,309,South Crown Heights and Lefferts Gardens (CD9),2011,01/01/2011,2.1,
"151518,659,Asthma emergency departments visits due to Ozone,Estimated annual rate (age 18+),""per 100,000 adults"",UHF42,502,Stapleton - St. George,2009-2011,01/01/2009,58.1,"
"518687,661,Asthma hospitalizations due to Ozone,Estimated annual rate (age 18+),""per 100,000 adults"",UHF42,502,Stapleton - St. George,2012-2014,01/02/2012,8.6,"
"629052,661,Asthma hospitalizations due to Ozone,Estimated annual rate (age 18+),""per 100,000 adults"",UHF42,502,Stapleton - St. George,2015-2017,01/01/2015,5.7,"
"518677,661,Asthma hospitalizations due to Ozone,Estimated annual rate (age 18+),""per 100,000 adults"",UHF42,402,West Queens,2012-2014,01/02/2012,3.4,"
151710,644,Annual vehicle miles travelled (cars),million miles,per km2,UHF42,502,Stapleton - St. George,2005,01/01/2005,13,
154568,643,Annual vehicle miles traveled,million miles,per km2,CD,109,Morningside Heights and Hamilton Heights (CD9),2005,01/01/2005,45.6,
325249,643,Annual vehicle miles traveled,million miles,per km2,CD,109,Morningside Heights and Hamilton Heights (CD9),2016,01/01/2016,46.5,
154523,644,Annual vehicle miles travelled (cars),million miles,per km2,CD,211,Morris Park and Bronxdale (CD11),2005,01/01/2005,13,
325370,644,Annual vehicle miles travelled (cars),million miles,per km2,CD,211,Morris Park and Bronxdale (CD11),2016,01/01/2016,13,
154535,644,Annual vehicle miles travelled (cars),million miles,per km2,CD,311,Bensonhurst (CD11),2005,01/01/2005,18.2,
325382,644,Annual vehicle miles travelled (cars),million miles,per km2,CD,311,Bensonhurst (CD11),2016,01/01/2016,17.8,
154521,644,Annual vehicle miles travelled (cars),million miles,per km2,CD,209,Parkchester and Soundview (CD9),2005,01/01/2005,28.4,
325368,644,Annual vehicle miles travelled (cars),million miles,per km2,CD,209,Parkchester and Soundview (CD9),2016,01/01/2016,22.9,
"629042,661,Asthma hospitalizations due to Ozone,Estimated annual rate (age 18+),""per 100,000 adults"",UHF42,402,West Queens,2015-2017,01/01/2015,2.3,"
"518773,639,Deaths due to PM2.5,Estimated annual rate (age 30+),""per 100,000 adults"",UHF42,402,West Queens,2012-2014,01/02/2012,26.29,"
"628418,639,Deaths due to PM2.5,Estimated annual rate (age 30+),""per 100,000 adults"",UHF42,402,West Queens,2015-2017,01/01/2015,27.1,"
325168,645,Annual vehicle miles travelled (trucks),million miles,per km2,CD,311,Bensonhurst (CD11),2016,01/01/2016,0.5,
325154,645,Annual vehicle miles travelled (trucks),million miles,per km2,CD,209,Parkchester and Soundview (CD9),2016,01/01/2016,2.3,
325142,645,Annual vehicle miles travelled (trucks),million miles,per km2,CD,109,Morningside Heights and Hamilton Heights (CD9),2016,01/01/2016,2.6,
325186,645,Annual vehicle miles travelled (trucks),million miles,per km2,CD,411,Bayside and Little Neck (CD11),2016,01/01/2016,1.8,
549436,386,Ozone (O3),Mean,ppb,CD,309,South Crown Heights and Lefferts Gardens (CD9),Summer 2017,06/01/2017,29.41,
605339,386,Ozone (O3),Mean,ppb,CD,309,South Crown Heights and Lefferts Gardens (CD9),Summer 2018,06/01/2018,30.34,
671115,386,Ozone (O3),Mean,ppb,CD,309,South Crown Heights and Lefferts Gardens (CD9),Summer 2020,06/01/2020,29.33,
550051,375,Nitrogen dioxide (NO2),Mean,ppb,CD,209,Parkchester and Soundview (CD9),Summer 2017,06/01/2017,14.97,
325399,644,Annual vehicle miles travelled (cars),million miles,per km2,CD,410,South Ozone Park and Howard Beach (CD10),2016,01/01/2016,31.4,
549439,386,Ozone (O3),Mean,ppb,CD,312,Borough Park (CD12),Summer 2017,06/01/2017,29.63,
671112,386,Ozone (O3),Mean,ppb,CD,312,Borough Park (CD12),Summer 2020,06/01/2020,29.34,
605340,386,Ozone (O3),Mean,ppb,CD,310,Bay Ridge and Dyker Heights (CD10),Summer 2018,06/01/2018,30.1,
216408,386,Ozone (O3),Mean,ppb,CD,210,Throgs Neck and Co-op City (CD10),Summer 2013,06/01/2013,32.57,
216407,386,Ozone (O3),Mean,ppb,CD,210,Throgs Neck and Co-op City (CD10),Summer 2012,06/01/2012,35.97,
743628,386,Ozone (O3),Mean,ppb,CD,210,Throgs Neck and Co-op City (CD10),Summer 2021,06/01/2021,30.72,
216419,386,Ozone (O3),Mean,ppb,CD,212,Williamsbridge and Baychester (CD12),Summer 2012,06/01/2012,35.02,
166869,375,Nitrogen dioxide (NO2),Mean,ppb,CD,110,Central Harlem (CD10),Summer 2013,06/01/2013,21.63,
602960,375,Nitrogen dioxide (NO2),Mean,ppb,CD,110,Central Harlem (CD10),Annual Average 2018,01/01/2018,21.72,
412687,375,Nitrogen dioxide (NO2),Mean,ppb,CD,110,Central Harlem (CD10),Annual Average 2016,12/31/2015,22.27,
549427,386,Ozone (O3),Mean,ppb,CD,212,Williamsbridge and Baychester (CD12),Summer 2017,06/01/2017,28.93,
605330,386,Ozone (O3),Mean,ppb,CD,212,Williamsbridge and Baychester (CD12),Summer 2018,06/01/2018,31.14,
670879,386,Ozone (O3),Mean,ppb,CD,212,Williamsbridge and Baychester (CD12),Summer 2020,06/01/2020,30.49,
602967,375,Nitrogen dioxide (NO2),Mean,ppb,CD,112,Washington Heights and Inwood (CD12),Summer 2018,06/01/2018,14.61,
550026,375,Nitrogen dioxide (NO2),Mean,ppb,CD,112,Washington Heights and Inwood (CD12),Winter 2016-17,12/01/2016,26.51,
166871,375,Nitrogen dioxide (NO2),Mean,ppb,CD,112,Washington Heights and Inwood (CD12),Summer 2013,06/01/2013,18.43,
166812,375,Nitrogen dioxide (NO2),Mean,ppb,CD,112,Washington Heights and Inwood (CD12),Summer 2012,06/01/2012,18.37,
166808,375,Nitrogen dioxide (NO2),Mean,ppb,CD,108,Upper East Side (CD8),Summer 2012,06/01/2012,26.96,
166867,375,Nitrogen dioxide (NO2),Mean,ppb,CD,108,Upper East Side (CD8),Summer 2013,06/01/2013,25.3,
602954,375,Nitrogen dioxide (NO2),Mean,ppb,CD,108,Upper East Side (CD8),Annual Average 2018,01/01/2018,23.51,
741146,375,Nitrogen dioxide (NO2),Mean,ppb,CD,108,Upper East Side (CD8),Summer 2021,06/01/2021,16.78,
412693,375,Nitrogen dioxide (NO2),Mean,ppb,CD,112,Washington Heights and Inwood (CD12),Annual Average 2016,12/31/2015,19.36,
602966,375,Nitrogen dioxide (NO2),Mean,ppb,CD,112,Washington Heights and Inwood (CD12),Annual Average 2018,01/01/2018,19.34,
743614,386,Ozone (O3),Mean,ppb,CD,312,Borough Park (CD12),Summer 2021,06/01/2021,30.41,
216479,386,Ozone (O3),Mean,ppb,CD,310,Bay Ridge and Dyker Heights (CD10),Summer 2012,06/01/2012,32.99,
216480,386,Ozone (O3),Mean,ppb,CD,310,Bay Ridge and Dyker Heights (CD10),Summer 2013,06/01/2013,30.29,
743626,386,Ozone (O3),Mean,ppb,CD,212,Williamsbridge and Baychester (CD12),Summer 2021,06/01/2021,30.31,
122005,386,Ozone (O3),Mean,ppb,UHF42,201,Greenpoint,2-Year Summer Average 2009-2010,06/01/2009,27.11,
549355,386,Ozone (O3),Mean,ppb,UHF42,401,Long Island City - Astoria,Summer 2017,06/01/2017,29.12,
605258,386,Ozone (O3),Mean,ppb,UHF42,401,Long Island City - Astoria,Summer 2018,06/01/2018,29.66,
670951,386,Ozone (O3),Mean,ppb,UHF42,401,Long Island City - Astoria,Summer 2020,06/01/2020,30.96,
154540,644,Annual vehicle miles travelled (cars),million miles,per km2,CD,316,Brownsville (CD16),2005,01/01/2005,31.9,
154517,644,Annual vehicle miles travelled (cars),million miles,per km2,CD,205,Fordham and University Heights (CD5),2005,01/01/2005,47.5,
325364,644,Annual vehicle miles travelled (cars),million miles,per km2,CD,205,Fordham and University Heights (CD5),2016,01/01/2016,34.6,
325376,644,Annual vehicle miles travelled (cars),million miles,per km2,CD,305,East New York and Starrett City (CD5),2016,01/01/2016,20,
121660,386,Ozone (O3),Mean,ppb,CD,205,Fordham and University Heights (CD5),2-Year Summer Average 2009-2010,06/01/2009,25.94,
605323,386,Ozone (O3),Mean,ppb,CD,205,Fordham and University Heights (CD5),Summer 2018,06/01/2018,29.66,
670886,386,Ozone (O3),Mean,ppb,CD,205,Fordham and University Heights (CD5),Summer 2020,06/01/2020,29.67,
216378,386,Ozone (O3),Mean,ppb,CD,205,Fordham and University Heights (CD5),Summer 2013,06/01/2013,29.66,
216377,386,Ozone (O3),Mean,ppb,CD,205,Fordham and University Heights (CD5),Summer 2012,06/01/2012,32.89,
743603,386,Ozone (O3),Mean,ppb,CD,405,Ridgewood and Maspeth (CD5),Summer 2021,06/01/2021,29.68,
213593,375,Nitrogen dioxide (NO2),Mean,ppb,CD,205,Fordham and University Heights (CD5),Annual Average 2014,12/01/2013,22.74,
550039,375,Nitrogen dioxide (NO2),Mean,ppb,CD,205,Fordham and University Heights (CD5),Summer 2017,06/01/2017,18.17,
550041,375,Nitrogen dioxide (NO2),Mean,ppb,CD,205,Fordham and University Heights (CD5),Winter 2016-17,12/01/2016,28.39,
667617,375,Nitrogen dioxide (NO2),Mean,ppb,CD,205,Fordham and University Heights (CD5),Summer 2020,06/01/2020,15.18,
165920,375,Nitrogen dioxide (NO2),Mean,ppb,CD,105,Midtown (CD5),Winter 2011-12,12/01/2011,38.04,
165802,375,Nitrogen dioxide (NO2),Mean,ppb,CD,105,Midtown (CD5),Winter 2009-10,12/01/2009,43.08,
213581,375,Nitrogen dioxide (NO2),Mean,ppb,CD,105,Midtown (CD5),Annual Average 2014,12/01/2013,37.06,
550003,375,Nitrogen dioxide (NO2),Mean,ppb,CD,105,Midtown (CD5),Summer 2017,06/01/2017,30.82,
550005,375,Nitrogen dioxide (NO2),Mean,ppb,CD,105,Midtown (CD5),Winter 2016-17,12/01/2016,36.31,
602946,375,Nitrogen dioxide (NO2),Mean,ppb,CD,105,Midtown (CD5),Summer 2018,06/01/2018,28.82,
667545,375,Nitrogen dioxide (NO2),Mean,ppb,CD,105,Midtown (CD5),Summer 2020,06/01/2020,21.93,
166876,375,Nitrogen dioxide (NO2),Mean,ppb,CD,205,Fordham and University Heights (CD5),Summer 2013,06/01/2013,20.23,
166817,375,Nitrogen dioxide (NO2),Mean,ppb,CD,205,Fordham and University Heights (CD5),Summer 2012,06/01/2012,20.62,
412708,375,Nitrogen dioxide (NO2),Mean,ppb,CD,205,Fordham and University Heights (CD5),Annual Average 2016,12/31/2015,21.18,
602981,375,Nitrogen dioxide (NO2),Mean,ppb,CD,205,Fordham and University Heights (CD5),Annual Average 2018,01/01/2018,20.54,
741173,375,Nitrogen dioxide (NO2),Mean,ppb,CD,205,Fordham and University Heights (CD5),Summer 2021,06/01/2021,14.28,
549350,386,Ozone (O3),Mean,ppb,UHF42,306,Chelsea - Clinton,Summer 2017,06/01/2017,23.43,
605253,386,Ozone (O3),Mean,ppb,UHF42,306,Chelsea - Clinton,Summer 2018,06/01/2018,24.81,
670956,386,Ozone (O3),Mean,ppb,UHF42,306,Chelsea - Clinton,Summer 2020,06/01/2020,27.83,
122031,386,Ozone (O3),Mean,ppb,UHF42,406,Fresh Meadows,2-Year Summer Average 2009-2010,06/01/2009,27.97,
216512,386,Ozone (O3),Mean,ppb,CD,316,Brownsville (CD16),Summer 2009,06/01/2009,25.39,
216374,386,Ozone (O3),Mean,ppb,CD,205,Fordham and University Heights (CD5),Summer 2009,06/01/2009,22.21,
"629029,661,Asthma hospitalizations due to Ozone,Estimated annual rate (age 18+),""per 100,000 adults"",UHF42,210,Coney Island - Sheepshead Bay,2015-2017,01/01/2015,2.8,"
"629025,661,Asthma hospitalizations due to Ozone,Estimated annual rate (age 18+),""per 100,000 adults"",UHF42,206,Borough Park,2015-2017,01/01/2015,1.6,"
325361,644,Annual vehicle miles travelled (cars),million miles,per km2,CD,202,Hunts Point and Longwood (CD2),2016,01/01/2016,16.6,
154557,644,Annual vehicle miles travelled (cars),million miles,per km2,CD,501,St. George and Stapleton (CD1),2005,01/01/2005,12.1,
325404,644,Annual vehicle miles travelled (cars),million miles,per km2,CD,501,St. George and Stapleton (CD1),2016,01/01/2016,10.7,
325360,644,Annual vehicle miles travelled (cars),million miles,per km2,CD,201,Mott Haven and Melrose (CD1),2016,01/01/2016,27.9,
154498,645,Annual vehicle miles travelled (trucks),million miles,per km2,CD,501,St. George and Stapleton (CD1),2005,01/01/2005,0.6,
"518684,661,Asthma hospitalizations due to Ozone,Estimated annual rate (age 18+),""per 100,000 adults"",UHF42,409,Southeast Queens,2012-2014,01/02/2012,3.9,"
"628404,639,Deaths due to PM2.5,Estimated annual rate (age 30+),""per 100,000 adults"",UHF42,209,Bensonhurst - Bay Ridge,2015-2017,01/01/2015,40.5,"
"151532,655,Asthma hospitalizations due to Ozone,Estimated annual rate (under age 18),""per 100,000 children"",UHF42,106,High Bridge - Morrisania,2009-2011,01/01/2009,38.2,"
"131427,648,Asthma emergency department visits due to PM2.5,Estimated annual rate (under age 18),""per 100,000 children"",UHF42,210,Coney Island - Sheepshead Bay,2009-2011,01/01/2009,35.1,"
"131426,648,Asthma emergency department visits due to PM2.5,Estimated annual rate (under age 18),""per 100,000 children"",UHF42,209,Bensonhurst - Bay Ridge,2009-2011,01/01/2009,20.7,"
"130813,648,Asthma emergency department visits due to PM2.5,Estimated annual rate (under age 18),""per 100,000 children"",UHF42,309,Union Square - Lower East Side,2005-2007,01/01/2005,124.9,"
"130799,648,Asthma emergency department visits due to PM2.5,Estimated annual rate (under age 18),""per 100,000 children"",UHF42,206,Borough Park,2005-2007,01/01/2005,14.7,"
"131042,653,Asthma emergency departments visits due to Ozone,Estimated annual rate (under age 18),""per 100,000 children"",UHF42,209,Bensonhurst - Bay Ridge,2005-2007,01/01/2005,16.9,"
"131138,655,Asthma hospitalizations due to Ozone,Estimated annual rate (under age 18),""per 100,000 children"",UHF42,209,Bensonhurst - Bay Ridge,2005-2007,01/01/2005,4.3,"
"131139,655,Asthma hospitalizations due to Ozone,Estimated annual rate (under age 18),""per 100,000 children"",UHF42,210,Coney Island - Sheepshead Bay,2005-2007,01/01/2005,7.5,"
"518741,639,Deaths due to PM2.5,Estimated annual rate (age 30+),""per 100,000 adults"",Borough,3,Manhattan,2012-2014,01/02/2012,44.02,"
"628386,639,Deaths due to PM2.5,Estimated annual rate (age 30+),""per 100,000 adults"",Borough,3,Manhattan,2015-2017,01/01/2015,38,"
"518749,639,Deaths due to PM2.5,Estimated annual rate (age 30+),""per 100,000 adults"",UHF42,106,High Bridge - Morrisania,2012-2014,01/02/2012,47.64,"
"131581,639,Deaths due to PM2.5,Estimated annual rate (age 30+),""per 100,000 adults"",UHF42,309,Union Square - Lower East Side,2009-2011,01/01/2009,58.8,"
216536,386,Ozone (O3),Mean,ppb,CD,402,Woodside and Sunnyside (CD2),Summer 2009,06/01/2009,26.36,
216428,386,Ozone (O3),Mean,ppb,CD,302,Fort Greene and Brooklyn Heights (CD2),Summer 2009,06/01/2009,22.71,
121701,386,Ozone (O3),Mean,ppb,CD,502,South Beach and Willowbrook (CD2),2-Year Summer Average 2009-2010,06/01/2009,30.45,
605364,386,Ozone (O3),Mean,ppb,CD,502,South Beach and Willowbrook (CD2),Summer 2018,06/01/2018,30,
549461,386,Ozone (O3),Mean,ppb,CD,502,South Beach and Willowbrook (CD2),Summer 2017,06/01/2017,28.74,
671090,386,Ozone (O3),Mean,ppb,CD,502,South Beach and Willowbrook (CD2),Summer 2020,06/01/2020,28.29,
"151435,653,Asthma emergency departments visits due to Ozone,Estimated annual rate (under age 18),""per 100,000 children"",UHF42,105,Crotona -Tremont,2009-2011,01/01/2009,183.9,"
"130807,648,Asthma emergency department visits due to PM2.5,Estimated annual rate (under age 18),""per 100,000 children"",UHF42,303,East Harlem,2005-2007,01/01/2005,354.2,"
"131163,655,Asthma hospitalizations due to Ozone,Estimated annual rate (under age 18),""per 100,000 children"",UHF42,503,Willowbrook,2005-2007,01/01/2005,11.1,"
"131059,653,Asthma emergency departments visits due to Ozone,Estimated annual rate (under age 18),""per 100,000 children"",UHF42,405,Ridgewood - Forest Hills,2005-2007,01/01/2005,40.4,"
"131155,655,Asthma hospitalizations due to Ozone,Estimated annual rate (under age 18),""per 100,000 children"",UHF42,405,Ridgewood - Forest Hills,2005-2007,01/01/2005,17.5,"
"628391,639,Deaths due to PM2.5,Estimated annual rate (age 30+),""per 100,000 adults"",UHF42,103,Fordham - Bronx Pk,2015-2017,01/01/2015,41.4,"
"131595,639,Deaths due to PM2.5,Estimated annual rate (age 30+),""per 100,000 adults"",UHF42,503,Willowbrook,2009-2011,01/01/2009,58.3,"
216572,386,Ozone (O3),Mean,ppb,CD,408,Hillcrest and Fresh Meadows (CD8),Summer 2009,06/01/2009,25.16,
216452,386,Ozone (O3),Mean,ppb,CD,306,Park Slope and Carroll Gardens (CD6),Summer 2009,06/01/2009,23.35,
216464,386,Ozone (O3),Mean,ppb,CD,308,Crown Heights and Prospect Heights (CD8),Summer 2009,06/01/2009,23.65,
165921,375,Nitrogen dioxide (NO2),Mean,ppb,CD,106,Stuyvesant Town and Turtle Bay (CD6),Winter 2011-12,12/01/2011,34.38,
165803,375,Nitrogen dioxide (NO2),Mean,ppb,CD,106,Stuyvesant Town and Turtle Bay (CD6),Winter 2009-10,12/01/2009,37.91,
213582,375,Nitrogen dioxide (NO2),Mean,ppb,CD,106,Stuyvesant Town and Turtle Bay (CD6),Annual Average 2014,12/01/2013,32.2,
550006,375,Nitrogen dioxide (NO2),Mean,ppb,CD,106,Stuyvesant Town and Turtle Bay (CD6),Summer 2017,06/01/2017,26.18,
550008,375,Nitrogen dioxide (NO2),Mean,ppb,CD,106,Stuyvesant Town and Turtle Bay (CD6),Winter 2016-17,12/01/2016,32.89,
549421,386,Ozone (O3),Mean,ppb,CD,206,Belmont and East Tremont (CD6),Summer 2017,06/01/2017,28.12,
605324,386,Ozone (O3),Mean,ppb,CD,206,Belmont and East Tremont (CD6),Summer 2018,06/01/2018,30.3,
670885,386,Ozone (O3),Mean,ppb,CD,206,Belmont and East Tremont (CD6),Summer 2020,06/01/2020,30.44,
"131132,655,Asthma hospitalizations due to Ozone,Estimated annual rate (under age 18),""per 100,000 children"",UHF42,203,Bedford Stuyvesant - Crown Heights,2005-2007,01/01/2005,37.9,"
"518899,648,Asthma emergency department visits due to PM2.5,Estimated annual rate (under age 18),""per 100,000 children"",UHF42,205,Sunset Park,2012-2014,01/02/2012,45.54,"
"628448,648,Asthma emergency department visits due to PM2.5,Estimated annual rate (under age 18),""per 100,000 children"",UHF42,205,Sunset Park,2015-2017,01/01/2015,34.4,"
"518892,648,Asthma emergency department visits due to PM2.5,Estimated annual rate (under age 18),""per 100,000 children"",UHF42,105,Crotona -Tremont,2012-2014,01/02/2012,214.14,"
"518897,648,Asthma emergency department visits due to PM2.5,Estimated annual rate (under age 18),""per 100,000 children"",UHF42,203,Bedford Stuyvesant - Crown Heights,2012-2014,01/02/2012,164.79,"
"518890,648,Asthma emergency department visits due to PM2.5,Estimated annual rate (under age 18),""per 100,000 children"",UHF42,103,Fordham - Bronx Pk,2012-2014,01/02/2012,191.4,"
"151440,653,Asthma emergency departments visits due to Ozone,Estimated annual rate (under age 18),""per 100,000 children"",UHF42,203,Bedford Stuyvesant - Crown Heights,2009-2011,01/01/2009,191.4,"
"151536,655,Asthma hospitalizations due to Ozone,Estimated annual rate (under age 18),""per 100,000 children"",UHF42,203,Bedford Stuyvesant - Crown Heights,2009-2011,01/01/2009,40.2,"
154461,645,Annual vehicle miles travelled (trucks),million miles,per km2,CD,208,Riverdale and Fieldston (CD8),2005,01/01/2005,1.1,
"151540,655,Asthma hospitalizations due to Ozone,Estimated annual rate (under age 18),""per 100,000 children"",UHF42,207,East Flatbush - Flatbush,2009-2011,01/01/2009,26.9,"
"151444,653,Asthma emergency departments visits due to Ozone,Estimated annual rate (under age 18),""per 100,000 children"",UHF42,207,East Flatbush - Flatbush,2009-2011,01/01/2009,129.2,"
"151533,655,Asthma hospitalizations due to Ozone,Estimated annual rate (under age 18),""per 100,000 children"",UHF42,107,Hunts Point - Mott Haven,2009-2011,01/01/2009,43.6,"
"151465,653,Asthma emergency departments visits due to Ozone,Estimated annual rate (under age 18),""per 100,000 children"",UHF42,407,Southwest Queens,2009-2011,01/01/2009,89,"
"151474,653,Asthma emergency departments visits due to Ozone,Estimated annual rate (under age 18),""per 100,000 children"",Borough,1,Bronx,2009-2011,01/01/2009,146.7,"
"151571,655,Asthma hospitalizations due to Ozone,Estimated annual rate (under age 18),""per 100,000 children"",Borough,2,Brooklyn,2009-2011,01/01/2009,20.9,"
325211,643,Annual vehicle miles traveled,million miles,per km2,UHF42,207,East Flatbush - Flatbush,2016,01/01/2016,21,
154503,644,Annual vehicle miles travelled (cars),million miles,per km2,CD,103,Lower East Side and Chinatown (CD3),2005,01/01/2005,57.7,
325350,644,Annual vehicle miles travelled (cars),million miles,per km2,CD,103,Lower East Side and Chinatown (CD3),2016,01/01/2016,49.5,
154527,644,Annual vehicle miles travelled (cars),million miles,per km2,CD,303,Bedford Stuyvesant (CD3),2005,01/01/2005,24.9,
325392,644,Annual vehicle miles travelled (cars),million miles,per km2,CD,403,Jackson Heights (CD3),2016,01/01/2016,33.7,
325374,644,Annual vehicle miles travelled (cars),million miles,per km2,CD,303,Bedford Stuyvesant (CD3),2016,01/01/2016,21.7,
154545,644,Annual vehicle miles travelled (cars),million miles,per km2,CD,403,Jackson Heights (CD3),2005,01/01/2005,29.4,
154546,644,Annual vehicle miles travelled (cars),million miles,per km2,CD,404,Elmhurst and Corona (CD4),2005,01/01/2005,34.7,
151715,644,Annual vehicle miles travelled (cars),million miles,per km2,Borough,2,Brooklyn,2005,01/01/2005,23.8,
325339,644,Annual vehicle miles travelled (cars),million miles,per km2,UHF42,407,Southwest Queens,2016,01/01/2016,23.8,
154444,645,Annual vehicle miles travelled (trucks),million miles,per km2,CD,103,Lower East Side and Chinatown (CD3),2005,01/01/2005,3.8,
171683,375,Nitrogen dioxide (NO2),Mean,ppb,UHF34,405,Ridgewood - Forest Hills,Winter 2011-12,12/01/2011,24.49,
171613,375,Nitrogen dioxide (NO2),Mean,ppb,UHF34,402,West Queens,Winter 2009-10,12/01/2009,27.56,
171681,375,Nitrogen dioxide (NO2),Mean,ppb,UHF34,402,West Queens,Winter 2011-12,12/01/2011,25.94,
211776,375,Nitrogen dioxide (NO2),Mean,ppb,UHF34,402,West Queens,Annual Average 2014,12/01/2013,21.87,
602889,375,Nitrogen dioxide (NO2),Mean,ppb,UHF34,402,West Queens,Summer 2018,06/01/2018,14.92,
667431,375,Nitrogen dioxide (NO2),Mean,ppb,UHF34,402,West Queens,Summer 2020,06/01/2020,12.85,
549948,375,Nitrogen dioxide (NO2),Mean,ppb,UHF34,402,West Queens,Winter 2016-17,12/01/2016,26.77,
549946,375,Nitrogen dioxide (NO2),Mean,ppb,UHF34,402,West Queens,Summer 2017,06/01/2017,15.77,
172667,375,Nitrogen dioxide (NO2),Mean,ppb,UHF34,402,West Queens,Annual Average 2011,12/01/2010,24.96,
172599,375,Nitrogen dioxide (NO2),Mean,ppb,UHF34,402,West Queens,Annual Average 2009,12/01/2008,25.81,
336676,375,Nitrogen dioxide (NO2),Mean,ppb,UHF34,402,West Queens,Annual Average 2015,01/01/2015,21.11,
667429,375,Nitrogen dioxide (NO2),Mean,ppb,UHF34,402,West Queens,Annual Average 2020,01/01/2020,17.79,
172601,375,Nitrogen dioxide (NO2),Mean,ppb,UHF34,405,Ridgewood - Forest Hills,Annual Average 2009,12/01/2008,24.06,
211676,375,Nitrogen dioxide (NO2),Mean,ppb,UHF34,405,Ridgewood - Forest Hills,Summer 2014,06/01/2014,14.62,
671105,386,Ozone (O3),Mean,ppb,CD,401,Long Island City and Astoria (CD1),Summer 2020,06/01/2020,31.83,
"131135,655,Asthma hospitalizations due to Ozone,Estimated annual rate (under age 18),""per 100,000 children"",UHF42,206,Borough Park,2005-2007,01/01/2005,3.9,"
"131039,653,Asthma emergency departments visits due to Ozone,Estimated annual rate (under age 18),""per 100,000 children"",UHF42,206,Borough Park,2005-2007,01/01/2005,12.4,"
"131128,655,Asthma hospitalizations due to Ozone,Estimated annual rate (under age 18),""per 100,000 children"",UHF42,106,High Bridge - Morrisania,2005-2007,01/01/2005,35.1,"
"131032,653,Asthma emergency departments visits due to Ozone,Estimated annual rate (under age 18),""per 100,000 children"",UHF42,106,High Bridge - Morrisania,2005-2007,01/01/2005,171.2,"
"518900,648,Asthma emergency department visits due to PM2.5,Estimated annual rate (under age 18),""per 100,000 children"",UHF42,206,Borough Park,2012-2014,01/02/2012,18.65,"
"518903,648,Asthma emergency department visits due to PM2.5,Estimated annual rate (under age 18),""per 100,000 children"",UHF42,209,Bensonhurst - Bay Ridge,2012-2014,01/02/2012,18.09,"
"628452,648,Asthma emergency department visits due to PM2.5,Estimated annual rate (under age 18),""per 100,000 children"",UHF42,209,Bensonhurst - Bay Ridge,2015-2017,01/01/2015,16.8,"
"151553,655,Asthma hospitalizations due to Ozone,Estimated annual rate (under age 18),""per 100,000 children"",UHF42,309,Union Square - Lower East Side,2009-2011,01/01/2009,14.2,"
325190,645,Annual vehicle miles travelled (trucks),million miles,per km2,CD,501,St. George and Stapleton (CD1),2016,01/01/2016,0.5,
325146,645,Annual vehicle miles travelled (trucks),million miles,per km2,CD,201,Mott Haven and Melrose (CD1),2016,01/01/2016,2.3,
154455,645,Annual vehicle miles travelled (trucks),million miles,per km2,CD,202,Hunts Point and Longwood (CD2),2005,01/01/2005,1.4,
325191,645,Annual vehicle miles travelled (trucks),million miles,per km2,CD,502,South Beach and Willowbrook (CD2),2016,01/01/2016,0.6,
154499,645,Annual vehicle miles travelled (trucks),million miles,per km2,CD,502,South Beach and Willowbrook (CD2),2005,01/01/2005,0.7,
154467,645,Annual vehicle miles travelled (trucks),million miles,per km2,CD,302,Fort Greene and Brooklyn Heights (CD2),2005,01/01/2005,3.8,
154514,644,Annual vehicle miles travelled (cars),million miles,per km2,CD,202,Hunts Point and Longwood (CD2),2005,01/01/2005,19.5,
154558,644,Annual vehicle miles travelled (cars),million miles,per km2,CD,502,South Beach and Willowbrook (CD2),2005,01/01/2005,11.7,
325405,644,Annual vehicle miles travelled (cars),million miles,per km2,CD,502,South Beach and Willowbrook (CD2),2016,01/01/2016,11.1,
154526,644,Annual vehicle miles travelled (cars),million miles,per km2,CD,302,Fort Greene and Brooklyn Heights (CD2),2005,01/01/2005,47.6,
325349,644,Annual vehicle miles travelled (cars),million miles,per km2,CD,102,Greenwich Village and Soho (CD2),2016,01/01/2016,38.2,
121669,386,Ozone (O3),Mean,ppb,CD,302,Fort Greene and Brooklyn Heights (CD2),2-Year Summer Average 2009-2010,06/01/2009,25.74,
743592,386,Ozone (O3),Mean,ppb,CD,502,South Beach and Willowbrook (CD2),Summer 2021,06/01/2021,29.43,
743607,386,Ozone (O3),Mean,ppb,CD,401,Long Island City and Astoria (CD1),Summer 2021,06/01/2021,30.39,
549991,375,Nitrogen dioxide (NO2),Mean,ppb,CD,101,Financial District (CD1),Summer 2017,06/01/2017,23.03,
213578,375,Nitrogen dioxide (NO2),Mean,ppb,CD,102,Greenwich Village and Soho (CD2),Annual Average 2014,12/01/2013,28.08,
165811,375,Nitrogen dioxide (NO2),Mean,ppb,CD,202,Hunts Point and Longwood (CD2),Winter 2009-10,12/01/2009,26.32,
213590,375,Nitrogen dioxide (NO2),Mean,ppb,CD,202,Hunts Point and Longwood (CD2),Annual Average 2014,12/01/2013,21.02,
550030,375,Nitrogen dioxide (NO2),Mean,ppb,CD,202,Hunts Point and Longwood (CD2),Summer 2017,06/01/2017,15.72,
336682,375,Nitrogen dioxide (NO2),Mean,ppb,UHF34,405,Ridgewood - Forest Hills,Annual Average 2015,01/01/2015,19.25,
643512,375,Nitrogen dioxide (NO2),Mean,ppb,UHF34,405,Ridgewood - Forest Hills,Winter 2018-19,12/01/2018,22.03,
175339,375,Nitrogen dioxide (NO2),Mean,ppb,UHF42,107,Hunts Point - Mott Haven,Winter 2010-11,12/01/2010,30.73,
336510,375,Nitrogen dioxide (NO2),Mean,ppb,UHF42,107,Hunts Point - Mott Haven,Winter 2014-15,12/01/2014,25.21,
549779,375,Nitrogen dioxide (NO2),Mean,ppb,UHF42,107,Hunts Point - Mott Haven,Annual Average 2017,01/01/2017,20.39,
412056,386,Ozone (O3),Mean,ppb,UHF34,402,West Queens,Summer 2016,06/01/2016,33.12,
221910,386,Ozone (O3),Mean,ppb,UHF34,402,West Queens,Summer 2010,06/01/2010,33.17,
221911,386,Ozone (O3),Mean,ppb,UHF34,402,West Queens,Summer 2011,06/01/2011,33,
172123,375,Nitrogen dioxide (NO2),Mean,ppb,UHF34,402,West Queens,Summer 2010,06/01/2010,20.31,
172157,375,Nitrogen dioxide (NO2),Mean,ppb,UHF34,402,West Queens,Summer 2011,06/01/2011,20.29,
412614,375,Nitrogen dioxide (NO2),Mean,ppb,UHF34,402,West Queens,Summer 2016,06/01/2016,15.6,
741079,375,Nitrogen dioxide (NO2),Mean,ppb,UHF34,402,West Queens,Winter 2020-21,12/01/2020,22.92,
412620,375,Nitrogen dioxide (NO2),Mean,ppb,UHF34,405,Ridgewood - Forest Hills,Summer 2016,06/01/2016,13.62,
412619,375,Nitrogen dioxide (NO2),Mean,ppb,UHF34,405,Ridgewood - Forest Hills,Winter 2015-16,12/01/2015,23.39,
741085,375,Nitrogen dioxide (NO2),Mean,ppb,UHF34,405,Ridgewood - Forest Hills,Winter 2020-21,12/01/2020,21.48,
175304,375,Nitrogen dioxide (NO2),Mean,ppb,UHF42,207,East Flatbush - Flatbush,Winter 2009-10,12/01/2009,28.06,
175388,375,Nitrogen dioxide (NO2),Mean,ppb,UHF42,207,East Flatbush - Flatbush,Winter 2011-12,12/01/2011,24.1,
212555,375,Nitrogen dioxide (NO2),Mean,ppb,UHF42,207,East Flatbush - Flatbush,Annual Average 2014,12/01/2013,20.47,
"131580,639,Deaths due to PM2.5,Estimated annual rate (age 30+),""per 100,000 adults"",UHF42,308,Greenwich Village - SoHo,2009-2011,01/01/2009,41,"
"131568,639,Deaths due to PM2.5,Estimated annual rate (age 30+),""per 100,000 adults"",UHF42,207,East Flatbush - Flatbush,2009-2011,01/01/2009,43.2,"
"131561,639,Deaths due to PM2.5,Estimated annual rate (age 30+),""per 100,000 adults"",UHF42,107,Hunts Point - Mott Haven,2009-2011,01/01/2009,58.8,"
"131569,639,Deaths due to PM2.5,Estimated annual rate (age 30+),""per 100,000 adults"",UHF42,208,Canarsie - Flatlands,2009-2011,01/01/2009,49.7,"
"131590,639,Deaths due to PM2.5,Estimated annual rate (age 30+),""per 100,000 adults"",UHF42,408,Jamaica,2009-2011,01/01/2009,42.7,"
"131589,639,Deaths due to PM2.5,Estimated annual rate (age 30+),""per 100,000 adults"",UHF42,407,Southwest Queens,2009-2011,01/01/2009,37.1,"
"131579,639,Deaths due to PM2.5,Estimated annual rate (age 30+),""per 100,000 adults"",UHF42,307,Gramercy Park - Murray Hill,2009-2011,01/01/2009,47.9,"
"131599,639,Deaths due to PM2.5,Estimated annual rate (age 30+),""per 100,000 adults"",Borough,2,Brooklyn,2009-2011,01/01/2009,50.1,"
"628414,639,Deaths due to PM2.5,Estimated annual rate (age 30+),""per 100,000 adults"",UHF42,308,Greenwich Village - SoHo,2015-2017,01/01/2015,25.5,"
"518769,639,Deaths due to PM2.5,Estimated annual rate (age 30+),""per 100,000 adults"",UHF42,308,Greenwich Village - SoHo,2012-2014,01/02/2012,31.69,"
"628395,639,Deaths due to PM2.5,Estimated annual rate (age 30+),""per 100,000 adults"",UHF42,107,Hunts Point - Mott Haven,2015-2017,01/01/2015,45.4,"
"131328,661,Asthma hospitalizations due to Ozone,Estimated annual rate (age 18+),""per 100,000 adults"",UHF42,207,East Flatbush - Flatbush,2005-2007,01/01/2005,7.2,"
"131350,661,Asthma hospitalizations due to Ozone,Estimated annual rate (age 18+),""per 100,000 adults"",UHF42,408,Jamaica,2005-2007,01/01/2005,7.9,"
"131349,661,Asthma hospitalizations due to Ozone,Estimated annual rate (age 18+),""per 100,000 adults"",UHF42,407,Southwest Queens,2005-2007,01/01/2005,4.2,"
325153,645,Annual vehicle miles travelled (trucks),million miles,per km2,CD,208,Riverdale and Fieldston (CD8),2016,01/01/2016,1.1,
325377,644,Annual vehicle miles travelled (cars),million miles,per km2,CD,306,Park Slope and Carroll Gardens (CD6),2016,01/01/2016,24.8,
325397,644,Annual vehicle miles travelled (cars),million miles,per km2,CD,408,Hillcrest and Fresh Meadows (CD8),2016,01/01/2016,34.3,
549451,386,Ozone (O3),Mean,ppb,CD,406,Rego Park and Forest Hills (CD6),Summer 2017,06/01/2017,29.24,
605354,386,Ozone (O3),Mean,ppb,CD,406,Rego Park and Forest Hills (CD6),Summer 2018,06/01/2018,30.39,
743620,386,Ozone (O3),Mean,ppb,CD,306,Park Slope and Carroll Gardens (CD6),Summer 2021,06/01/2021,28.93,
743632,386,Ozone (O3),Mean,ppb,CD,206,Belmont and East Tremont (CD6),Summer 2021,06/01/2021,29.52,
165919,375,Nitrogen dioxide (NO2),Mean,ppb,CD,104,Clinton and Chelsea (CD4),Winter 2011-12,12/01/2011,32.42,
165801,375,Nitrogen dioxide (NO2),Mean,ppb,CD,104,Clinton and Chelsea (CD4),Winter 2009-10,12/01/2009,34.44,
213580,375,Nitrogen dioxide (NO2),Mean,ppb,CD,104,Clinton and Chelsea (CD4),Annual Average 2014,12/01/2013,29.23,
603021,375,Nitrogen dioxide (NO2),Mean,ppb,CD,306,Park Slope and Carroll Gardens (CD6),Summer 2018,06/01/2018,16.27,
602949,375,Nitrogen dioxide (NO2),Mean,ppb,CD,106,Stuyvesant Town and Turtle Bay (CD6),Summer 2018,06/01/2018,23.83,
667551,375,Nitrogen dioxide (NO2),Mean,ppb,CD,106,Stuyvesant Town and Turtle Bay (CD6),Summer 2020,06/01/2020,17.91,
165935,375,Nitrogen dioxide (NO2),Mean,ppb,CD,208,Riverdale and Fieldston (CD8),Winter 2011-12,12/01/2011,21.84,
165817,375,Nitrogen dioxide (NO2),Mean,ppb,CD,208,Riverdale and Fieldston (CD8),Winter 2009-10,12/01/2009,21.42,
213596,375,Nitrogen dioxide (NO2),Mean,ppb,CD,208,Riverdale and Fieldston (CD8),Annual Average 2014,12/01/2013,17.14,
550048,375,Nitrogen dioxide (NO2),Mean,ppb,CD,208,Riverdale and Fieldston (CD8),Summer 2017,06/01/2017,13.03,
550050,375,Nitrogen dioxide (NO2),Mean,ppb,CD,208,Riverdale and Fieldston (CD8),Winter 2016-17,12/01/2016,24.31,
166865,375,Nitrogen dioxide (NO2),Mean,ppb,CD,106,Stuyvesant Town and Turtle Bay (CD6),Summer 2013,06/01/2013,30.77,
166806,375,Nitrogen dioxide (NO2),Mean,ppb,CD,106,Stuyvesant Town and Turtle Bay (CD6),Summer 2012,06/01/2012,33.13,
166863,375,Nitrogen dioxide (NO2),Mean,ppb,CD,104,Clinton and Chelsea (CD4),Summer 2013,06/01/2013,27.36,
166804,375,Nitrogen dioxide (NO2),Mean,ppb,CD,104,Clinton and Chelsea (CD4),Summer 2012,06/01/2012,28.92,
412669,375,Nitrogen dioxide (NO2),Mean,ppb,CD,104,Clinton and Chelsea (CD4),Annual Average 2016,12/31/2015,26.68,
605270,386,Ozone (O3),Mean,ppb,UHF42,503,Willowbrook,Summer 2018,06/01/2018,29.36,
670959,386,Ozone (O3),Mean,ppb,UHF42,303,East Harlem,Summer 2020,06/01/2020,30.19,
122018,386,Ozone (O3),Mean,ppb,UHF42,303,East Harlem,2-Year Summer Average 2009-2010,06/01/2009,25.7,
670947,386,Ozone (O3),Mean,ppb,UHF42,405,Ridgewood - Forest Hills,Summer 2020,06/01/2020,30.2,
175302,375,Nitrogen dioxide (NO2),Mean,ppb,UHF42,205,Sunset Park,Winter 2009-10,12/01/2009,27.5,
212553,375,Nitrogen dioxide (NO2),Mean,ppb,UHF42,205,Sunset Park,Annual Average 2014,12/01/2013,20.23,
549793,375,Nitrogen dioxide (NO2),Mean,ppb,UHF42,205,Sunset Park,Summer 2017,06/01/2017,14.14,
602736,375,Nitrogen dioxide (NO2),Mean,ppb,UHF42,205,Sunset Park,Summer 2018,06/01/2018,14.4,
212544,375,Nitrogen dioxide (NO2),Mean,ppb,UHF42,103,Fordham - Bronx Pk,Annual Average 2014,12/01/2013,19.44,
550032,375,Nitrogen dioxide (NO2),Mean,ppb,CD,202,Hunts Point and Longwood (CD2),Winter 2016-17,12/01/2016,27,
602973,375,Nitrogen dioxide (NO2),Mean,ppb,CD,202,Hunts Point and Longwood (CD2),Summer 2018,06/01/2018,15.44,
667599,375,Nitrogen dioxide (NO2),Mean,ppb,CD,202,Hunts Point and Longwood (CD2),Summer 2020,06/01/2020,14.77,
165798,375,Nitrogen dioxide (NO2),Mean,ppb,CD,101,Financial District (CD1),Winter 2009-10,12/01/2009,35.11,
165916,375,Nitrogen dioxide (NO2),Mean,ppb,CD,101,Financial District (CD1),Winter 2011-12,12/01/2011,32.12,
213577,375,Nitrogen dioxide (NO2),Mean,ppb,CD,101,Financial District (CD1),Annual Average 2014,12/01/2013,28.91,
549993,375,Nitrogen dioxide (NO2),Mean,ppb,CD,101,Financial District (CD1),Winter 2016-17,12/01/2016,30.37,
549354,386,Ozone (O3),Mean,ppb,UHF42,310,Lower Manhattan,Summer 2017,06/01/2017,24.66,
605257,386,Ozone (O3),Mean,ppb,UHF42,310,Lower Manhattan,Summer 2018,06/01/2018,25.92,
670952,386,Ozone (O3),Mean,ppb,UHF42,310,Lower Manhattan,Summer 2020,06/01/2020,27.71,
122025,386,Ozone (O3),Mean,ppb,UHF42,310,Lower Manhattan,2-Year Summer Average 2009-2010,06/01/2009,22.73,
602739,375,Nitrogen dioxide (NO2),Mean,ppb,UHF42,206,Borough Park,Summer 2018,06/01/2018,12.59,
549992,375,Nitrogen dioxide (NO2),Mean,ppb,CD,101,Financial District (CD1),Annual Average 2017,01/01/2017,25.94,
167758,375,Nitrogen dioxide (NO2),Mean,ppb,CD,202,Hunts Point and Longwood (CD2),Annual Average 2013,12/01/2012,21.27,
165870,375,Nitrogen dioxide (NO2),Mean,ppb,CD,202,Hunts Point and Longwood (CD2),Winter 2010-11,12/01/2010,30.57,
166637,375,Nitrogen dioxide (NO2),Mean,ppb,CD,202,Hunts Point and Longwood (CD2),Summer 2009,06/01/2009,22.71,
336762,375,Nitrogen dioxide (NO2),Mean,ppb,CD,202,Hunts Point and Longwood (CD2),Winter 2014-15,12/01/2014,25.17,
550031,375,Nitrogen dioxide (NO2),Mean,ppb,CD,202,Hunts Point and Longwood (CD2),Annual Average 2017,01/01/2017,20.3,
743624,386,Ozone (O3),Mean,ppb,CD,302,Fort Greene and Brooklyn Heights (CD2),Summer 2021,06/01/2021,28.58,
216426,386,Ozone (O3),Mean,ppb,CD,301,Greenpoint and Williamsburg (CD1),Summer 2013,06/01/2013,29.77,
216425,386,Ozone (O3),Mean,ppb,CD,301,Greenpoint and Williamsburg (CD1),Summer 2012,06/01/2012,32.67,
743625,386,Ozone (O3),Mean,ppb,CD,301,Greenpoint and Williamsburg (CD1),Summer 2021,06/01/2021,27.78,
667149,375,Nitrogen dioxide (NO2),Mean,ppb,UHF42,209,Bensonhurst - Bay Ridge,Summer 2020,06/01/2020,9.8,
175307,375,Nitrogen dioxide (NO2),Mean,ppb,UHF42,210,Coney Island - Sheepshead Bay,Winter 2009-10,12/01/2009,25.32,
"518685,661,Asthma hospitalizations due to Ozone,Estimated annual rate (age 18+),""per 100,000 adults"",UHF42,410,Rockaways,2012-2014,01/02/2012,7.6,"
"629050,661,Asthma hospitalizations due to Ozone,Estimated annual rate (age 18+),""per 100,000 adults"",UHF42,410,Rockaways,2015-2017,01/01/2015,4.8,"
"518674,661,Asthma hospitalizations due to Ozone,Estimated annual rate (age 18+),""per 100,000 adults"",UHF42,309,Union Square - Lower East Side,2012-2014,01/02/2012,5.5,"
"629039,661,Asthma hospitalizations due to Ozone,Estimated annual rate (age 18+),""per 100,000 adults"",UHF42,309,Union Square - Lower East Side,2015-2017,01/01/2015,2.8,"
"518664,661,Asthma hospitalizations due to Ozone,Estimated annual rate (age 18+),""per 100,000 adults"",UHF42,210,Coney Island - Sheepshead Bay,2012-2014,01/02/2012,5.7,"
"518675,661,Asthma hospitalizations due to Ozone,Estimated annual rate (age 18+),""per 100,000 adults"",UHF42,310,Lower Manhattan,2012-2014,01/02/2012,2.7,"
"629040,661,Asthma hospitalizations due to Ozone,Estimated annual rate (age 18+),""per 100,000 adults"",UHF42,310,Lower Manhattan,2015-2017,01/01/2015,2.2,"
169559,365,Fine particles (PM 2.5),Mean,mcg/m3,CD,403,Jackson Heights (CD3),Summer 2013,06/01/2013,10,
411049,365,Fine particles (PM 2.5),Mean,mcg/m3,CD,304,Bushwick (CD4),Annual Average 2016,12/31/2015,8.07,
605975,365,Fine particles (PM 2.5),Mean,mcg/m3,CD,304,Bushwick (CD4),Annual Average 2018,01/01/2018,7.51,
742475,365,Fine particles (PM 2.5),Mean,mcg/m3,CD,304,Bushwick (CD4),Summer 2021,06/01/2021,8.78,
605972,365,Fine particles (PM 2.5),Mean,mcg/m3,CD,303,Bedford Stuyvesant (CD3),Annual Average 2018,01/01/2018,7.38,
742472,365,Fine particles (PM 2.5),Mean,mcg/m3,CD,303,Bedford Stuyvesant (CD3),Summer 2021,06/01/2021,8.77,
168514,365,Fine particles (PM 2.5),Mean,mcg/m3,CD,103,Lower East Side and Chinatown (CD3),Winter 2010-11,12/01/2010,13.85,
169281,365,Fine particles (PM 2.5),Mean,mcg/m3,CD,103,Lower East Side and Chinatown (CD3),Summer 2009,06/01/2009,12.04,
170414,365,Fine particles (PM 2.5),Mean,mcg/m3,CD,203,Morrisania and Crotona (CD3),Annual Average 2013,12/01/2012,9.4,
334227,365,Fine particles (PM 2.5),Mean,mcg/m3,CD,203,Morrisania and Crotona (CD3),Winter 2014-15,12/01/2014,10.26,
547642,365,Fine particles (PM 2.5),Mean,mcg/m3,CD,203,Morrisania and Crotona (CD3),Annual Average 2017,01/01/2017,7.87,
649768,365,Fine particles (PM 2.5),Mean,mcg/m3,UHF42,408,Jamaica,Annual Average 2019,01/01/2019,6.24,
605770,365,Fine particles (PM 2.5),Mean,mcg/m3,UHF42,408,Jamaica,Winter 2017-18,12/01/2017,7.71,
"131377,657,Asthma emergency department visits due to PM2.5,Estimated annual rate (age 18+),""per 100,000 adults"",UHF42,208,Canarsie - Flatlands,2009-2011,01/01/2009,40.9,"
"131376,657,Asthma emergency department visits due to PM2.5,Estimated annual rate (age 18+),""per 100,000 adults"",UHF42,207,East Flatbush - Flatbush,2009-2011,01/01/2009,57.9,"
"628912,659,Asthma emergency departments visits due to Ozone,Estimated annual rate (age 18+),""per 100,000 adults"",Borough,1,Bronx,2015-2017,01/01/2015,87.6,"
172153,375,Nitrogen dioxide (NO2),Mean,ppb,UHF34,302,Central Harlem - Morningside Heights,Summer 2011,06/01/2011,23.92,
172119,375,Nitrogen dioxide (NO2),Mean,ppb,UHF34,302,Central Harlem - Morningside Heights,Summer 2010,06/01/2010,25.48,
412601,375,Nitrogen dioxide (NO2),Mean,ppb,UHF34,302,Central Harlem - Morningside Heights,Winter 2015-16,12/01/2015,25.73,
212703,365,Fine particles (PM 2.5),Mean,mcg/m3,UHF42,408,Jamaica,Winter 2013-14,12/01/2013,10.93,
212702,365,Fine particles (PM 2.5),Mean,mcg/m3,UHF42,407,Southwest Queens,Winter 2013-14,12/01/2013,10.95,
177174,365,Fine particles (PM 2.5),Mean,mcg/m3,UHF42,408,Jamaica,Winter 2008-09,12/01/2008,12.69,
669645,365,Fine particles (PM 2.5),Mean,mcg/m3,UHF34,405,Ridgewood - Forest Hills,Winter 2019-20,12/01/2019,7.7,
173245,365,Fine particles (PM 2.5),Mean,mcg/m3,UHF34,402,West Queens,Winter 2012-13,12/01/2012,10.76,
334139,365,Fine particles (PM 2.5),Mean,mcg/m3,UHF34,402,West Queens,Summer 2015,06/01/2015,9.98,
649850,365,Fine particles (PM 2.5),Mean,mcg/m3,UHF34,402,West Queens,Summer 2019,06/01/2019,8.61,
669651,365,Fine particles (PM 2.5),Mean,mcg/m3,UHF34,402,West Queens,Winter 2019-20,12/01/2019,8.24,
547540,365,Fine particles (PM 2.5),Mean,mcg/m3,UHF34,301,Washington Heights,Annual Average 2017,01/01/2017,7.79,
742335,365,Fine particles (PM 2.5),Mean,mcg/m3,UHF34,301,Washington Heights,Annual Average 2021,01/01/2021,6.86,
173173,365,Fine particles (PM 2.5),Mean,mcg/m3,UHF34,302,Central Harlem - Morningside Heights,Winter 2010-11,12/01/2010,14.35,
173615,365,Fine particles (PM 2.5),Mean,mcg/m3,UHF34,302,Central Harlem - Morningside Heights,Summer 2009,06/01/2009,11.36,
174261,365,Fine particles (PM 2.5),Mean,mcg/m3,UHF34,302,Central Harlem - Morningside Heights,Annual Average 2013,12/01/2012,9.7,
165860,375,Nitrogen dioxide (NO2),Mean,ppb,CD,104,Clinton and Chelsea (CD4),Winter 2010-11,12/01/2010,37.32,
166627,375,Nitrogen dioxide (NO2),Mean,ppb,CD,104,Clinton and Chelsea (CD4),Summer 2009,06/01/2009,32.98,
167748,375,Nitrogen dioxide (NO2),Mean,ppb,CD,104,Clinton and Chelsea (CD4),Annual Average 2013,12/01/2012,30.56,
336732,375,Nitrogen dioxide (NO2),Mean,ppb,CD,104,Clinton and Chelsea (CD4),Winter 2014-15,12/01/2014,30.68,
550001,375,Nitrogen dioxide (NO2),Mean,ppb,CD,104,Clinton and Chelsea (CD4),Annual Average 2017,01/01/2017,26.64,
216395,386,Ozone (O3),Mean,ppb,CD,208,Riverdale and Fieldston (CD8),Summer 2012,06/01/2012,33.77,
216396,386,Ozone (O3),Mean,ppb,CD,208,Riverdale and Fieldston (CD8),Summer 2013,06/01/2013,30.42,
175300,375,Nitrogen dioxide (NO2),Mean,ppb,UHF42,203,Bedford Stuyvesant - Crown Heights,Winter 2009-10,12/01/2009,28.86,
175384,375,Nitrogen dioxide (NO2),Mean,ppb,UHF42,203,Bedford Stuyvesant - Crown Heights,Winter 2011-12,12/01/2011,26.04,
212551,375,Nitrogen dioxide (NO2),Mean,ppb,UHF42,203,Bedford Stuyvesant - Crown Heights,Annual Average 2014,12/01/2013,21.75,
549789,375,Nitrogen dioxide (NO2),Mean,ppb,UHF42,203,Bedford Stuyvesant - Crown Heights,Winter 2016-17,12/01/2016,26.17,
667113,375,Nitrogen dioxide (NO2),Mean,ppb,UHF42,203,Bedford Stuyvesant - Crown Heights,Summer 2020,06/01/2020,11.59,
222645,386,Ozone (O3),Mean,ppb,UHF42,503,Willowbrook,Summer 2013,06/01/2013,30.48,
"629053,661,Asthma hospitalizations due to Ozone,Estimated annual rate (age 18+),""per 100,000 adults"",UHF42,503,Willowbrook,2015-2017,01/01/2015,2.6,"
"629045,661,Asthma hospitalizations due to Ozone,Estimated annual rate (age 18+),""per 100,000 adults"",UHF42,405,Ridgewood - Forest Hills,2015-2017,01/01/2015,1.9,"
"628949,659,Asthma emergency departments visits due to Ozone,Estimated annual rate (age 18+),""per 100,000 adults"",UHF42,405,Ridgewood - Forest Hills,2015-2017,01/01/2015,18.4,"
"518561,659,Asthma emergency departments visits due to Ozone,Estimated annual rate (age 18+),""per 100,000 adults"",UHF42,203,Bedford Stuyvesant - Crown Heights,2012-2014,01/02/2012,124.3,"
"518592,659,Asthma emergency departments visits due to Ozone,Estimated annual rate (age 18+),""per 100,000 adults"",UHF42,503,Willowbrook,2012-2014,01/02/2012,21.6,"
743686,386,Ozone (O3),Mean,ppb,UHF42,503,Willowbrook,Summer 2021,06/01/2021,29.09,
743706,386,Ozone (O3),Mean,ppb,UHF42,303,East Harlem,Summer 2021,06/01/2021,28.36,
222524,386,Ozone (O3),Mean,ppb,UHF42,303,East Harlem,Summer 2012,06/01/2012,32.25,
222471,386,Ozone (O3),Mean,ppb,UHF42,205,Sunset Park,Summer 2013,06/01/2013,29.67,
222470,386,Ozone (O3),Mean,ppb,UHF42,205,Sunset Park,Summer 2012,06/01/2012,32.29,
743694,386,Ozone (O3),Mean,ppb,UHF42,405,Ridgewood - Forest Hills,Summer 2021,06/01/2021,30.47,
216300,386,Ozone (O3),Mean,ppb,CD,104,Clinton and Chelsea (CD4),Summer 2013,06/01/2013,25.09,
216299,386,Ozone (O3),Mean,ppb,CD,104,Clinton and Chelsea (CD4),Summer 2012,06/01/2012,27.89,
216383,386,Ozone (O3),Mean,ppb,CD,206,Belmont and East Tremont (CD6),Summer 2012,06/01/2012,33.75,
216384,386,Ozone (O3),Mean,ppb,CD,206,Belmont and East Tremont (CD6),Summer 2013,06/01/2013,30.47,
216311,386,Ozone (O3),Mean,ppb,CD,106,Stuyvesant Town and Turtle Bay (CD6),Summer 2012,06/01/2012,25.46,
216312,386,Ozone (O3),Mean,ppb,CD,106,Stuyvesant Town and Turtle Bay (CD6),Summer 2013,06/01/2013,23.11,
743644,386,Ozone (O3),Mean,ppb,CD,106,Stuyvesant Town and Turtle Bay (CD6),Summer 2021,06/01/2021,27.2,
167717,375,Nitrogen dioxide (NO2),Mean,ppb,CD,308,Crown Heights and Prospect Heights (CD8),Annual Average 2012,12/01/2011,23.45,
547543,365,Fine particles (PM 2.5),Mean,mcg/m3,UHF34,302,Central Harlem - Morningside Heights,Annual Average 2017,01/01/2017,7.93,
605834,365,Fine particles (PM 2.5),Mean,mcg/m3,UHF34,301,Washington Heights,Annual Average 2018,01/01/2018,7.32,
742334,365,Fine particles (PM 2.5),Mean,mcg/m3,UHF34,301,Washington Heights,Summer 2021,06/01/2021,8.83,
412602,375,Nitrogen dioxide (NO2),Mean,ppb,UHF34,302,Central Harlem - Morningside Heights,Summer 2016,06/01/2016,18.13,
336663,375,Nitrogen dioxide (NO2),Mean,ppb,UHF34,301,Washington Heights,Winter 2014-15,12/01/2014,24.58,
172085,375,Nitrogen dioxide (NO2),Mean,ppb,UHF34,302,Central Harlem - Morningside Heights,Summer 2009,06/01/2009,28.08,
172731,375,Nitrogen dioxide (NO2),Mean,ppb,UHF34,302,Central Harlem - Morningside Heights,Annual Average 2013,12/01/2012,25.36,
336666,375,Nitrogen dioxide (NO2),Mean,ppb,UHF34,302,Central Harlem - Morningside Heights,Winter 2014-15,12/01/2014,26.74,
549935,375,Nitrogen dioxide (NO2),Mean,ppb,UHF34,302,Central Harlem - Morningside Heights,Annual Average 2017,01/01/2017,22.64,
741069,375,Nitrogen dioxide (NO2),Mean,ppb,UHF34,302,Central Harlem - Morningside Heights,Annual Average 2021,01/01/2021,18.21,
549932,375,Nitrogen dioxide (NO2),Mean,ppb,UHF34,301,Washington Heights,Annual Average 2017,01/01/2017,20.56,
741066,375,Nitrogen dioxide (NO2),Mean,ppb,UHF34,301,Washington Heights,Annual Average 2021,01/01/2021,17.1,
643391,375,Nitrogen dioxide (NO2),Mean,ppb,UHF42,307,Gramercy Park - Murray Hill,Summer 2019,06/01/2019,24.78,
336596,375,Nitrogen dioxide (NO2),Mean,ppb,UHF42,408,Jamaica,Summer 2015,06/01/2015,13.33,
643424,375,Nitrogen dioxide (NO2),Mean,ppb,UHF42,408,Jamaica,Summer 2019,06/01/2019,13.05,
667268,375,Nitrogen dioxide (NO2),Mean,ppb,UHF42,408,Jamaica,Winter 2019-20,12/01/2019,22.29,
173751,365,Fine particles (PM 2.5),Mean,mcg/m3,UHF34,302,Central Harlem - Morningside Heights,Summer 2013,06/01/2013,10.76,
410911,365,Fine particles (PM 2.5),Mean,mcg/m3,UHF34,302,Central Harlem - Morningside Heights,Annual Average 2016,12/31/2015,7.95,
742337,365,Fine particles (PM 2.5),Mean,mcg/m3,UHF34,302,Central Harlem - Morningside Heights,Summer 2021,06/01/2021,8.77,
605801,365,Fine particles (PM 2.5),Mean,mcg/m3,UHF34,201,Greenpoint,Annual Average 2018,01/01/2018,8.72,
742301,365,Fine particles (PM 2.5),Mean,mcg/m3,UHF34,201,Greenpoint,Summer 2021,06/01/2021,9.63,
410906,365,Fine particles (PM 2.5),Mean,mcg/m3,UHF34,301,Washington Heights,Winter 2015-16,12/01/2015,8.5,
410907,365,Fine particles (PM 2.5),Mean,mcg/m3,UHF34,301,Washington Heights,Summer 2016,06/01/2016,8.45,
742333,365,Fine particles (PM 2.5),Mean,mcg/m3,UHF34,301,Washington Heights,Winter 2020-21,12/01/2020,6.81,
547556,365,Fine particles (PM 2.5),Mean,mcg/m3,UHF34,402,West Queens,Winter 2016-17,12/01/2016,8.48,
669650,365,Fine particles (PM 2.5),Mean,mcg/m3,UHF34,402,West Queens,Summer 2020,06/01/2020,7.37,
605835,365,Fine particles (PM 2.5),Mean,mcg/m3,UHF34,301,Washington Heights,Summer 2018,06/01/2018,8.65,
547541,365,Fine particles (PM 2.5),Mean,mcg/m3,UHF34,301,Washington Heights,Winter 2016-17,12/01/2016,8.17,
334123,365,Fine particles (PM 2.5),Mean,mcg/m3,UHF34,301,Washington Heights,Annual Average 2015,01/01/2015,9.36,
174125,365,Fine particles (PM 2.5),Mean,mcg/m3,UHF34,302,Central Harlem - Morningside Heights,Annual Average 2009,12/01/2008,11.6,
174193,365,Fine particles (PM 2.5),Mean,mcg/m3,UHF34,302,Central Harlem - Morningside Heights,Annual Average 2011,12/01/2010,11.13,
334126,365,Fine particles (PM 2.5),Mean,mcg/m3,UHF34,302,Central Harlem - Morningside Heights,Annual Average 2015,01/01/2015,9.36,
667208,375,Nitrogen dioxide (NO2),Mean,ppb,UHF42,308,Greenwich Village - SoHo,Winter 2019-20,12/01/2019,31.63,
175442,375,Nitrogen dioxide (NO2),Mean,ppb,UHF42,308,Greenwich Village - SoHo,Winter 2012-13,12/01/2012,32.69,
176576,375,Nitrogen dioxide (NO2),Mean,ppb,UHF42,308,Greenwich Village - SoHo,Annual Average 2010,12/01/2009,31.8,
336857,375,Nitrogen dioxide (NO2),Mean,ppb,CD,404,Elmhurst and Corona (CD4),Summer 2015,06/01/2015,17.09,
667202,375,Nitrogen dioxide (NO2),Mean,ppb,UHF42,307,Gramercy Park - Murray Hill,Winter 2019-20,12/01/2019,34.16,
175441,375,Nitrogen dioxide (NO2),Mean,ppb,UHF42,307,Gramercy Park - Murray Hill,Winter 2012-13,12/01/2012,37.34,
176575,375,Nitrogen dioxide (NO2),Mean,ppb,UHF42,307,Gramercy Park - Murray Hill,Annual Average 2010,12/01/2009,39.17,
643394,375,Nitrogen dioxide (NO2),Mean,ppb,UHF42,308,Greenwich Village - SoHo,Summer 2019,06/01/2019,22.64,
412466,375,Nitrogen dioxide (NO2),Mean,ppb,UHF42,207,East Flatbush - Flatbush,Winter 2015-16,12/01/2015,23.79,
412467,375,Nitrogen dioxide (NO2),Mean,ppb,UHF42,207,East Flatbush - Flatbush,Summer 2016,06/01/2016,13.98,
740932,375,Nitrogen dioxide (NO2),Mean,ppb,UHF42,207,East Flatbush - Flatbush,Winter 2020-21,12/01/2020,22.76,
211976,365,Fine particles (PM 2.5),Mean,mcg/m3,UHF34,302,Central Harlem - Morningside Heights,Summer 2014,06/01/2014,9.12,
669664,365,Fine particles (PM 2.5),Mean,mcg/m3,UHF34,302,Central Harlem - Morningside Heights,Annual Average 2020,01/01/2020,6.35,
649839,365,Fine particles (PM 2.5),Mean,mcg/m3,UHF34,302,Central Harlem - Morningside Heights,Winter 2018-19,12/01/2018,7.59,
649736,365,Fine particles (PM 2.5),Mean,mcg/m3,UHF42,307,Gramercy Park - Murray Hill,Summer 2019,06/01/2019,11.11,
669765,365,Fine particles (PM 2.5),Mean,mcg/m3,UHF42,307,Gramercy Park - Murray Hill,Winter 2019-20,12/01/2019,11,
177331,365,Fine particles (PM 2.5),Mean,mcg/m3,UHF42,307,Gramercy Park - Murray Hill,Winter 2012-13,12/01/2012,15,
178465,365,Fine particles (PM 2.5),Mean,mcg/m3,UHF42,307,Gramercy Park - Murray Hill,Annual Average 2010,12/01/2009,14.24,
173683,365,Fine particles (PM 2.5),Mean,mcg/m3,UHF34,302,Central Harlem - Morningside Heights,Summer 2011,06/01/2011,11.93,
173649,365,Fine particles (PM 2.5),Mean,mcg/m3,UHF34,302,Central Harlem - Morningside Heights,Summer 2010,06/01/2010,12.49,
410909,365,Fine particles (PM 2.5),Mean,mcg/m3,UHF34,302,Central Harlem - Morningside Heights,Winter 2015-16,12/01/2015,8.42,
410910,365,Fine particles (PM 2.5),Mean,mcg/m3,UHF34,302,Central Harlem - Morningside Heights,Summer 2016,06/01/2016,8.67,
742300,365,Fine particles (PM 2.5),Mean,mcg/m3,UHF34,201,Greenpoint,Winter 2020-21,12/01/2020,7.99,
177320,365,Fine particles (PM 2.5),Mean,mcg/m3,UHF42,207,East Flatbush - Flatbush,Winter 2012-13,12/01/2012,10.24,
178454,365,Fine particles (PM 2.5),Mean,mcg/m3,UHF42,207,East Flatbush - Flatbush,Annual Average 2010,12/01/2009,9.8,
742302,365,Fine particles (PM 2.5),Mean,mcg/m3,UHF34,201,Greenpoint,Annual Average 2021,01/01/2021,7.67,
410808,365,Fine particles (PM 2.5),Mean,mcg/m3,UHF42,307,Gramercy Park - Murray Hill,Summer 2016,06/01/2016,11.17,
177859,365,Fine particles (PM 2.5),Mean,mcg/m3,UHF42,107,Hunts Point - Mott Haven,Summer 2011,06/01/2011,10.67,
177817,365,Fine particles (PM 2.5),Mean,mcg/m3,UHF42,107,Hunts Point - Mott Haven,Summer 2010,06/01/2010,11.12,
410753,365,Fine particles (PM 2.5),Mean,mcg/m3,UHF42,107,Hunts Point - Mott Haven,Winter 2015-16,12/01/2015,8.75,
177867,365,Fine particles (PM 2.5),Mean,mcg/m3,UHF42,208,Canarsie - Flatlands,Summer 2011,06/01/2011,11.12,
177825,365,Fine particles (PM 2.5),Mean,mcg/m3,UHF42,208,Canarsie - Flatlands,Summer 2010,06/01/2010,11.44,
130410,640,Boiler Emissions- Total SO2 Emissions,Number per km2,number,UHF42,207,East Flatbush - Flatbush,2013,01/01/2013,2.3,
175430,375,Nitrogen dioxide (NO2),Mean,ppb,UHF42,207,East Flatbush - Flatbush,Winter 2012-13,12/01/2012,25.91,
176564,375,Nitrogen dioxide (NO2),Mean,ppb,UHF42,207,East Flatbush - Flatbush,Annual Average 2010,12/01/2009,23.64,
643682,375,Nitrogen dioxide (NO2),Mean,ppb,CD,403,Jackson Heights (CD3),Summer 2019,06/01/2019,14.43,
166015,375,Nitrogen dioxide (NO2),Mean,ppb,CD,317,East Flatbush (CD17),Winter 2012-13,12/01/2012,26.06,
336842,375,Nitrogen dioxide (NO2),Mean,ppb,CD,317,East Flatbush (CD17),Summer 2015,06/01/2015,14.6,
643670,375,Nitrogen dioxide (NO2),Mean,ppb,CD,317,East Flatbush (CD17),Summer 2019,06/01/2019,12.67,
667760,375,Nitrogen dioxide (NO2),Mean,ppb,CD,317,East Flatbush (CD17),Winter 2019-20,12/01/2019,26.3,
166016,375,Nitrogen dioxide (NO2),Mean,ppb,CD,318,Flatlands and Canarsie (CD18),Winter 2012-13,12/01/2012,22.68,
167626,375,Nitrogen dioxide (NO2),Mean,ppb,CD,503,Tottenville and Great Kills (CD3),Annual Average 2010,12/01/2009,12.96,
166033,375,Nitrogen dioxide (NO2),Mean,ppb,CD,503,Tottenville and Great Kills (CD3),Winter 2012-13,12/01/2012,16.7,
643673,375,Nitrogen dioxide (NO2),Mean,ppb,CD,318,Flatlands and Canarsie (CD18),Summer 2019,06/01/2019,9.24,
667766,375,Nitrogen dioxide (NO2),Mean,ppb,CD,318,Flatlands and Canarsie (CD18),Winter 2019-20,12/01/2019,22.83,
547641,365,Fine particles (PM 2.5),Mean,mcg/m3,CD,203,Morrisania and Crotona (CD3),Summer 2017,06/01/2017,9.81,
547643,365,Fine particles (PM 2.5),Mean,mcg/m3,CD,203,Morrisania and Crotona (CD3),Winter 2016-17,12/01/2016,8.38,
669593,365,Fine particles (PM 2.5),Mean,mcg/m3,CD,203,Morrisania and Crotona (CD3),Summer 2020,06/01/2020,7.33,
130537,642,Boiler Emissions- Total NOx Emissions,Number per km2,number,Borough,2,Brooklyn,2013,01/01/2013,22.8,
177187,365,Fine particles (PM 2.5),Mean,mcg/m3,UHF42,107,Hunts Point - Mott Haven,Winter 2009-10,12/01/2009,8.92,
177271,365,Fine particles (PM 2.5),Mean,mcg/m3,UHF42,107,Hunts Point - Mott Haven,Winter 2011-12,12/01/2011,8.81,
212926,365,Fine particles (PM 2.5),Mean,mcg/m3,UHF42,107,Hunts Point - Mott Haven,Annual Average 2014,12/01/2013,9.75,
547388,365,Fine particles (PM 2.5),Mean,mcg/m3,UHF42,107,Hunts Point - Mott Haven,Winter 2016-17,12/01/2016,8.78,
547386,365,Fine particles (PM 2.5),Mean,mcg/m3,UHF42,107,Hunts Point - Mott Haven,Summer 2017,06/01/2017,10.2,
605682,365,Fine particles (PM 2.5),Mean,mcg/m3,UHF42,107,Hunts Point - Mott Haven,Summer 2018,06/01/2018,9.23,
168468,365,Fine particles (PM 2.5),Mean,mcg/m3,CD,204,Highbridge and Concourse (CD4),Winter 2009-10,12/01/2009,12.47,
168586,365,Fine particles (PM 2.5),Mean,mcg/m3,CD,204,Highbridge and Concourse (CD4),Winter 2011-12,12/01/2011,11.42,
605940,365,Fine particles (PM 2.5),Mean,mcg/m3,CD,204,Highbridge and Concourse (CD4),Summer 2018,06/01/2018,9.1,
669855,365,Fine particles (PM 2.5),Mean,mcg/m3,CD,204,Highbridge and Concourse (CD4),Summer 2020,06/01/2020,7.23,
549801,375,Nitrogen dioxide (NO2),Mean,ppb,UHF42,207,East Flatbush - Flatbush,Winter 2016-17,12/01/2016,25.18,
602742,375,Nitrogen dioxide (NO2),Mean,ppb,UHF42,207,East Flatbush - Flatbush,Summer 2018,06/01/2018,12.34,
667137,375,Nitrogen dioxide (NO2),Mean,ppb,UHF42,207,East Flatbush - Flatbush,Summer 2020,06/01/2020,10.66,
212548,375,Nitrogen dioxide (NO2),Mean,ppb,UHF42,107,Hunts Point - Mott Haven,Annual Average 2014,12/01/2013,21.14,
549778,375,Nitrogen dioxide (NO2),Mean,ppb,UHF42,107,Hunts Point - Mott Haven,Summer 2017,06/01/2017,15.85,
549780,375,Nitrogen dioxide (NO2),Mean,ppb,UHF42,107,Hunts Point - Mott Haven,Winter 2016-17,12/01/2016,26.96,
602721,375,Nitrogen dioxide (NO2),Mean,ppb,UHF42,107,Hunts Point - Mott Haven,Summer 2018,06/01/2018,15.21,
667095,375,Nitrogen dioxide (NO2),Mean,ppb,UHF42,107,Hunts Point - Mott Haven,Summer 2020,06/01/2020,14.29,
222611,386,Ozone (O3),Mean,ppb,UHF42,408,Jamaica,Summer 2009,06/01/2009,26.14,
222551,386,Ozone (O3),Mean,ppb,UHF42,308,Greenwich Village - SoHo,Summer 2009,06/01/2009,20.56,
222479,386,Ozone (O3),Mean,ppb,UHF42,207,East Flatbush - Flatbush,Summer 2009,06/01/2009,25.47,
167612,375,Nitrogen dioxide (NO2),Mean,ppb,CD,403,Jackson Heights (CD3),Annual Average 2010,12/01/2009,24.01,
336803,375,Nitrogen dioxide (NO2),Mean,ppb,CD,304,Bushwick (CD4),Summer 2015,06/01/2015,15.48,
643631,375,Nitrogen dioxide (NO2),Mean,ppb,CD,304,Bushwick (CD4),Summer 2019,06/01/2019,14.81,
667682,375,Nitrogen dioxide (NO2),Mean,ppb,CD,304,Bushwick (CD4),Winter 2019-20,12/01/2019,27.69,
336800,375,Nitrogen dioxide (NO2),Mean,ppb,CD,303,Bedford Stuyvesant (CD3),Summer 2015,06/01/2015,16.56,
667676,375,Nitrogen dioxide (NO2),Mean,ppb,CD,303,Bedford Stuyvesant (CD3),Winter 2019-20,12/01/2019,28.08,
151629,643,Annual vehicle miles traveled,million miles,per km2,UHF42,107,Hunts Point - Mott Haven,2005,01/01/2005,21.3,
325204,643,Annual vehicle miles traveled,million miles,per km2,UHF42,107,Hunts Point - Mott Haven,2016,01/01/2016,20.2,
325136,645,Annual vehicle miles travelled (trucks),million miles,per km2,CD,103,Lower East Side and Chinatown (CD3),2016,01/01/2016,2.2,
154468,645,Annual vehicle miles travelled (trucks),million miles,per km2,CD,303,Bedford Stuyvesant (CD3),2005,01/01/2005,0.9,
325161,645,Annual vehicle miles travelled (trucks),million miles,per km2,CD,304,Bushwick (CD4),2016,01/01/2016,0.4,
325160,645,Annual vehicle miles travelled (trucks),million miles,per km2,CD,303,Bedford Stuyvesant (CD3),2016,01/01/2016,1,
154486,645,Annual vehicle miles travelled (trucks),million miles,per km2,CD,403,Jackson Heights (CD3),2005,01/01/2005,0.6,
154456,645,Annual vehicle miles travelled (trucks),million miles,per km2,CD,203,Morrisania and Crotona (CD3),2005,01/01/2005,1.3,
325148,645,Annual vehicle miles travelled (trucks),million miles,per km2,CD,203,Morrisania and Crotona (CD3),2016,01/01/2016,1.2,
222545,386,Ozone (O3),Mean,ppb,UHF42,307,Gramercy Park - Murray Hill,Summer 2009,06/01/2009,16.13,
740936,375,Nitrogen dioxide (NO2),Mean,ppb,UHF42,208,Canarsie - Flatlands,Summer 2021,06/01/2021,8.17,
412468,375,Nitrogen dioxide (NO2),Mean,ppb,UHF42,207,East Flatbush - Flatbush,Annual Average 2016,12/31/2015,18.86,
602741,375,Nitrogen dioxide (NO2),Mean,ppb,UHF42,207,East Flatbush - Flatbush,Annual Average 2018,01/01/2018,17.9,
740933,375,Nitrogen dioxide (NO2),Mean,ppb,UHF42,207,East Flatbush - Flatbush,Summer 2021,06/01/2021,10.75,
151685,644,Annual vehicle miles travelled (cars),million miles,per km2,UHF42,208,Canarsie - Flatlands,2005,01/01/2005,15.5,
325319,644,Annual vehicle miles travelled (cars),million miles,per km2,UHF42,208,Canarsie - Flatlands,2016,01/01/2016,17.5,
325301,644,Annual vehicle miles travelled (cars),million miles,per km2,Borough,2,Brooklyn,2016,01/01/2016,21.8,
325105,645,Annual vehicle miles travelled (trucks),million miles,per km2,UHF42,208,Canarsie - Flatlands,2016,01/01/2016,0.3,
325086,645,Annual vehicle miles travelled (trucks),million miles,per km2,Borough,1,Bronx,2016,01/01/2016,2,
130710,646,Outdoor Air Toxics - Benzene,Annual average concentration,µg/m3,UHF42,308,Greenwich Village - SoHo,2005,01/01/2005,4.7,
130698,646,Outdoor Air Toxics - Benzene,Annual average concentration,µg/m3,UHF42,207,East Flatbush - Flatbush,2005,01/01/2005,2.3,
130729,646,Outdoor Air Toxics - Benzene,Annual average concentration,µg/m3,Borough,2,Brooklyn,2005,01/01/2005,2.8,
130699,646,Outdoor Air Toxics - Benzene,Annual average concentration,µg/m3,UHF42,208,Canarsie - Flatlands,2005,01/01/2005,2.4,
130720,646,Outdoor Air Toxics - Benzene,Annual average concentration,µg/m3,UHF42,408,Jamaica,2005,01/01/2005,1.8,
130709,646,Outdoor Air Toxics - Benzene,Annual average concentration,µg/m3,UHF42,307,Gramercy Park - Murray Hill,2005,01/01/2005,5.3,
130719,646,Outdoor Air Toxics - Benzene,Annual average concentration,µg/m3,UHF42,407,Southwest Queens,2005,01/01/2005,1.8,
227524,647,Outdoor Air Toxics - Formaldehyde,Annual average concentration,µg/m3,CD,204,Highbridge and Concourse (CD4),2011,01/01/2011,2.2,
166757,375,Nitrogen dioxide (NO2),Mean,ppb,CD,204,Highbridge and Concourse (CD4),Summer 2011,06/01/2011,22.2,
222482,386,Ozone (O3),Mean,ppb,UHF42,207,East Flatbush - Flatbush,Summer 2012,06/01/2012,33.38,
222483,386,Ozone (O3),Mean,ppb,UHF42,207,East Flatbush - Flatbush,Summer 2013,06/01/2013,30.73,
743702,386,Ozone (O3),Mean,ppb,UHF42,307,Gramercy Park - Murray Hill,Summer 2021,06/01/2021,26.95,
166639,375,Nitrogen dioxide (NO2),Mean,ppb,CD,204,Highbridge and Concourse (CD4),Summer 2009,06/01/2009,26.88,
167760,375,Nitrogen dioxide (NO2),Mean,ppb,CD,204,Highbridge and Concourse (CD4),Annual Average 2013,12/01/2012,23.99,
165872,375,Nitrogen dioxide (NO2),Mean,ppb,CD,204,Highbridge and Concourse (CD4),Winter 2010-11,12/01/2010,32.21,
336768,375,Nitrogen dioxide (NO2),Mean,ppb,CD,204,Highbridge and Concourse (CD4),Winter 2014-15,12/01/2014,26.09,
550037,375,Nitrogen dioxide (NO2),Mean,ppb,CD,204,Highbridge and Concourse (CD4),Annual Average 2017,01/01/2017,21.8,
"628913,659,Asthma emergency departments visits due to Ozone,Estimated annual rate (age 18+),""per 100,000 adults"",Borough,2,Brooklyn,2015-2017,01/01/2015,51.7,"
"131244,657,Asthma emergency department visits due to PM2.5,Estimated annual rate (age 18+),""per 100,000 adults"",UHF42,308,Greenwich Village - SoHo,2005-2007,01/01/2005,11.6,"
"131243,657,Asthma emergency department visits due to PM2.5,Estimated annual rate (age 18+),""per 100,000 adults"",UHF42,307,Gramercy Park - Murray Hill,2005-2007,01/01/2005,27.4,"
"151600,661,Asthma hospitalizations due to Ozone,Estimated annual rate (age 18+),""per 100,000 adults"",UHF42,308,Greenwich Village - SoHo,2009-2011,01/01/2009,1,"
"151588,661,Asthma hospitalizations due to Ozone,Estimated annual rate (age 18+),""per 100,000 adults"",UHF42,207,East Flatbush - Flatbush,2009-2011,01/01/2009,7.3,"
"151599,661,Asthma hospitalizations due to Ozone,Estimated annual rate (age 18+),""per 100,000 adults"",UHF42,307,Gramercy Park - Murray Hill,2009-2011,01/01/2009,2.1,"
"151514,659,Asthma emergency departments visits due to Ozone,Estimated annual rate (age 18+),""per 100,000 adults"",UHF42,408,Jamaica,2009-2011,01/01/2009,54.1,"
"151513,659,Asthma emergency departments visits due to Ozone,Estimated annual rate (age 18+),""per 100,000 adults"",UHF42,407,Southwest Queens,2009-2011,01/01/2009,35,"
"151503,659,Asthma emergency departments visits due to Ozone,Estimated annual rate (age 18+),""per 100,000 adults"",UHF42,307,Gramercy Park - Murray Hill,2009-2011,01/01/2009,19.6,"
227567,647,Outdoor Air Toxics - Formaldehyde,Annual average concentration,µg/m3,CD,503,Tottenville and Great Kills (CD3),2011,01/01/2011,1.7,
227553,647,Outdoor Air Toxics - Formaldehyde,Annual average concentration,µg/m3,CD,403,Jackson Heights (CD3),2011,01/01/2011,2.3,
227626,646,Outdoor Air Toxics - Benzene,Annual average concentration,µg/m3,CD,503,Tottenville and Great Kills (CD3),2011,01/01/2011,1.05,
227613,646,Outdoor Air Toxics - Benzene,Annual average concentration,µg/m3,CD,404,Elmhurst and Corona (CD4),2011,01/01/2011,1.64,
227583,646,Outdoor Air Toxics - Benzene,Annual average concentration,µg/m3,CD,204,Highbridge and Concourse (CD4),2011,01/01/2011,1.68,
"151504,659,Asthma emergency departments visits due to Ozone,Estimated annual rate (age 18+),""per 100,000 adults"",UHF42,308,Greenwich Village - SoHo,2009-2011,01/01/2009,8.9,"
"151492,659,Asthma emergency departments visits due to Ozone,Estimated annual rate (age 18+),""per 100,000 adults"",UHF42,207,East Flatbush - Flatbush,2009-2011,01/01/2009,65.9,"
"151493,659,Asthma emergency departments visits due to Ozone,Estimated annual rate (age 18+),""per 100,000 adults"",UHF42,208,Canarsie - Flatlands,2009-2011,01/01/2009,49.8,"
227554,647,Outdoor Air Toxics - Formaldehyde,Annual average concentration,µg/m3,CD,404,Elmhurst and Corona (CD4),2011,01/01/2011,2.3,
227570,646,Outdoor Air Toxics - Benzene,Annual average concentration,µg/m3,CD,103,Lower East Side and Chinatown (CD3),2011,01/01/2011,2.19,
227612,646,Outdoor Air Toxics - Benzene,Annual average concentration,µg/m3,CD,403,Jackson Heights (CD3),2011,01/01/2011,1.61,
227594,646,Outdoor Air Toxics - Benzene,Annual average concentration,µg/m3,CD,303,Bedford Stuyvesant (CD3),2011,01/01/2011,1.36,
227582,646,Outdoor Air Toxics - Benzene,Annual average concentration,µg/m3,CD,203,Morrisania and Crotona (CD3),2011,01/01/2011,1.43,
227608,646,Outdoor Air Toxics - Benzene,Annual average concentration,µg/m3,CD,317,East Flatbush (CD17),2011,01/01/2011,1.48,
227609,646,Outdoor Air Toxics - Benzene,Annual average concentration,µg/m3,CD,318,Flatlands and Canarsie (CD18),2011,01/01/2011,1.03,
227595,646,Outdoor Air Toxics - Benzene,Annual average concentration,µg/m3,CD,304,Bushwick (CD4),2011,01/01/2011,1.38,
"151485,659,Asthma emergency departments visits due to Ozone,Estimated annual rate (age 18+),""per 100,000 adults"",UHF42,107,Hunts Point - Mott Haven,2009-2011,01/01/2009,119.1,"
"151522,659,Asthma emergency departments visits due to Ozone,Estimated annual rate (age 18+),""per 100,000 adults"",Borough,1,Bronx,2009-2011,01/01/2009,79.8,"
"151523,659,Asthma emergency departments visits due to Ozone,Estimated annual rate (age 18+),""per 100,000 adults"",Borough,2,Brooklyn,2009-2011,01/01/2009,54,"
"518683,661,Asthma hospitalizations due to Ozone,Estimated annual rate (age 18+),""per 100,000 adults"",UHF42,408,Jamaica,2012-2014,01/02/2012,5.9,"
"629019,661,Asthma hospitalizations due to Ozone,Estimated annual rate (age 18+),""per 100,000 adults"",UHF42,107,Hunts Point - Mott Haven,2015-2017,01/01/2015,14.2,"
"629026,661,Asthma hospitalizations due to Ozone,Estimated annual rate (age 18+),""per 100,000 adults"",UHF42,207,East Flatbush - Flatbush,2015-2017,01/01/2015,3.8,"
"629027,661,Asthma hospitalizations due to Ozone,Estimated annual rate (age 18+),""per 100,000 adults"",UHF42,208,Canarsie - Flatlands,2015-2017,01/01/2015,2.9,"
"518682,661,Asthma hospitalizations due to Ozone,Estimated annual rate (age 18+),""per 100,000 adults"",UHF42,407,Southwest Queens,2012-2014,01/02/2012,4.1,"
"629047,661,Asthma hospitalizations due to Ozone,Estimated annual rate (age 18+),""per 100,000 adults"",UHF42,407,Southwest Queens,2015-2017,01/01/2015,2.8,"
154575,643,Annual vehicle miles traveled,million miles,per km2,CD,204,Highbridge and Concourse (CD4),2005,01/01/2005,46.6,
154515,644,Annual vehicle miles travelled (cars),million miles,per km2,CD,203,Morrisania and Crotona (CD3),2005,01/01/2005,15.3,
325362,644,Annual vehicle miles travelled (cars),million miles,per km2,CD,203,Morrisania and Crotona (CD3),2016,01/01/2016,12.4,
325406,644,Annual vehicle miles travelled (cars),million miles,per km2,CD,503,Tottenville and Great Kills (CD3),2016,01/01/2016,6.3,
154541,644,Annual vehicle miles travelled (cars),million miles,per km2,CD,317,East Flatbush (CD17),2005,01/01/2005,36.4,
325388,644,Annual vehicle miles travelled (cars),million miles,per km2,CD,317,East Flatbush (CD17),2016,01/01/2016,21.8,
154542,644,Annual vehicle miles travelled (cars),million miles,per km2,CD,318,Flatlands and Canarsie (CD18),2005,01/01/2005,16.9,
325389,644,Annual vehicle miles travelled (cars),million miles,per km2,CD,318,Flatlands and Canarsie (CD18),2016,01/01/2016,14.9,
"518672,661,Asthma hospitalizations due to Ozone,Estimated annual rate (age 18+),""per 100,000 adults"",UHF42,307,Gramercy Park - Murray Hill,2012-2014,01/02/2012,1.7,"
"629037,661,Asthma hospitalizations due to Ozone,Estimated annual rate (age 18+),""per 100,000 adults"",UHF42,307,Gramercy Park - Murray Hill,2015-2017,01/01/2015,1,"
"629048,661,Asthma hospitalizations due to Ozone,Estimated annual rate (age 18+),""per 100,000 adults"",UHF42,408,Jamaica,2015-2017,01/01/2015,4.3,"
"518740,639,Deaths due to PM2.5,Estimated annual rate (age 30+),""per 100,000 adults"",Borough,2,Brooklyn,2012-2014,01/02/2012,40.96,"
"628385,639,Deaths due to PM2.5,Estimated annual rate (age 30+),""per 100,000 adults"",Borough,2,Brooklyn,2015-2017,01/01/2015,38.3,"
"628402,639,Deaths due to PM2.5,Estimated annual rate (age 30+),""per 100,000 adults"",UHF42,207,East Flatbush - Flatbush,2015-2017,01/01/2015,36.2,"
"628403,639,Deaths due to PM2.5,Estimated annual rate (age 30+),""per 100,000 adults"",UHF42,208,Canarsie - Flatlands,2015-2017,01/01/2015,40,"
"518778,639,Deaths due to PM2.5,Estimated annual rate (age 30+),""per 100,000 adults"",UHF42,407,Southwest Queens,2012-2014,01/02/2012,29.28,"
"628423,639,Deaths due to PM2.5,Estimated annual rate (age 30+),""per 100,000 adults"",UHF42,407,Southwest Queens,2015-2017,01/01/2015,27.6,"
"518768,639,Deaths due to PM2.5,Estimated annual rate (age 30+),""per 100,000 adults"",UHF42,307,Gramercy Park - Murray Hill,2012-2014,01/02/2012,45.24,"
"628413,639,Deaths due to PM2.5,Estimated annual rate (age 30+),""per 100,000 adults"",UHF42,307,Gramercy Park - Murray Hill,2015-2017,01/01/2015,35.7,"
"518757,639,Deaths due to PM2.5,Estimated annual rate (age 30+),""per 100,000 adults"",UHF42,207,East Flatbush - Flatbush,2012-2014,01/02/2012,37.28,"
"518779,639,Deaths due to PM2.5,Estimated annual rate (age 30+),""per 100,000 adults"",UHF42,408,Jamaica,2012-2014,01/02/2012,36.5,"
"628424,639,Deaths due to PM2.5,Estimated annual rate (age 30+),""per 100,000 adults"",UHF42,408,Jamaica,2015-2017,01/01/2015,31.7,"
"130811,648,Asthma emergency department visits due to PM2.5,Estimated annual rate (under age 18),""per 100,000 children"",UHF42,307,Gramercy Park - Murray Hill,2005-2007,01/01/2005,61.7,"
"131166,655,Asthma hospitalizations due to Ozone,Estimated annual rate (under age 18),""per 100,000 children"",Borough,1,Bronx,2005-2007,01/01/2005,34.1,"
"131136,655,Asthma hospitalizations due to Ozone,Estimated annual rate (under age 18),""per 100,000 children"",UHF42,207,East Flatbush - Flatbush,2005-2007,01/01/2005,27.6,"
"131137,655,Asthma hospitalizations due to Ozone,Estimated annual rate (under age 18),""per 100,000 children"",UHF42,208,Canarsie - Flatlands,2005-2007,01/01/2005,17.6,"
"131158,655,Asthma hospitalizations due to Ozone,Estimated annual rate (under age 18),""per 100,000 children"",UHF42,408,Jamaica,2005-2007,01/01/2005,23.4,"
"131061,653,Asthma emergency departments visits due to Ozone,Estimated annual rate (under age 18),""per 100,000 children"",UHF42,407,Southwest Queens,2005-2007,01/01/2005,63.5,"
"131051,653,Asthma emergency departments visits due to Ozone,Estimated annual rate (under age 18),""per 100,000 children"",UHF42,307,Gramercy Park - Murray Hill,2005-2007,01/01/2005,42.4,"
"131147,655,Asthma hospitalizations due to Ozone,Estimated annual rate (under age 18),""per 100,000 children"",UHF42,307,Gramercy Park - Murray Hill,2005-2007,01/01/2005,9.1,"
"131040,653,Asthma emergency departments visits due to Ozone,Estimated annual rate (under age 18),""per 100,000 children"",UHF42,207,East Flatbush - Flatbush,2005-2007,01/01/2005,93.5,"
"131598,639,Deaths due to PM2.5,Estimated annual rate (age 30+),""per 100,000 adults"",Borough,1,Bronx,2009-2011,01/01/2009,55,"
741171,375,Nitrogen dioxide (NO2),Mean,ppb,CD,204,Highbridge and Concourse (CD4),Annual Average 2021,01/01/2021,18.11,
741168,375,Nitrogen dioxide (NO2),Mean,ppb,CD,203,Morrisania and Crotona (CD3),Annual Average 2021,01/01/2021,17.32,
216440,386,Ozone (O3),Mean,ppb,CD,304,Bushwick (CD4),Summer 2009,06/01/2009,25.32,
216542,386,Ozone (O3),Mean,ppb,CD,403,Jackson Heights (CD3),Summer 2009,06/01/2009,25.51,
216548,386,Ozone (O3),Mean,ppb,CD,404,Elmhurst and Corona (CD4),Summer 2009,06/01/2009,24.94,
216626,386,Ozone (O3),Mean,ppb,CD,503,Tottenville and Great Kills (CD3),Summer 2009,06/01/2009,27.63,
121702,386,Ozone (O3),Mean,ppb,CD,503,Tottenville and Great Kills (CD3),2-Year Summer Average 2009-2010,06/01/2009,30.23,
605348,386,Ozone (O3),Mean,ppb,CD,318,Flatlands and Canarsie (CD18),Summer 2018,06/01/2018,32.91,
671106,386,Ozone (O3),Mean,ppb,CD,318,Flatlands and Canarsie (CD18),Summer 2020,06/01/2020,30.38,
"131052,653,Asthma emergency departments visits due to Ozone,Estimated annual rate (under age 18),""per 100,000 children"",UHF42,308,Greenwich Village - SoHo,2005-2007,01/01/2005,19.9,"
"131148,655,Asthma hospitalizations due to Ozone,Estimated annual rate (under age 18),""per 100,000 children"",UHF42,308,Greenwich Village - SoHo,2005-2007,01/01/2005,6.3,"
"131041,653,Asthma emergency departments visits due to Ozone,Estimated annual rate (under age 18),""per 100,000 children"",UHF42,208,Canarsie - Flatlands,2005-2007,01/01/2005,79.4,"
"518894,648,Asthma emergency department visits due to PM2.5,Estimated annual rate (under age 18),""per 100,000 children"",UHF42,107,Hunts Point - Mott Haven,2012-2014,01/02/2012,233.19,"
154482,645,Annual vehicle miles travelled (trucks),million miles,per km2,CD,317,East Flatbush (CD17),2005,01/01/2005,1.3,
325174,645,Annual vehicle miles travelled (trucks),million miles,per km2,CD,317,East Flatbush (CD17),2016,01/01/2016,0.6,
154483,645,Annual vehicle miles travelled (trucks),million miles,per km2,CD,318,Flatlands and Canarsie (CD18),2005,01/01/2005,0.6,
325175,645,Annual vehicle miles travelled (trucks),million miles,per km2,CD,318,Flatlands and Canarsie (CD18),2016,01/01/2016,0.4,
154500,645,Annual vehicle miles travelled (trucks),million miles,per km2,CD,503,Tottenville and Great Kills (CD3),2005,01/01/2005,0.4,
154457,645,Annual vehicle miles travelled (trucks),million miles,per km2,CD,204,Highbridge and Concourse (CD4),2005,01/01/2005,3.5,
325149,645,Annual vehicle miles travelled (trucks),million miles,per km2,CD,204,Highbridge and Concourse (CD4),2016,01/01/2016,4.6,
154559,644,Annual vehicle miles travelled (cars),million miles,per km2,CD,503,Tottenville and Great Kills (CD3),2005,01/01/2005,5.9,
154516,644,Annual vehicle miles travelled (cars),million miles,per km2,CD,204,Highbridge and Concourse (CD4),2005,01/01/2005,42.8,
325363,644,Annual vehicle miles travelled (cars),million miles,per km2,CD,204,Highbridge and Concourse (CD4),2016,01/01/2016,32.3,
216551,386,Ozone (O3),Mean,ppb,CD,404,Elmhurst and Corona (CD4),Summer 2012,06/01/2012,32.91,
216552,386,Ozone (O3),Mean,ppb,CD,404,Elmhurst and Corona (CD4),Summer 2013,06/01/2013,30.21,
216630,386,Ozone (O3),Mean,ppb,CD,503,Tottenville and Great Kills (CD3),Summer 2013,06/01/2013,32.64,
743608,386,Ozone (O3),Mean,ppb,CD,318,Flatlands and Canarsie (CD18),Summer 2021,06/01/2021,32.24,
165813,375,Nitrogen dioxide (NO2),Mean,ppb,CD,204,Highbridge and Concourse (CD4),Winter 2009-10,12/01/2009,28.16,
165931,375,Nitrogen dioxide (NO2),Mean,ppb,CD,204,Highbridge and Concourse (CD4),Winter 2011-12,12/01/2011,27.06,
213592,375,Nitrogen dioxide (NO2),Mean,ppb,CD,204,Highbridge and Concourse (CD4),Annual Average 2014,12/01/2013,22.7,
550036,375,Nitrogen dioxide (NO2),Mean,ppb,CD,204,Highbridge and Concourse (CD4),Summer 2017,06/01/2017,17.92,
602979,375,Nitrogen dioxide (NO2),Mean,ppb,CD,204,Highbridge and Concourse (CD4),Summer 2018,06/01/2018,15.99,
667611,375,Nitrogen dioxide (NO2),Mean,ppb,CD,204,Highbridge and Concourse (CD4),Summer 2020,06/01/2020,14.92,
550035,375,Nitrogen dioxide (NO2),Mean,ppb,CD,203,Morrisania and Crotona (CD3),Winter 2016-17,12/01/2016,27.46,
165812,375,Nitrogen dioxide (NO2),Mean,ppb,CD,203,Morrisania and Crotona (CD3),Winter 2009-10,12/01/2009,26.91,
550033,375,Nitrogen dioxide (NO2),Mean,ppb,CD,203,Morrisania and Crotona (CD3),Summer 2017,06/01/2017,16.55,
213604,375,Nitrogen dioxide (NO2),Mean,ppb,CD,304,Bushwick (CD4),Annual Average 2014,12/01/2013,21.2,
121658,386,Ozone (O3),Mean,ppb,CD,203,Morrisania and Crotona (CD3),2-Year Summer Average 2009-2010,06/01/2009,27.02,
166875,375,Nitrogen dioxide (NO2),Mean,ppb,CD,204,Highbridge and Concourse (CD4),Summer 2013,06/01/2013,20.19,
166816,375,Nitrogen dioxide (NO2),Mean,ppb,CD,204,Highbridge and Concourse (CD4),Summer 2012,06/01/2012,20.36,
412705,375,Nitrogen dioxide (NO2),Mean,ppb,CD,204,Highbridge and Concourse (CD4),Annual Average 2016,12/31/2015,21.21,
602978,375,Nitrogen dioxide (NO2),Mean,ppb,CD,204,Highbridge and Concourse (CD4),Annual Average 2018,01/01/2018,20.92,
741131,375,Nitrogen dioxide (NO2),Mean,ppb,CD,103,Lower East Side and Chinatown (CD3),Summer 2021,06/01/2021,15.39,
741167,375,Nitrogen dioxide (NO2),Mean,ppb,CD,203,Morrisania and Crotona (CD3),Summer 2021,06/01/2021,13.43,
122022,386,Ozone (O3),Mean,ppb,UHF42,307,Gramercy Park - Murray Hill,2-Year Summer Average 2009-2010,06/01/2009,19.27,
670954,386,Ozone (O3),Mean,ppb,UHF42,308,Greenwich Village - SoHo,Summer 2020,06/01/2020,28.54,
605243,386,Ozone (O3),Mean,ppb,UHF42,207,East Flatbush - Flatbush,Summer 2018,06/01/2018,30.95,
670966,386,Ozone (O3),Mean,ppb,UHF42,207,East Flatbush - Flatbush,Summer 2020,06/01/2020,29.46,
549340,386,Ozone (O3),Mean,ppb,UHF42,207,East Flatbush - Flatbush,Summer 2017,06/01/2017,30.13,
166638,375,Nitrogen dioxide (NO2),Mean,ppb,CD,203,Morrisania and Crotona (CD3),Summer 2009,06/01/2009,24.69,
336765,375,Nitrogen dioxide (NO2),Mean,ppb,CD,203,Morrisania and Crotona (CD3),Winter 2014-15,12/01/2014,25.23,
216365,386,Ozone (O3),Mean,ppb,CD,203,Morrisania and Crotona (CD3),Summer 2012,06/01/2012,33.72,
216366,386,Ozone (O3),Mean,ppb,CD,203,Morrisania and Crotona (CD3),Summer 2013,06/01/2013,30.43,
216522,386,Ozone (O3),Mean,ppb,CD,317,East Flatbush (CD17),Summer 2013,06/01/2013,31.02,
743609,386,Ozone (O3),Mean,ppb,CD,317,East Flatbush (CD17),Summer 2021,06/01/2021,31.04,
216528,386,Ozone (O3),Mean,ppb,CD,318,Flatlands and Canarsie (CD18),Summer 2013,06/01/2013,33.65,
216527,386,Ozone (O3),Mean,ppb,CD,318,Flatlands and Canarsie (CD18),Summer 2012,06/01/2012,36.58,
216437,386,Ozone (O3),Mean,ppb,CD,303,Bedford Stuyvesant (CD3),Summer 2012,06/01/2012,31.57,
216438,386,Ozone (O3),Mean,ppb,CD,303,Bedford Stuyvesant (CD3),Summer 2013,06/01/2013,29.07,
743635,386,Ozone (O3),Mean,ppb,CD,203,Morrisania and Crotona (CD3),Summer 2021,06/01/2021,29.44,
222549,386,Ozone (O3),Mean,ppb,UHF42,307,Gramercy Park - Murray Hill,Summer 2013,06/01/2013,21.93,
222548,386,Ozone (O3),Mean,ppb,UHF42,307,Gramercy Park - Murray Hill,Summer 2012,06/01/2012,24.05,
743713,386,Ozone (O3),Mean,ppb,UHF42,207,East Flatbush - Flatbush,Summer 2021,06/01/2021,30.88,
"629038,661,Asthma hospitalizations due to Ozone,Estimated annual rate (age 18+),""per 100,000 adults"",UHF42,308,Greenwich Village - SoHo,2015-2017,01/01/2015,0.6,"
650038,365,Fine particles (PM 2.5),Mean,mcg/m3,CD,407,Flushing and Whitestone (CD7),Annual Average 2019,01/01/2019,6.65,
216567,386,Ozone (O3),Mean,ppb,CD,407,Flushing and Whitestone (CD7),Summer 2010,06/01/2010,34.01,
216568,386,Ozone (O3),Mean,ppb,CD,407,Flushing and Whitestone (CD7),Summer 2011,06/01/2011,33.95,
667851,375,Nitrogen dioxide (NO2),Mean,ppb,CD,414,Rockaway and Broad Channel (CD14),Summer 2020,06/01/2020,5.9,
175364,375,Nitrogen dioxide (NO2),Mean,ppb,UHF42,404,Bayside - Little Neck,Winter 2010-11,12/01/2010,26.19,
176708,375,Nitrogen dioxide (NO2),Mean,ppb,UHF42,404,Bayside - Little Neck,Annual Average 2013,12/01/2012,16.41,
168549,365,Fine particles (PM 2.5),Mean,mcg/m3,CD,314,Flatbush and Midwood (CD14),Winter 2010-11,12/01/2010,12.51,
169316,365,Fine particles (PM 2.5),Mean,mcg/m3,CD,314,Flatbush and Midwood (CD14),Summer 2009,06/01/2009,10.78,
170437,365,Fine particles (PM 2.5),Mean,mcg/m3,CD,314,Flatbush and Midwood (CD14),Annual Average 2013,12/01/2012,8.55,
334296,365,Fine particles (PM 2.5),Mean,mcg/m3,CD,314,Flatbush and Midwood (CD14),Winter 2014-15,12/01/2014,8.68,
742506,365,Fine particles (PM 2.5),Mean,mcg/m3,CD,314,Flatbush and Midwood (CD14),Annual Average 2021,01/01/2021,6.43,
169309,365,Fine particles (PM 2.5),Mean,mcg/m3,CD,307,Sunset Park (CD7),Summer 2009,06/01/2009,11.5,
168542,365,Fine particles (PM 2.5),Mean,mcg/m3,CD,307,Sunset Park (CD7),Winter 2010-11,12/01/2010,13.6,
170430,365,Fine particles (PM 2.5),Mean,mcg/m3,CD,307,Sunset Park (CD7),Annual Average 2013,12/01/2012,9.18,
742485,365,Fine particles (PM 2.5),Mean,mcg/m3,CD,307,Sunset Park (CD7),Annual Average 2021,01/01/2021,7,
169297,365,Fine particles (PM 2.5),Mean,mcg/m3,CD,207,Kingsbridge Heights and Bedford (CD7),Summer 2009,06/01/2009,10.92,
169486,365,Fine particles (PM 2.5),Mean,mcg/m3,CD,307,Sunset Park (CD7),Summer 2012,06/01/2012,10.93,
169545,365,Fine particles (PM 2.5),Mean,mcg/m3,CD,307,Sunset Park (CD7),Summer 2013,06/01/2013,10.7,
605984,365,Fine particles (PM 2.5),Mean,mcg/m3,CD,307,Sunset Park (CD7),Annual Average 2018,01/01/2018,7.77,
411022,365,Fine particles (PM 2.5),Mean,mcg/m3,CD,207,Kingsbridge Heights and Bedford (CD7),Annual Average 2016,12/31/2015,7.78,
605948,365,Fine particles (PM 2.5),Mean,mcg/m3,CD,207,Kingsbridge Heights and Bedford (CD7),Annual Average 2018,01/01/2018,7.38,
742448,365,Fine particles (PM 2.5),Mean,mcg/m3,CD,207,Kingsbridge Heights and Bedford (CD7),Summer 2021,06/01/2021,8.72,
213968,365,Fine particles (PM 2.5),Mean,mcg/m3,CD,314,Flatbush and Midwood (CD14),Summer 2014,06/01/2014,8.61,
170201,365,Fine particles (PM 2.5),Mean,mcg/m3,CD,314,Flatbush and Midwood (CD14),Annual Average 2009,12/01/2008,10.34,
170319,365,Fine particles (PM 2.5),Mean,mcg/m3,CD,314,Flatbush and Midwood (CD14),Annual Average 2011,12/01/2010,10.08,
334294,365,Fine particles (PM 2.5),Mean,mcg/m3,CD,314,Flatbush and Midwood (CD14),Annual Average 2015,01/01/2015,8.42,
650007,365,Fine particles (PM 2.5),Mean,mcg/m3,CD,314,Flatbush and Midwood (CD14),Winter 2018-19,12/01/2018,6.82,
177954,365,Fine particles (PM 2.5),Mean,mcg/m3,UHF42,211,Williamsburg - Bushwick,Summer 2013,06/01/2013,12.2,
178542,365,Fine particles (PM 2.5),Mean,mcg/m3,UHF42,211,Williamsburg - Bushwick,Annual Average 2012,12/01/2011,9.7,
179773,640,Boiler Emissions- Total SO2 Emissions,Number per km2,number,UHF42,404,Bayside - Little Neck,2015,01/01/2015,0.9,
179786,640,Boiler Emissions- Total SO2 Emissions,Number per km2,number,UHF42,211,Williamsburg - Bushwick,2015,01/01/2015,0.3,
179805,640,Boiler Emissions- Total SO2 Emissions,Number per km2,number,UHF42,304,Upper West Side,2015,01/01/2015,50.9,
177958,365,Fine particles (PM 2.5),Mean,mcg/m3,UHF42,304,Upper West Side,Summer 2013,06/01/2013,11.38,
605714,365,Fine particles (PM 2.5),Mean,mcg/m3,UHF42,211,Williamsburg - Bushwick,Annual Average 2018,01/01/2018,8.11,
742214,365,Fine particles (PM 2.5),Mean,mcg/m3,UHF42,211,Williamsburg - Bushwick,Summer 2021,06/01/2021,9.21,
178546,365,Fine particles (PM 2.5),Mean,mcg/m3,UHF42,304,Upper West Side,Annual Average 2012,12/01/2011,10.46,
179718,642,Boiler Emissions- Total NOx Emissions,Number per km2,number,UHF42,504,South Beach - Tottenville,2015,01/01/2015,2,
169434,365,Fine particles (PM 2.5),Mean,mcg/m3,CD,314,Flatbush and Midwood (CD14),Summer 2011,06/01/2011,11.35,
169375,365,Fine particles (PM 2.5),Mean,mcg/m3,CD,314,Flatbush and Midwood (CD14),Summer 2010,06/01/2010,11.73,
411077,365,Fine particles (PM 2.5),Mean,mcg/m3,CD,314,Flatbush and Midwood (CD14),Winter 2015-16,12/01/2015,8.12,
411078,365,Fine particles (PM 2.5),Mean,mcg/m3,CD,314,Flatbush and Midwood (CD14),Summer 2016,06/01/2016,8.03,
742504,365,Fine particles (PM 2.5),Mean,mcg/m3,CD,314,Flatbush and Midwood (CD14),Winter 2020-21,12/01/2020,6.65,
168490,365,Fine particles (PM 2.5),Mean,mcg/m3,CD,314,Flatbush and Midwood (CD14),Winter 2009-10,12/01/2009,10.2,
168608,365,Fine particles (PM 2.5),Mean,mcg/m3,CD,314,Flatbush and Midwood (CD14),Winter 2011-12,12/01/2011,9.17,
606006,365,Fine particles (PM 2.5),Mean,mcg/m3,CD,314,Flatbush and Midwood (CD14),Summer 2018,06/01/2018,8.18,
669921,365,Fine particles (PM 2.5),Mean,mcg/m3,CD,314,Flatbush and Midwood (CD14),Summer 2020,06/01/2020,6.7,
168483,365,Fine particles (PM 2.5),Mean,mcg/m3,CD,307,Sunset Park (CD7),Winter 2009-10,12/01/2009,10.69,
168601,365,Fine particles (PM 2.5),Mean,mcg/m3,CD,307,Sunset Park (CD7),Winter 2011-12,12/01/2011,10.2,
214138,365,Fine particles (PM 2.5),Mean,mcg/m3,CD,307,Sunset Park (CD7),Annual Average 2014,12/01/2013,9.7,
547689,365,Fine particles (PM 2.5),Mean,mcg/m3,CD,307,Sunset Park (CD7),Summer 2017,06/01/2017,9.87,
547691,365,Fine particles (PM 2.5),Mean,mcg/m3,CD,307,Sunset Park (CD7),Winter 2016-17,12/01/2016,8.37,
669900,365,Fine particles (PM 2.5),Mean,mcg/m3,CD,307,Sunset Park (CD7),Summer 2020,06/01/2020,7.28,
605985,365,Fine particles (PM 2.5),Mean,mcg/m3,CD,307,Sunset Park (CD7),Summer 2018,06/01/2018,8.82,
334239,365,Fine particles (PM 2.5),Mean,mcg/m3,CD,207,Kingsbridge Heights and Bedford (CD7),Winter 2014-15,12/01/2014,10.37,
547654,365,Fine particles (PM 2.5),Mean,mcg/m3,CD,207,Kingsbridge Heights and Bedford (CD7),Annual Average 2017,01/01/2017,7.73,
742449,365,Fine particles (PM 2.5),Mean,mcg/m3,CD,207,Kingsbridge Heights and Bedford (CD7),Annual Average 2021,01/01/2021,6.64,
179834,641,Boiler Emissions- Total PM2.5 Emissions,Number per km2,number,UHF42,211,Williamsburg - Bushwick,2015,01/01/2015,0.1,
179738,642,Boiler Emissions- Total NOx Emissions,Number per km2,number,UHF42,211,Williamsburg - Bushwick,2015,01/01/2015,27.8,
177790,365,Fine particles (PM 2.5),Mean,mcg/m3,UHF42,304,Upper West Side,Summer 2009,06/01/2009,12.13,
130438,640,Boiler Emissions- Total SO2 Emissions,Number per km2,number,UHF42,504,South Beach - Tottenville,2013,01/01/2013,0,
336585,375,Nitrogen dioxide (NO2),Mean,ppb,UHF42,404,Bayside - Little Neck,Winter 2014-15,12/01/2014,22.34,
549854,375,Nitrogen dioxide (NO2),Mean,ppb,UHF42,404,Bayside - Little Neck,Annual Average 2017,01/01/2017,16.59,
740988,375,Nitrogen dioxide (NO2),Mean,ppb,UHF42,404,Bayside - Little Neck,Annual Average 2021,01/01/2021,13.91,
166654,375,Nitrogen dioxide (NO2),Mean,ppb,CD,307,Sunset Park (CD7),Summer 2009,06/01/2009,22.47,
165887,375,Nitrogen dioxide (NO2),Mean,ppb,CD,307,Sunset Park (CD7),Winter 2010-11,12/01/2010,30.78,
167775,375,Nitrogen dioxide (NO2),Mean,ppb,CD,307,Sunset Park (CD7),Annual Average 2013,12/01/2012,20.74,
336813,375,Nitrogen dioxide (NO2),Mean,ppb,CD,307,Sunset Park (CD7),Winter 2014-15,12/01/2014,25.46,
550082,375,Nitrogen dioxide (NO2),Mean,ppb,CD,307,Sunset Park (CD7),Annual Average 2017,01/01/2017,18.96,
165875,375,Nitrogen dioxide (NO2),Mean,ppb,CD,207,Kingsbridge Heights and Bedford (CD7),Winter 2010-11,12/01/2010,29.1,
166642,375,Nitrogen dioxide (NO2),Mean,ppb,CD,207,Kingsbridge Heights and Bedford (CD7),Summer 2009,06/01/2009,23.31,
167763,375,Nitrogen dioxide (NO2),Mean,ppb,CD,207,Kingsbridge Heights and Bedford (CD7),Annual Average 2013,12/01/2012,21.49,
336777,375,Nitrogen dioxide (NO2),Mean,ppb,CD,207,Kingsbridge Heights and Bedford (CD7),Winter 2014-15,12/01/2014,24.41,
222648,386,Ozone (O3),Mean,ppb,UHF42,504,South Beach - Tottenville,Summer 2010,06/01/2010,36.53,
222649,386,Ozone (O3),Mean,ppb,UHF42,504,South Beach - Tottenville,Summer 2011,06/01/2011,35.93,
412035,386,Ozone (O3),Mean,ppb,UHF42,504,South Beach - Tottenville,Summer 2016,06/01/2016,36.17,
412550,375,Nitrogen dioxide (NO2),Mean,ppb,UHF42,504,South Beach - Tottenville,Winter 2015-16,12/01/2015,16.6,
741289,375,Nitrogen dioxide (NO2),Mean,ppb,CD,414,Rockaway and Broad Channel (CD14),Winter 2020-21,12/01/2020,18.98,
166790,375,Nitrogen dioxide (NO2),Mean,ppb,CD,407,Flushing and Whitestone (CD7),Summer 2011,06/01/2011,17.39,
412802,375,Nitrogen dioxide (NO2),Mean,ppb,CD,407,Flushing and Whitestone (CD7),Winter 2015-16,12/01/2015,22.63,
166720,375,Nitrogen dioxide (NO2),Mean,ppb,CD,314,Flatbush and Midwood (CD14),Summer 2010,06/01/2010,18.28,
166779,375,Nitrogen dioxide (NO2),Mean,ppb,CD,314,Flatbush and Midwood (CD14),Summer 2011,06/01/2011,18.14,
412769,375,Nitrogen dioxide (NO2),Mean,ppb,CD,314,Flatbush and Midwood (CD14),Winter 2015-16,12/01/2015,23.27,
412770,375,Nitrogen dioxide (NO2),Mean,ppb,CD,314,Flatbush and Midwood (CD14),Summer 2016,06/01/2016,13.49,
176694,375,Nitrogen dioxide (NO2),Mean,ppb,UHF42,211,Williamsburg - Bushwick,Annual Average 2013,12/01/2012,22.72,
175896,375,Nitrogen dioxide (NO2),Mean,ppb,UHF42,211,Williamsburg - Bushwick,Summer 2009,06/01/2009,23.14,
336543,375,Nitrogen dioxide (NO2),Mean,ppb,UHF42,211,Williamsburg - Bushwick,Winter 2014-15,12/01/2014,26.59,
741235,375,Nitrogen dioxide (NO2),Mean,ppb,CD,314,Flatbush and Midwood (CD14),Winter 2020-21,12/01/2020,22.61,
667849,375,Nitrogen dioxide (NO2),Mean,ppb,CD,414,Rockaway and Broad Channel (CD14),Annual Average 2020,01/01/2020,10.47,
325229,643,Annual vehicle miles traveled,million miles,per km2,UHF42,404,Bayside - Little Neck,2016,01/01/2016,33.8,
154590,643,Annual vehicle miles traveled,million miles,per km2,CD,307,Sunset Park (CD7),2005,01/01/2005,37.6,
154578,643,Annual vehicle miles traveled,million miles,per km2,CD,207,Kingsbridge Heights and Bedford (CD7),2005,01/01/2005,30.4,
325259,643,Annual vehicle miles traveled,million miles,per km2,CD,207,Kingsbridge Heights and Bedford (CD7),2016,01/01/2016,27.5,
325219,643,Annual vehicle miles traveled,million miles,per km2,UHF42,304,Upper West Side,2016,01/01/2016,50.1,
325403,644,Annual vehicle miles travelled (cars),million miles,per km2,CD,414,Rockaway and Broad Channel (CD14),2016,01/01/2016,6.8,
325354,644,Annual vehicle miles travelled (cars),million miles,per km2,CD,107,Upper West Side (CD7),2016,01/01/2016,46.3,
154531,644,Annual vehicle miles travelled (cars),million miles,per km2,CD,307,Sunset Park (CD7),2005,01/01/2005,35.3,
325378,644,Annual vehicle miles travelled (cars),million miles,per km2,CD,307,Sunset Park (CD7),2016,01/01/2016,32,
154519,644,Annual vehicle miles travelled (cars),million miles,per km2,CD,207,Kingsbridge Heights and Bedford (CD7),2005,01/01/2005,28.3,
325366,644,Annual vehicle miles travelled (cars),million miles,per km2,CD,207,Kingsbridge Heights and Bedford (CD7),2016,01/01/2016,25,
325189,645,Annual vehicle miles travelled (trucks),million miles,per km2,CD,414,Rockaway and Broad Channel (CD14),2016,01/01/2016,0.2,
549812,375,Nitrogen dioxide (NO2),Mean,ppb,UHF42,211,Williamsburg - Bushwick,Annual Average 2017,01/01/2017,20.69,
336555,375,Nitrogen dioxide (NO2),Mean,ppb,UHF42,304,Upper West Side,Winter 2014-15,12/01/2014,27.42,
549824,375,Nitrogen dioxide (NO2),Mean,ppb,UHF42,304,Upper West Side,Annual Average 2017,01/01/2017,23.39,
213448,375,Nitrogen dioxide (NO2),Mean,ppb,CD,407,Flushing and Whitestone (CD7),Summer 2014,06/01/2014,14.52,
167675,375,Nitrogen dioxide (NO2),Mean,ppb,CD,407,Flushing and Whitestone (CD7),Annual Average 2011,12/01/2010,21.94,
336865,375,Nitrogen dioxide (NO2),Mean,ppb,CD,407,Flushing and Whitestone (CD7),Annual Average 2015,01/01/2015,19.04,
175332,375,Nitrogen dioxide (NO2),Mean,ppb,UHF42,504,South Beach - Tottenville,Winter 2009-10,12/01/2009,16.92,
602826,375,Nitrogen dioxide (NO2),Mean,ppb,UHF42,504,South Beach - Tottenville,Summer 2018,06/01/2018,6.28,
166713,375,Nitrogen dioxide (NO2),Mean,ppb,CD,307,Sunset Park (CD7),Summer 2010,06/01/2010,19.66,
167664,375,Nitrogen dioxide (NO2),Mean,ppb,CD,314,Flatbush and Midwood (CD14),Annual Average 2011,12/01/2010,22.86,
213437,375,Nitrogen dioxide (NO2),Mean,ppb,CD,314,Flatbush and Midwood (CD14),Summer 2014,06/01/2014,14.6,
167546,375,Nitrogen dioxide (NO2),Mean,ppb,CD,314,Flatbush and Midwood (CD14),Annual Average 2009,12/01/2008,24.43,
667741,375,Nitrogen dioxide (NO2),Mean,ppb,CD,314,Flatbush and Midwood (CD14),Annual Average 2020,01/01/2020,15.6,
643662,375,Nitrogen dioxide (NO2),Mean,ppb,CD,314,Flatbush and Midwood (CD14),Winter 2018-19,12/01/2018,21.07,
216613,386,Ozone (O3),Mean,ppb,CD,414,Rockaway and Broad Channel (CD14),Summer 2014,06/01/2014,36.31,
216505,386,Ozone (O3),Mean,ppb,CD,314,Flatbush and Midwood (CD14),Summer 2014,06/01/2014,30.73,
216571,386,Ozone (O3),Mean,ppb,CD,407,Flushing and Whitestone (CD7),Summer 2014,06/01/2014,32.01,
216463,386,Ozone (O3),Mean,ppb,CD,307,Sunset Park (CD7),Summer 2014,06/01/2014,30.55,
167539,375,Nitrogen dioxide (NO2),Mean,ppb,CD,307,Sunset Park (CD7),Annual Average 2009,12/01/2008,25.49,
167657,375,Nitrogen dioxide (NO2),Mean,ppb,CD,307,Sunset Park (CD7),Annual Average 2011,12/01/2010,24.01,
213430,375,Nitrogen dioxide (NO2),Mean,ppb,CD,307,Sunset Park (CD7),Summer 2014,06/01/2014,15.3,
336811,375,Nitrogen dioxide (NO2),Mean,ppb,CD,307,Sunset Park (CD7),Annual Average 2015,01/01/2015,19.81,
643641,375,Nitrogen dioxide (NO2),Mean,ppb,CD,307,Sunset Park (CD7),Winter 2018-19,12/01/2018,23.44,
667699,375,Nitrogen dioxide (NO2),Mean,ppb,CD,307,Sunset Park (CD7),Annual Average 2020,01/01/2020,16.89,
167645,375,Nitrogen dioxide (NO2),Mean,ppb,CD,207,Kingsbridge Heights and Bedford (CD7),Annual Average 2011,12/01/2010,24.22,
167527,375,Nitrogen dioxide (NO2),Mean,ppb,CD,207,Kingsbridge Heights and Bedford (CD7),Annual Average 2009,12/01/2008,26.72,
213418,375,Nitrogen dioxide (NO2),Mean,ppb,CD,207,Kingsbridge Heights and Bedford (CD7),Summer 2014,06/01/2014,17.08,
222589,386,Ozone (O3),Mean,ppb,UHF42,404,Bayside - Little Neck,Summer 2011,06/01/2011,33.03,
222528,386,Ozone (O3),Mean,ppb,UHF42,304,Upper West Side,Summer 2010,06/01/2010,28.68,
222529,386,Ozone (O3),Mean,ppb,UHF42,304,Upper West Side,Summer 2011,06/01/2011,27.89,
412015,386,Ozone (O3),Mean,ppb,UHF42,304,Upper West Side,Summer 2016,06/01/2016,30.54,
222588,386,Ozone (O3),Mean,ppb,UHF42,404,Bayside - Little Neck,Summer 2010,06/01/2010,33.51,
222505,386,Ozone (O3),Mean,ppb,UHF42,211,Williamsburg - Bushwick,Summer 2011,06/01/2011,31.54,
222504,386,Ozone (O3),Mean,ppb,UHF42,211,Williamsburg - Bushwick,Summer 2010,06/01/2010,32.38,
412011,386,Ozone (O3),Mean,ppb,UHF42,211,Williamsburg - Bushwick,Summer 2016,06/01/2016,32.99,
176068,375,Nitrogen dioxide (NO2),Mean,ppb,UHF42,304,Upper West Side,Summer 2013,06/01/2013,22.74,
176026,375,Nitrogen dioxide (NO2),Mean,ppb,UHF42,304,Upper West Side,Summer 2012,06/01/2012,23.58,
602732,375,Nitrogen dioxide (NO2),Mean,ppb,UHF42,204,East New York,Annual Average 2018,01/01/2018,17.56,
740924,375,Nitrogen dioxide (NO2),Mean,ppb,UHF42,204,East New York,Summer 2021,06/01/2021,10.79,
212583,375,Nitrogen dioxide (NO2),Mean,ppb,UHF42,504,South Beach - Tottenville,Annual Average 2014,12/01/2013,12.59,
549883,375,Nitrogen dioxide (NO2),Mean,ppb,UHF42,504,South Beach - Tottenville,Summer 2017,06/01/2017,7.77,
549885,375,Nitrogen dioxide (NO2),Mean,ppb,UHF42,504,South Beach - Tottenville,Winter 2016-17,12/01/2016,17.51,
667305,375,Nitrogen dioxide (NO2),Mean,ppb,UHF42,504,South Beach - Tottenville,Summer 2020,06/01/2020,7.29,
175322,375,Nitrogen dioxide (NO2),Mean,ppb,UHF42,404,Bayside - Little Neck,Winter 2009-10,12/01/2009,22.8,
175406,375,Nitrogen dioxide (NO2),Mean,ppb,UHF42,404,Bayside - Little Neck,Winter 2011-12,12/01/2011,20.42,
212573,375,Nitrogen dioxide (NO2),Mean,ppb,UHF42,404,Bayside - Little Neck,Annual Average 2014,12/01/2013,17.44,
549853,375,Nitrogen dioxide (NO2),Mean,ppb,UHF42,404,Bayside - Little Neck,Summer 2017,06/01/2017,12.58,
549855,375,Nitrogen dioxide (NO2),Mean,ppb,UHF42,404,Bayside - Little Neck,Winter 2016-17,12/01/2016,23.82,
667245,375,Nitrogen dioxide (NO2),Mean,ppb,UHF42,404,Bayside - Little Neck,Summer 2020,06/01/2020,8.71,
175900,375,Nitrogen dioxide (NO2),Mean,ppb,UHF42,304,Upper West Side,Summer 2009,06/01/2009,28.52,
549791,375,Nitrogen dioxide (NO2),Mean,ppb,UHF42,204,East New York,Annual Average 2017,01/01/2017,18.31,
740925,375,Nitrogen dioxide (NO2),Mean,ppb,UHF42,204,East New York,Annual Average 2021,01/01/2021,16.12,
740946,375,Nitrogen dioxide (NO2),Mean,ppb,UHF42,211,Williamsburg - Bushwick,Annual Average 2021,01/01/2021,19.04,
336583,375,Nitrogen dioxide (NO2),Mean,ppb,UHF42,404,Bayside - Little Neck,Annual Average 2015,01/01/2015,17.3,
212447,375,Nitrogen dioxide (NO2),Mean,ppb,UHF42,404,Bayside - Little Neck,Summer 2014,06/01/2014,12.64,
325140,645,Annual vehicle miles travelled (trucks),million miles,per km2,CD,107,Upper West Side (CD7),2016,01/01/2016,3.3,
154472,645,Annual vehicle miles travelled (trucks),million miles,per km2,CD,307,Sunset Park (CD7),2005,01/01/2005,2.2,
154460,645,Annual vehicle miles travelled (trucks),million miles,per km2,CD,207,Kingsbridge Heights and Bedford (CD7),2005,01/01/2005,1.7,
325152,645,Annual vehicle miles travelled (trucks),million miles,per km2,CD,207,Kingsbridge Heights and Bedford (CD7),2016,01/01/2016,2.3,
151644,643,Annual vehicle miles traveled,million miles,per km2,UHF42,304,Upper West Side,2005,01/01/2005,49.5,
151688,644,Annual vehicle miles travelled (cars),million miles,per km2,UHF42,211,Williamsburg - Bushwick,2005,01/01/2005,14.8,
325322,644,Annual vehicle miles travelled (cars),million miles,per km2,UHF42,211,Williamsburg - Bushwick,2016,01/01/2016,16.5,
325108,645,Annual vehicle miles travelled (trucks),million miles,per km2,UHF42,211,Williamsburg - Bushwick,2016,01/01/2016,0.5,
325090,645,Annual vehicle miles travelled (trucks),million miles,per km2,Borough,5,Staten Island,2016,01/01/2016,0.5,
151760,645,Annual vehicle miles travelled (trucks),million miles,per km2,UHF42,504,South Beach - Tottenville,2005,01/01/2005,0.3,
"151400,652,Cardiac and respiratory deaths due to Ozone,Estimated annual rate,""per 100,000"",UHF42,211,Williamsburg - Bushwick,2009-2011,01/01/2009,3.7,"
"151424,652,Cardiac and respiratory deaths due to Ozone,Estimated annual rate,""per 100,000"",UHF42,504,South Beach - Tottenville,2009-2011,01/01/2009,7.3,"
"518713,652,Cardiac and respiratory deaths due to Ozone,Estimated annual rate,""per 100,000"",UHF42,211,Williamsburg - Bushwick,2012-2014,01/02/2012,3.9,"
"629174,652,Cardiac and respiratory deaths due to Ozone,Estimated annual rate,""per 100,000"",UHF42,211,Williamsburg - Bushwick,2015-2017,01/01/2015,3.7,"
"518695,652,Cardiac and respiratory deaths due to Ozone,Estimated annual rate,""per 100,000"",Borough,5,Staten Island,2012-2014,01/02/2012,7.5,"
"130804,648,Asthma emergency department visits due to PM2.5,Estimated annual rate (under age 18),""per 100,000 children"",UHF42,211,Williamsburg - Bushwick,2005-2007,01/01/2005,185.7,"
"130828,648,Asthma emergency department visits due to PM2.5,Estimated annual rate (under age 18),""per 100,000 children"",UHF42,504,South Beach - Tottenville,2005-2007,01/01/2005,24,"
"518905,648,Asthma emergency department visits due to PM2.5,Estimated annual rate (under age 18),""per 100,000 children"",UHF42,211,Williamsburg - Bushwick,2012-2014,01/02/2012,165.26,"
"628454,648,Asthma emergency department visits due to PM2.5,Estimated annual rate (under age 18),""per 100,000 children"",UHF42,211,Williamsburg - Bushwick,2015-2017,01/01/2015,107.9,"
"518909,648,Asthma emergency department visits due to PM2.5,Estimated annual rate (under age 18),""per 100,000 children"",UHF42,304,Upper West Side,2012-2014,01/02/2012,63.93,"
"628458,648,Asthma emergency department visits due to PM2.5,Estimated annual rate (under age 18),""per 100,000 children"",UHF42,304,Upper West Side,2015-2017,01/01/2015,51.9,"
170194,365,Fine particles (PM 2.5),Mean,mcg/m3,CD,307,Sunset Park (CD7),Annual Average 2009,12/01/2008,11.13,
170312,365,Fine particles (PM 2.5),Mean,mcg/m3,CD,307,Sunset Park (CD7),Annual Average 2011,12/01/2010,10.92,
213961,365,Fine particles (PM 2.5),Mean,mcg/m3,CD,307,Sunset Park (CD7),Summer 2014,06/01/2014,9.55,
334273,365,Fine particles (PM 2.5),Mean,mcg/m3,CD,307,Sunset Park (CD7),Annual Average 2015,01/01/2015,9.56,
669898,365,Fine particles (PM 2.5),Mean,mcg/m3,CD,307,Sunset Park (CD7),Annual Average 2020,01/01/2020,6.47,
649787,365,Fine particles (PM 2.5),Mean,mcg/m3,UHF42,504,South Beach - Tottenville,Summer 2019,06/01/2019,7.25,
177338,365,Fine particles (PM 2.5),Mean,mcg/m3,UHF42,404,Bayside - Little Neck,Winter 2012-13,12/01/2012,9.4,
178472,365,Fine particles (PM 2.5),Mean,mcg/m3,UHF42,404,Bayside - Little Neck,Annual Average 2010,12/01/2009,8.98,
334046,365,Fine particles (PM 2.5),Mean,mcg/m3,UHF42,404,Bayside - Little Neck,Summer 2015,06/01/2015,9.07,
649757,365,Fine particles (PM 2.5),Mean,mcg/m3,UHF42,404,Bayside - Little Neck,Summer 2019,06/01/2019,7.29,
669744,365,Fine particles (PM 2.5),Mean,mcg/m3,UHF42,404,Bayside - Little Neck,Winter 2019-20,12/01/2019,7.65,
177348,365,Fine particles (PM 2.5),Mean,mcg/m3,UHF42,504,South Beach - Tottenville,Winter 2012-13,12/01/2012,9.57,
169427,365,Fine particles (PM 2.5),Mean,mcg/m3,CD,307,Sunset Park (CD7),Summer 2011,06/01/2011,12.09,
169368,365,Fine particles (PM 2.5),Mean,mcg/m3,CD,307,Sunset Park (CD7),Summer 2010,06/01/2010,12.53,
670961,386,Ozone (O3),Mean,ppb,UHF42,301,Washington Heights,Summer 2020,06/01/2020,28.84,
122016,386,Ozone (O3),Mean,ppb,UHF42,301,Washington Heights,2-Year Summer Average 2009-2010,06/01/2009,25.92,
743616,386,Ozone (O3),Mean,ppb,CD,310,Bay Ridge and Dyker Heights (CD10),Summer 2021,06/01/2021,29.65,
216492,386,Ozone (O3),Mean,ppb,CD,312,Borough Park (CD12),Summer 2013,06/01/2013,30.4,
216491,386,Ozone (O3),Mean,ppb,CD,312,Borough Park (CD12),Summer 2012,06/01/2012,33.11,
175375,375,Nitrogen dioxide (NO2),Mean,ppb,UHF42,101,Kingsbridge - Riverdale,Winter 2011-12,12/01/2011,21.85,
175291,375,Nitrogen dioxide (NO2),Mean,ppb,UHF42,101,Kingsbridge - Riverdale,Winter 2009-10,12/01/2009,21.38,
212542,375,Nitrogen dioxide (NO2),Mean,ppb,UHF42,101,Kingsbridge - Riverdale,Annual Average 2014,12/01/2013,17.1,
549762,375,Nitrogen dioxide (NO2),Mean,ppb,UHF42,101,Kingsbridge - Riverdale,Winter 2016-17,12/01/2016,24.27,
549760,375,Nitrogen dioxide (NO2),Mean,ppb,UHF42,101,Kingsbridge - Riverdale,Summer 2017,06/01/2017,13.02,
"518676,661,Asthma hospitalizations due to Ozone,Estimated annual rate (age 18+),""per 100,000 adults"",UHF42,401,Long Island City - Astoria,2012-2014,01/02/2012,4.3,"
"629041,661,Asthma hospitalizations due to Ozone,Estimated annual rate (age 18+),""per 100,000 adults"",UHF42,401,Long Island City - Astoria,2015-2017,01/01/2015,2.3,"
"628935,659,Asthma emergency departments visits due to Ozone,Estimated annual rate (age 18+),""per 100,000 adults"",UHF42,301,Washington Heights,2015-2017,01/01/2015,42.6,"
"628917,659,Asthma emergency departments visits due to Ozone,Estimated annual rate (age 18+),""per 100,000 adults"",UHF42,101,Kingsbridge - Riverdale,2015-2017,01/01/2015,36.2,"
"518580,659,Asthma emergency departments visits due to Ozone,Estimated annual rate (age 18+),""per 100,000 adults"",UHF42,401,Long Island City - Astoria,2012-2014,01/02/2012,31.2,"
"628955,659,Asthma emergency departments visits due to Ozone,Estimated annual rate (age 18+),""per 100,000 adults"",UHF42,501,Port Richmond,2015-2017,01/01/2015,74.6,"
"628945,659,Asthma emergency departments visits due to Ozone,Estimated annual rate (age 18+),""per 100,000 adults"",UHF42,401,Long Island City - Astoria,2015-2017,01/01/2015,28.7,"
602723,375,Nitrogen dioxide (NO2),Mean,ppb,UHF42,201,Greenpoint,Annual Average 2018,01/01/2018,21.93,
743640,386,Ozone (O3),Mean,ppb,CD,110,Central Harlem (CD10),Summer 2021,06/01/2021,28.57,
216347,386,Ozone (O3),Mean,ppb,CD,112,Washington Heights and Inwood (CD12),Summer 2012,06/01/2012,32.81,
167721,375,Nitrogen dioxide (NO2),Mean,ppb,CD,312,Borough Park (CD12),Annual Average 2012,12/01/2011,21.15,
167709,375,Nitrogen dioxide (NO2),Mean,ppb,CD,212,Williamsbridge and Baychester (CD12),Annual Average 2012,12/01/2011,19.54,
176677,375,Nitrogen dioxide (NO2),Mean,ppb,UHF42,101,Kingsbridge - Riverdale,Annual Average 2013,12/01/2012,18.23,
175879,375,Nitrogen dioxide (NO2),Mean,ppb,UHF42,101,Kingsbridge - Riverdale,Summer 2009,06/01/2009,19.51,
336492,375,Nitrogen dioxide (NO2),Mean,ppb,UHF42,101,Kingsbridge - Riverdale,Winter 2014-15,12/01/2014,21.19,
740915,375,Nitrogen dioxide (NO2),Mean,ppb,UHF42,201,Greenpoint,Summer 2021,06/01/2021,17.18,
412450,375,Nitrogen dioxide (NO2),Mean,ppb,UHF42,201,Greenpoint,Annual Average 2016,12/31/2015,21.44,
"518840,651,Cardiovascular hospitalizations due to PM2.5 (age 40+),Estimated annual rate,""per 100,000 adults"",UHF42,101,Kingsbridge - Riverdale,2012-2014,01/02/2012,14.01,"
"130911,650,Respiratory hospitalizations due to PM2.5 (age 20+),Estimated annual rate,""per 100,000 adults"",UHF42,401,Long Island City - Astoria,2005-2007,01/01/2005,16.9,"
"131525,650,Respiratory hospitalizations due to PM2.5 (age 20+),Estimated annual rate,""per 100,000 adults"",UHF42,301,Washington Heights,2009-2011,01/01/2009,12.5,"
740922,375,Nitrogen dioxide (NO2),Mean,ppb,UHF42,203,Bedford Stuyvesant - Crown Heights,Annual Average 2021,01/01/2021,17.12,
"131527,650,Respiratory hospitalizations due to PM2.5 (age 20+),Estimated annual rate,""per 100,000 adults"",UHF42,303,East Harlem,2009-2011,01/01/2009,29.2,"
"131529,650,Respiratory hospitalizations due to PM2.5 (age 20+),Estimated annual rate,""per 100,000 adults"",UHF42,305,Upper East Side,2009-2011,01/01/2009,9.2,"
"131518,650,Respiratory hospitalizations due to PM2.5 (age 20+),Estimated annual rate,""per 100,000 adults"",UHF42,205,Sunset Park,2009-2011,01/01/2009,12.5,"
154530,644,Annual vehicle miles travelled (cars),million miles,per km2,CD,306,Park Slope and Carroll Gardens (CD6),2005,01/01/2005,30.5,
325163,645,Annual vehicle miles travelled (trucks),million miles,per km2,CD,306,Park Slope and Carroll Gardens (CD6),2016,01/01/2016,1.6,
154473,645,Annual vehicle miles travelled (trucks),million miles,per km2,CD,308,Crown Heights and Prospect Heights (CD8),2005,01/01/2005,1,
325307,644,Annual vehicle miles travelled (cars),million miles,per km2,UHF42,103,Fordham - Bronx Pk,2016,01/01/2016,20.6,
151693,644,Annual vehicle miles travelled (cars),million miles,per km2,UHF42,305,Upper East Side,2005,01/01/2005,51.2,
154471,645,Annual vehicle miles travelled (trucks),million miles,per km2,CD,306,Park Slope and Carroll Gardens (CD6),2005,01/01/2005,1.7,
"151413,652,Cardiac and respiratory deaths due to Ozone,Estimated annual rate,""per 100,000"",UHF42,403,Flushing - Clearview,2009-2011,01/01/2009,5.4,"
"151392,652,Cardiac and respiratory deaths due to Ozone,Estimated annual rate,""per 100,000"",UHF42,203,Bedford Stuyvesant - Crown Heights,2009-2011,01/01/2009,4.8,"
"131516,650,Respiratory hospitalizations due to PM2.5 (age 20+),Estimated annual rate,""per 100,000 adults"",UHF42,203,Bedford Stuyvesant - Crown Heights,2009-2011,01/01/2009,16.3,"
"518803,650,Respiratory hospitalizations due to PM2.5 (age 20+),Estimated annual rate,""per 100,000 adults"",UHF42,205,Sunset Park,2012-2014,01/02/2012,9.43,"
"628544,650,Respiratory hospitalizations due to PM2.5 (age 20+),Estimated annual rate,""per 100,000 adults"",UHF42,205,Sunset Park,2015-2017,01/01/2015,7.4,"
"518801,650,Respiratory hospitalizations due to PM2.5 (age 20+),Estimated annual rate,""per 100,000 adults"",UHF42,203,Bedford Stuyvesant - Crown Heights,2012-2014,01/02/2012,14.13,"
"131491,651,Cardiovascular hospitalizations due to PM2.5 (age 40+),Estimated annual rate,""per 100,000 adults"",UHF42,405,Ridgewood - Forest Hills,2009-2011,01/01/2009,15.7,"
"131470,651,Cardiovascular hospitalizations due to PM2.5 (age 40+),Estimated annual rate,""per 100,000 adults"",UHF42,205,Sunset Park,2009-2011,01/01/2009,17.1,"
"131481,651,Cardiovascular hospitalizations due to PM2.5 (age 40+),Estimated annual rate,""per 100,000 adults"",UHF42,305,Upper East Side,2009-2011,01/01/2009,11.1,"
"131489,651,Cardiovascular hospitalizations due to PM2.5 (age 40+),Estimated annual rate,""per 100,000 adults"",UHF42,403,Flushing - Clearview,2009-2011,01/01/2009,14.1,"
"131461,651,Cardiovascular hospitalizations due to PM2.5 (age 40+),Estimated annual rate,""per 100,000 adults"",UHF42,103,Fordham - Bronx Pk,2009-2011,01/01/2009,18.8,"
"131468,651,Cardiovascular hospitalizations due to PM2.5 (age 40+),Estimated annual rate,""per 100,000 adults"",UHF42,203,Bedford Stuyvesant - Crown Heights,2009-2011,01/01/2009,23.9,"
"131499,651,Cardiovascular hospitalizations due to PM2.5 (age 40+),Estimated annual rate,""per 100,000 adults"",UHF42,503,Willowbrook,2009-2011,01/01/2009,17.8,"
412462,375,Nitrogen dioxide (NO2),Mean,ppb,UHF42,205,Sunset Park,Annual Average 2016,12/31/2015,19.32,
740927,375,Nitrogen dioxide (NO2),Mean,ppb,UHF42,205,Sunset Park,Summer 2021,06/01/2021,13.69,
740921,375,Nitrogen dioxide (NO2),Mean,ppb,UHF42,203,Bedford Stuyvesant - Crown Heights,Summer 2021,06/01/2021,11.86,
412441,375,Nitrogen dioxide (NO2),Mean,ppb,UHF42,105,Crotona -Tremont,Annual Average 2016,12/31/2015,20.37,
"131379,657,Asthma emergency department visits due to PM2.5,Estimated annual rate (age 18+),""per 100,000 adults"",UHF42,210,Coney Island - Sheepshead Bay,2009-2011,01/01/2009,19.8,"
"131378,657,Asthma emergency department visits due to PM2.5,Estimated annual rate (age 18+),""per 100,000 adults"",UHF42,209,Bensonhurst - Bay Ridge,2009-2011,01/01/2009,11.3,"
"518579,659,Asthma emergency departments visits due to Ozone,Estimated annual rate (age 18+),""per 100,000 adults"",UHF42,310,Lower Manhattan,2012-2014,01/02/2012,24.6,"
"628944,659,Asthma emergency departments visits due to Ozone,Estimated annual rate (age 18+),""per 100,000 adults"",UHF42,310,Lower Manhattan,2015-2017,01/01/2015,28.9,"
"518567,659,Asthma emergency departments visits due to Ozone,Estimated annual rate (age 18+),""per 100,000 adults"",UHF42,209,Bensonhurst - Bay Ridge,2012-2014,01/02/2012,14.5,"
216354,386,Ozone (O3),Mean,ppb,CD,201,Mott Haven and Melrose (CD1),Summer 2013,06/01/2013,30.57,
216353,386,Ozone (O3),Mean,ppb,CD,201,Mott Haven and Melrose (CD1),Summer 2012,06/01/2012,33.99,
167728,375,Nitrogen dioxide (NO2),Mean,ppb,CD,401,Long Island City and Astoria (CD1),Annual Average 2012,12/01/2011,22.2,
167711,375,Nitrogen dioxide (NO2),Mean,ppb,CD,302,Fort Greene and Brooklyn Heights (CD2),Annual Average 2012,12/01/2011,24.81,
167710,375,Nitrogen dioxide (NO2),Mean,ppb,CD,301,Greenpoint and Williamsburg (CD1),Annual Average 2012,12/01/2011,23.65,
"131533,650,Respiratory hospitalizations due to PM2.5 (age 20+),Estimated annual rate,""per 100,000 adults"",UHF42,309,Union Square - Lower East Side,2009-2011,01/01/2009,15.5,"
"130919,650,Respiratory hospitalizations due to PM2.5 (age 20+),Estimated annual rate,""per 100,000 adults"",UHF42,409,Southeast Queens,2005-2007,01/01/2005,13,"
"130910,650,Respiratory hospitalizations due to PM2.5 (age 20+),Estimated annual rate,""per 100,000 adults"",UHF42,310,Lower Manhattan,2005-2007,01/01/2005,15.6,"
"130909,650,Respiratory hospitalizations due to PM2.5 (age 20+),Estimated annual rate,""per 100,000 adults"",UHF42,309,Union Square - Lower East Side,2005-2007,01/01/2005,22,"
325135,645,Annual vehicle miles travelled (trucks),million miles,per km2,CD,102,Greenwich Village and Soho (CD2),2016,01/01/2016,4.2,
325341,644,Annual vehicle miles travelled (cars),million miles,per km2,UHF42,409,Southeast Queens,2016,01/01/2016,27.3,
"151409,652,Cardiac and respiratory deaths due to Ozone,Estimated annual rate,""per 100,000"",UHF42,309,Union Square - Lower East Side,2009-2011,01/01/2009,4,"
"151410,652,Cardiac and respiratory deaths due to Ozone,Estimated annual rate,""per 100,000"",UHF42,310,Lower Manhattan,2009-2011,01/01/2009,2.8,"
"151398,652,Cardiac and respiratory deaths due to Ozone,Estimated annual rate,""per 100,000"",UHF42,209,Bensonhurst - Bay Ridge,2009-2011,01/01/2009,7.2,"
"151428,652,Cardiac and respiratory deaths due to Ozone,Estimated annual rate,""per 100,000"",Borough,3,Manhattan,2009-2011,01/01/2009,3.8,"
"131523,650,Respiratory hospitalizations due to PM2.5 (age 20+),Estimated annual rate,""per 100,000 adults"",UHF42,210,Coney Island - Sheepshead Bay,2009-2011,01/01/2009,15.4,"
"131522,650,Respiratory hospitalizations due to PM2.5 (age 20+),Estimated annual rate,""per 100,000 adults"",UHF42,209,Bensonhurst - Bay Ridge,2009-2011,01/01/2009,10.4,"
"130895,650,Respiratory hospitalizations due to PM2.5 (age 20+),Estimated annual rate,""per 100,000 adults"",UHF42,206,Borough Park,2005-2007,01/01/2005,17.2,"
"518807,650,Respiratory hospitalizations due to PM2.5 (age 20+),Estimated annual rate,""per 100,000 adults"",UHF42,209,Bensonhurst - Bay Ridge,2012-2014,01/02/2012,8.86,"
"628548,650,Respiratory hospitalizations due to PM2.5 (age 20+),Estimated annual rate,""per 100,000 adults"",UHF42,209,Bensonhurst - Bay Ridge,2015-2017,01/01/2015,8.9,"
"131471,651,Cardiovascular hospitalizations due to PM2.5 (age 40+),Estimated annual rate,""per 100,000 adults"",UHF42,206,Borough Park,2009-2011,01/01/2009,19.9,"
"131464,651,Cardiovascular hospitalizations due to PM2.5 (age 40+),Estimated annual rate,""per 100,000 adults"",UHF42,106,High Bridge - Morrisania,2009-2011,01/01/2009,24.1,"
"518673,661,Asthma hospitalizations due to Ozone,Estimated annual rate (age 18+),""per 100,000 adults"",UHF42,308,Greenwich Village - SoHo,2012-2014,01/02/2012,0.9,"
"518661,661,Asthma hospitalizations due to Ozone,Estimated annual rate (age 18+),""per 100,000 adults"",UHF42,207,East Flatbush - Flatbush,2012-2014,01/02/2012,7.2,"
"518548,659,Asthma emergency departments visits due to Ozone,Estimated annual rate (age 18+),""per 100,000 adults"",Borough,2,Brooklyn,2012-2014,01/02/2012,58.8,"
"518547,659,Asthma emergency departments visits due to Ozone,Estimated annual rate (age 18+),""per 100,000 adults"",Borough,1,Bronx,2012-2014,01/02/2012,102.8,"
167726,375,Nitrogen dioxide (NO2),Mean,ppb,CD,317,East Flatbush (CD17),Annual Average 2012,12/01/2011,21.25,
167744,375,Nitrogen dioxide (NO2),Mean,ppb,CD,503,Tottenville and Great Kills (CD3),Annual Average 2012,12/01/2011,12.4,
602720,375,Nitrogen dioxide (NO2),Mean,ppb,UHF42,107,Hunts Point - Mott Haven,Annual Average 2018,01/01/2018,20.23,
"131531,650,Respiratory hospitalizations due to PM2.5 (age 20+),Estimated annual rate,""per 100,000 adults"",UHF42,307,Gramercy Park - Murray Hill,2009-2011,01/01/2009,8.6,"
"131521,650,Respiratory hospitalizations due to PM2.5 (age 20+),Estimated annual rate,""per 100,000 adults"",UHF42,208,Canarsie - Flatlands,2009-2011,01/01/2009,12.5,"
"131520,650,Respiratory hospitalizations due to PM2.5 (age 20+),Estimated annual rate,""per 100,000 adults"",UHF42,207,East Flatbush - Flatbush,2009-2011,01/01/2009,10.5,"
"130908,650,Respiratory hospitalizations due to PM2.5 (age 20+),Estimated annual rate,""per 100,000 adults"",UHF42,308,Greenwich Village - SoHo,2005-2007,01/01/2005,5.9,"
154528,644,Annual vehicle miles travelled (cars),million miles,per km2,CD,304,Bushwick (CD4),2005,01/01/2005,13.4,
325375,644,Annual vehicle miles travelled (cars),million miles,per km2,CD,304,Bushwick (CD4),2016,01/01/2016,16.2,
151695,644,Annual vehicle miles travelled (cars),million miles,per km2,UHF42,307,Gramercy Park - Murray Hill,2005,01/01/2005,72.8,
325329,644,Annual vehicle miles travelled (cars),million miles,per km2,UHF42,307,Gramercy Park - Murray Hill,2016,01/01/2016,64.7,
154469,645,Annual vehicle miles travelled (trucks),million miles,per km2,CD,304,Bushwick (CD4),2005,01/01/2005,0.5,
"151427,652,Cardiac and respiratory deaths due to Ozone,Estimated annual rate,""per 100,000"",Borough,2,Brooklyn,2009-2011,01/01/2009,5.2,"
"151397,652,Cardiac and respiratory deaths due to Ozone,Estimated annual rate,""per 100,000"",UHF42,208,Canarsie - Flatlands,2009-2011,01/01/2009,5.7,"
"130897,650,Respiratory hospitalizations due to PM2.5 (age 20+),Estimated annual rate,""per 100,000 adults"",UHF42,208,Canarsie - Flatlands,2005-2007,01/01/2005,15.5,"
"518798,650,Respiratory hospitalizations due to PM2.5 (age 20+),Estimated annual rate,""per 100,000 adults"",UHF42,107,Hunts Point - Mott Haven,2012-2014,01/02/2012,25.51,"
"628539,650,Respiratory hospitalizations due to PM2.5 (age 20+),Estimated annual rate,""per 100,000 adults"",UHF42,107,Hunts Point - Mott Haven,2015-2017,01/01/2015,26.5,"
"131472,651,Cardiovascular hospitalizations due to PM2.5 (age 40+),Estimated annual rate,""per 100,000 adults"",UHF42,207,East Flatbush - Flatbush,2009-2011,01/01/2009,18.5,"
"131473,651,Cardiovascular hospitalizations due to PM2.5 (age 40+),Estimated annual rate,""per 100,000 adults"",UHF42,208,Canarsie - Flatlands,2009-2011,01/01/2009,18.3,"
"131494,651,Cardiovascular hospitalizations due to PM2.5 (age 40+),Estimated annual rate,""per 100,000 adults"",UHF42,408,Jamaica,2009-2011,01/01/2009,18.9,"
"131493,651,Cardiovascular hospitalizations due to PM2.5 (age 40+),Estimated annual rate,""per 100,000 adults"",UHF42,407,Southwest Queens,2009-2011,01/01/2009,19.9,"
"131483,651,Cardiovascular hospitalizations due to PM2.5 (age 40+),Estimated annual rate,""per 100,000 adults"",UHF42,307,Gramercy Park - Murray Hill,2009-2011,01/01/2009,12.9,"
"131484,651,Cardiovascular hospitalizations due to PM2.5 (age 40+),Estimated annual rate,""per 100,000 adults"",UHF42,308,Greenwich Village - SoHo,2009-2011,01/01/2009,9.6,"
743610,386,Ozone (O3),Mean,ppb,CD,316,Brownsville (CD16),Summer 2021,06/01/2021,30.81,
175383,375,Nitrogen dioxide (NO2),Mean,ppb,UHF42,202,Downtown - Heights - Slope,Winter 2011-12,12/01/2011,27.09,
222543,386,Ozone (O3),Mean,ppb,UHF42,306,Chelsea - Clinton,Summer 2013,06/01/2013,23.53,
"518671,661,Asthma hospitalizations due to Ozone,Estimated annual rate (age 18+),""per 100,000 adults"",UHF42,306,Chelsea - Clinton,2012-2014,01/02/2012,3.4,"
"629036,661,Asthma hospitalizations due to Ozone,Estimated annual rate (age 18+),""per 100,000 adults"",UHF42,306,Chelsea - Clinton,2015-2017,01/01/2015,1.1,"
"518585,659,Asthma emergency departments visits due to Ozone,Estimated annual rate (age 18+),""per 100,000 adults"",UHF42,406,Fresh Meadows,2012-2014,01/02/2012,25.6,"
167725,375,Nitrogen dioxide (NO2),Mean,ppb,CD,316,Brownsville (CD16),Annual Average 2012,12/01/2011,21.92,
167702,375,Nitrogen dioxide (NO2),Mean,ppb,CD,205,Fordham and University Heights (CD5),Annual Average 2012,12/01/2011,24.57,
"130902,650,Respiratory hospitalizations due to PM2.5 (age 20+),Estimated annual rate,""per 100,000 adults"",UHF42,302,Central Harlem - Morningside Heights,2005-2007,01/01/2005,30.6,"
"131530,650,Respiratory hospitalizations due to PM2.5 (age 20+),Estimated annual rate,""per 100,000 adults"",UHF42,306,Chelsea - Clinton,2009-2011,01/01/2009,9,"
"131526,650,Respiratory hospitalizations due to PM2.5 (age 20+),Estimated annual rate,""per 100,000 adults"",UHF42,302,Central Harlem - Morningside Heights,2009-2011,01/01/2009,18.8,"
154529,644,Annual vehicle miles travelled (cars),million miles,per km2,CD,305,East New York and Starrett City (CD5),2005,01/01/2005,19.8,
154505,644,Annual vehicle miles travelled (cars),million miles,per km2,CD,105,Midtown (CD5),2005,01/01/2005,47.3,
325352,644,Annual vehicle miles travelled (cars),million miles,per km2,CD,105,Midtown (CD5),2016,01/01/2016,28.3,
325162,645,Annual vehicle miles travelled (trucks),million miles,per km2,CD,305,East New York and Starrett City (CD5),2016,01/01/2016,0.8,
154470,645,Annual vehicle miles travelled (trucks),million miles,per km2,CD,305,East New York and Starrett City (CD5),2005,01/01/2005,2.4,
"151406,652,Cardiac and respiratory deaths due to Ozone,Estimated annual rate,""per 100,000"",UHF42,306,Chelsea - Clinton,2009-2011,01/01/2009,3.4,"
"151391,652,Cardiac and respiratory deaths due to Ozone,Estimated annual rate,""per 100,000"",UHF42,202,Downtown - Heights - Slope,2009-2011,01/01/2009,4.2,"
"518793,650,Respiratory hospitalizations due to PM2.5 (age 20+),Estimated annual rate,""per 100,000 adults"",UHF42,102,Northeast Bronx,2012-2014,01/02/2012,14.24,"
"131460,651,Cardiovascular hospitalizations due to PM2.5 (age 40+),Estimated annual rate,""per 100,000 adults"",UHF42,102,Northeast Bronx,2009-2011,01/01/2009,16.2,"
"131478,651,Cardiovascular hospitalizations due to PM2.5 (age 40+),Estimated annual rate,""per 100,000 adults"",UHF42,302,Central Harlem - Morningside Heights,2009-2011,01/01/2009,19.7,"
"131492,651,Cardiovascular hospitalizations due to PM2.5 (age 40+),Estimated annual rate,""per 100,000 adults"",UHF42,406,Fresh Meadows,2009-2011,01/01/2009,14.9,"
"131467,651,Cardiovascular hospitalizations due to PM2.5 (age 40+),Estimated annual rate,""per 100,000 adults"",UHF42,202,Downtown - Heights - Slope,2009-2011,01/01/2009,19.8,"
743707,386,Ozone (O3),Mean,ppb,UHF42,302,Central Harlem - Morningside Heights,Summer 2021,06/01/2021,28.49,
222518,386,Ozone (O3),Mean,ppb,UHF42,302,Central Harlem - Morningside Heights,Summer 2012,06/01/2012,31.71,
175887,375,Nitrogen dioxide (NO2),Mean,ppb,UHF42,202,Downtown - Heights - Slope,Summer 2009,06/01/2009,25.21,
175341,375,Nitrogen dioxide (NO2),Mean,ppb,UHF42,202,Downtown - Heights - Slope,Winter 2010-11,12/01/2010,33,
222515,386,Ozone (O3),Mean,ppb,UHF42,302,Central Harlem - Morningside Heights,Summer 2009,06/01/2009,21.52,
227604,646,Outdoor Air Toxics - Benzene,Annual average concentration,µg/m3,CD,313,Coney Island (CD13),2011,01/01/2011,1.77,
227606,646,Outdoor Air Toxics - Benzene,Annual average concentration,µg/m3,CD,315,Sheepshead Bay (CD15),2011,01/01/2011,1.61,
227545,647,Outdoor Air Toxics - Formaldehyde,Annual average concentration,µg/m3,CD,313,Coney Island (CD13),2011,01/01/2011,2.1,
325384,644,Annual vehicle miles travelled (cars),million miles,per km2,CD,313,Coney Island (CD13),2016,01/01/2016,19.4,
154539,644,Annual vehicle miles travelled (cars),million miles,per km2,CD,315,Sheepshead Bay (CD15),2005,01/01/2005,18.8,
325386,644,Annual vehicle miles travelled (cars),million miles,per km2,CD,315,Sheepshead Bay (CD15),2016,01/01/2016,22.2,
325172,645,Annual vehicle miles travelled (trucks),million miles,per km2,CD,315,Sheepshead Bay (CD15),2016,01/01/2016,0.4,
154480,645,Annual vehicle miles travelled (trucks),million miles,per km2,CD,315,Sheepshead Bay (CD15),2005,01/01/2005,0.8,
121680,386,Ozone (O3),Mean,ppb,CD,313,Coney Island (CD13),2-Year Summer Average 2009-2010,06/01/2009,28.91,
216497,386,Ozone (O3),Mean,ppb,CD,313,Coney Island (CD13),Summer 2012,06/01/2012,37.9,
216498,386,Ozone (O3),Mean,ppb,CD,313,Coney Island (CD13),Summer 2013,06/01/2013,34.64,
743611,386,Ozone (O3),Mean,ppb,CD,315,Sheepshead Bay (CD15),Summer 2021,06/01/2021,31.81,
216494,386,Ozone (O3),Mean,ppb,CD,313,Coney Island (CD13),Summer 2009,06/01/2009,30.59,
216509,386,Ozone (O3),Mean,ppb,CD,315,Sheepshead Bay (CD15),Summer 2012,06/01/2012,36.83,
167724,375,Nitrogen dioxide (NO2),Mean,ppb,CD,315,Sheepshead Bay (CD15),Annual Average 2012,12/01/2011,17.6,
167722,375,Nitrogen dioxide (NO2),Mean,ppb,CD,313,Coney Island (CD13),Annual Average 2012,12/01/2011,15.97,
325303,644,Annual vehicle miles travelled (cars),million miles,per km2,Borough,4,Queens,2016,01/01/2016,23.7,
151717,644,Annual vehicle miles travelled (cars),million miles,per km2,Borough,4,Queens,2005,01/01/2005,23.5,
"151429,652,Cardiac and respiratory deaths due to Ozone,Estimated annual rate,""per 100,000"",Borough,4,Queens,2009-2011,01/01/2009,4.5,"
549914,375,Nitrogen dioxide (NO2),Mean,ppb,UHF34,206,Borough Park,Annual Average 2017,01/01/2017,18.81,
741048,375,Nitrogen dioxide (NO2),Mean,ppb,UHF34,206,Borough Park,Annual Average 2021,01/01/2021,16.74,
549958,375,Nitrogen dioxide (NO2),Mean,ppb,UHF34,408,Jamaica,Summer 2017,06/01/2017,13.67,
549945,375,Nitrogen dioxide (NO2),Mean,ppb,UHF34,401,Long Island City - Astoria,Winter 2016-17,12/01/2016,26.93,
171612,375,Nitrogen dioxide (NO2),Mean,ppb,UHF34,401,Long Island City - Astoria,Winter 2009-10,12/01/2009,27.27,
211775,375,Nitrogen dioxide (NO2),Mean,ppb,UHF34,401,Long Island City - Astoria,Annual Average 2014,12/01/2013,22.07,
602886,375,Nitrogen dioxide (NO2),Mean,ppb,UHF34,401,Long Island City - Astoria,Summer 2018,06/01/2018,16.35,
667425,375,Nitrogen dioxide (NO2),Mean,ppb,UHF34,401,Long Island City - Astoria,Summer 2020,06/01/2020,14.24,
605296,386,Ozone (O3),Mean,ppb,UHF34,408,Jamaica,Summer 2018,06/01/2018,31.33,
670913,386,Ozone (O3),Mean,ppb,UHF34,408,Jamaica,Summer 2020,06/01/2020,29.47,
122133,386,Ozone (O3),Mean,ppb,UHF34,206,Borough Park,2-Year Summer Average 2009-2010,06/01/2009,27.1,
605281,386,Ozone (O3),Mean,ppb,UHF34,206,Borough Park,Summer 2018,06/01/2018,30.44,
549378,386,Ozone (O3),Mean,ppb,UHF34,206,Borough Park,Summer 2017,06/01/2017,29.72,
670928,386,Ozone (O3),Mean,ppb,UHF34,206,Borough Park,Summer 2020,06/01/2020,29.38,
172637,375,Nitrogen dioxide (NO2),Mean,ppb,UHF34,408,Jamaica,Annual Average 2010,12/01/2009,21.22,
"151383,652,Cardiac and respiratory deaths due to Ozone,Estimated annual rate,""per 100,000"",UHF42,101,Kingsbridge - Riverdale,2009-2011,01/01/2009,8.6,"
"151411,652,Cardiac and respiratory deaths due to Ozone,Estimated annual rate,""per 100,000"",UHF42,401,Long Island City - Astoria,2009-2011,01/01/2009,3.5,"
"151421,652,Cardiac and respiratory deaths due to Ozone,Estimated annual rate,""per 100,000"",UHF42,501,Port Richmond,2009-2011,01/01/2009,5.7,"
"628540,650,Respiratory hospitalizations due to PM2.5 (age 20+),Estimated annual rate,""per 100,000 adults"",UHF42,201,Greenpoint,2015-2017,01/01/2015,6.6,"
"628551,650,Respiratory hospitalizations due to PM2.5 (age 20+),Estimated annual rate,""per 100,000 adults"",UHF42,301,Washington Heights,2015-2017,01/01/2015,10.3,"
"518792,650,Respiratory hospitalizations due to PM2.5 (age 20+),Estimated annual rate,""per 100,000 adults"",UHF42,101,Kingsbridge - Riverdale,2012-2014,01/02/2012,13.83,"
"628533,650,Respiratory hospitalizations due to PM2.5 (age 20+),Estimated annual rate,""per 100,000 adults"",UHF42,101,Kingsbridge - Riverdale,2015-2017,01/01/2015,14.8,"
"131466,651,Cardiovascular hospitalizations due to PM2.5 (age 40+),Estimated annual rate,""per 100,000 adults"",UHF42,201,Greenpoint,2009-2011,01/01/2009,20.5,"
"131459,651,Cardiovascular hospitalizations due to PM2.5 (age 40+),Estimated annual rate,""per 100,000 adults"",UHF42,101,Kingsbridge - Riverdale,2009-2011,01/01/2009,18.3,"
"131477,651,Cardiovascular hospitalizations due to PM2.5 (age 40+),Estimated annual rate,""per 100,000 adults"",UHF42,301,Washington Heights,2009-2011,01/01/2009,18.1,"
"131497,651,Cardiovascular hospitalizations due to PM2.5 (age 40+),Estimated annual rate,""per 100,000 adults"",UHF42,501,Port Richmond,2009-2011,01/01/2009,16.4,"
222573,386,Ozone (O3),Mean,ppb,UHF42,401,Long Island City - Astoria,Summer 2013,06/01/2013,30.62,
222572,386,Ozone (O3),Mean,ppb,UHF42,401,Long Island City - Astoria,Summer 2012,06/01/2012,33.91,
222512,386,Ozone (O3),Mean,ppb,UHF42,301,Washington Heights,Summer 2012,06/01/2012,32.66,
222513,386,Ozone (O3),Mean,ppb,UHF42,301,Washington Heights,Summer 2013,06/01/2013,29.34,
549761,375,Nitrogen dioxide (NO2),Mean,ppb,UHF42,101,Kingsbridge - Riverdale,Annual Average 2017,01/01/2017,17.28,
222569,386,Ozone (O3),Mean,ppb,UHF42,401,Long Island City - Astoria,Summer 2009,06/01/2009,26.08,
222509,386,Ozone (O3),Mean,ppb,UHF42,301,Washington Heights,Summer 2009,06/01/2009,21.82,
172729,375,Nitrogen dioxide (NO2),Mean,ppb,UHF34,211,Williamsburg - Bushwick,Annual Average 2013,12/01/2012,22.72,
171641,375,Nitrogen dioxide (NO2),Mean,ppb,UHF34,211,Williamsburg - Bushwick,Winter 2010-11,12/01/2010,32.58,
336660,375,Nitrogen dioxide (NO2),Mean,ppb,UHF34,211,Williamsburg - Bushwick,Winter 2014-15,12/01/2014,26.59,
549929,375,Nitrogen dioxide (NO2),Mean,ppb,UHF34,211,Williamsburg - Bushwick,Annual Average 2017,01/01/2017,20.69,
"151431,653,Asthma emergency departments visits due to Ozone,Estimated annual rate (under age 18),""per 100,000 children"",UHF42,101,Kingsbridge - Riverdale,2009-2011,01/01/2009,66.2,"
"151459,653,Asthma emergency departments visits due to Ozone,Estimated annual rate (under age 18),""per 100,000 children"",UHF42,401,Long Island City - Astoria,2009-2011,01/01/2009,75,"
"151565,655,Asthma hospitalizations due to Ozone,Estimated annual rate (under age 18),""per 100,000 children"",UHF42,501,Port Richmond,2009-2011,01/01/2009,21.2,"
"151469,653,Asthma emergency departments visits due to Ozone,Estimated annual rate (under age 18),""per 100,000 children"",UHF42,501,Port Richmond,2009-2011,01/01/2009,118.8,"
"151555,655,Asthma hospitalizations due to Ozone,Estimated annual rate (under age 18),""per 100,000 children"",UHF42,401,Long Island City - Astoria,2009-2011,01/01/2009,13.2,"
172642,375,Nitrogen dioxide (NO2),Mean,ppb,UHF34,309310,Union Square-Lower Manhattan,Annual Average 2010,12/01/2009,31.09,
643538,375,Nitrogen dioxide (NO2),Mean,ppb,UHF34,501502,Northern SI,Summer 2019,06/01/2019,12.41,
222459,386,Ozone (O3),Mean,ppb,UHF42,203,Bedford Stuyvesant - Crown Heights,Summer 2013,06/01/2013,29.66,
175342,375,Nitrogen dioxide (NO2),Mean,ppb,UHF42,203,Bedford Stuyvesant - Crown Heights,Winter 2010-11,12/01/2010,32.21,
176686,375,Nitrogen dioxide (NO2),Mean,ppb,UHF42,203,Bedford Stuyvesant - Crown Heights,Annual Average 2013,12/01/2012,22.28,
175888,375,Nitrogen dioxide (NO2),Mean,ppb,UHF42,203,Bedford Stuyvesant - Crown Heights,Summer 2009,06/01/2009,23.2,
549788,375,Nitrogen dioxide (NO2),Mean,ppb,UHF42,203,Bedford Stuyvesant - Crown Heights,Annual Average 2017,01/01/2017,20.08,
175881,375,Nitrogen dioxide (NO2),Mean,ppb,UHF42,103,Fordham - Bronx Pk,Summer 2009,06/01/2009,21.15,
175335,375,Nitrogen dioxide (NO2),Mean,ppb,UHF42,103,Fordham - Bronx Pk,Winter 2010-11,12/01/2010,27.53,
176679,375,Nitrogen dioxide (NO2),Mean,ppb,UHF42,103,Fordham - Bronx Pk,Annual Average 2013,12/01/2012,19.89,
222455,386,Ozone (O3),Mean,ppb,UHF42,203,Bedford Stuyvesant - Crown Heights,Summer 2009,06/01/2009,24.33,
"151471,653,Asthma emergency departments visits due to Ozone,Estimated annual rate (under age 18),""per 100,000 children"",UHF42,503,Willowbrook,2009-2011,01/01/2009,47.3,"
"151567,655,Asthma hospitalizations due to Ozone,Estimated annual rate (under age 18),""per 100,000 children"",UHF42,503,Willowbrook,2009-2011,01/01/2009,10,"
"151547,655,Asthma hospitalizations due to Ozone,Estimated annual rate (under age 18),""per 100,000 children"",UHF42,303,East Harlem,2009-2011,01/01/2009,42.3,"
"628969,655,Asthma hospitalizations due to Ozone,Estimated annual rate (under age 18),""per 100,000 children"",UHF42,105,Crotona -Tremont,2015-2017,01/01/2015,32.5,"
"518630,655,Asthma hospitalizations due to Ozone,Estimated annual rate (under age 18),""per 100,000 children"",UHF42,403,Flushing - Clearview,2012-2014,01/02/2012,8.8,"
"518632,655,Asthma hospitalizations due to Ozone,Estimated annual rate (under age 18),""per 100,000 children"",UHF42,405,Ridgewood - Forest Hills,2012-2014,01/02/2012,14.6,"
"628901,653,Asthma emergency departments visits due to Ozone,Estimated annual rate (under age 18),""per 100,000 children"",UHF42,405,Ridgewood - Forest Hills,2015-2017,01/01/2015,43.3,"
"628997,655,Asthma hospitalizations due to Ozone,Estimated annual rate (under age 18),""per 100,000 children"",UHF42,405,Ridgewood - Forest Hills,2015-2017,01/01/2015,10,"
643541,375,Nitrogen dioxide (NO2),Mean,ppb,UHF34,503504,Southern SI,Summer 2019,06/01/2019,8.76,
"518513,653,Asthma emergency departments visits due to Ozone,Estimated annual rate (under age 18),""per 100,000 children"",UHF42,203,Bedford Stuyvesant - Crown Heights,2012-2014,01/02/2012,213.9,"
"628878,653,Asthma emergency departments visits due to Ozone,Estimated annual rate (under age 18),""per 100,000 children"",UHF42,203,Bedford Stuyvesant - Crown Heights,2015-2017,01/01/2015,173.9,"
"518544,653,Asthma emergency departments visits due to Ozone,Estimated annual rate (under age 18),""per 100,000 children"",UHF42,503,Willowbrook,2012-2014,01/02/2012,35.5,"
"518640,655,Asthma hospitalizations due to Ozone,Estimated annual rate (under age 18),""per 100,000 children"",UHF42,503,Willowbrook,2012-2014,01/02/2012,7.1,"
"629005,655,Asthma hospitalizations due to Ozone,Estimated annual rate (under age 18),""per 100,000 children"",UHF42,503,Willowbrook,2015-2017,01/01/2015,5.6,"
"628909,653,Asthma emergency departments visits due to Ozone,Estimated annual rate (under age 18),""per 100,000 children"",UHF42,503,Willowbrook,2015-2017,01/01/2015,30.4,"
"518524,653,Asthma emergency departments visits due to Ozone,Estimated annual rate (under age 18),""per 100,000 children"",UHF42,303,East Harlem,2012-2014,01/02/2012,261.6,"
"518620,655,Asthma hospitalizations due to Ozone,Estimated annual rate (under age 18),""per 100,000 children"",UHF42,303,East Harlem,2012-2014,01/02/2012,47.3,"
"151451,653,Asthma emergency departments visits due to Ozone,Estimated annual rate (under age 18),""per 100,000 children"",UHF42,303,East Harlem,2009-2011,01/01/2009,276,"
"131496,651,Cardiovascular hospitalizations due to PM2.5 (age 40+),Estimated annual rate,""per 100,000 adults"",UHF42,410,Rockaways,2009-2011,01/01/2009,19.8,"
"131495,651,Cardiovascular hospitalizations due to PM2.5 (age 40+),Estimated annual rate,""per 100,000 adults"",UHF42,409,Southeast Queens,2009-2011,01/01/2009,14.5,"
"131475,651,Cardiovascular hospitalizations due to PM2.5 (age 40+),Estimated annual rate,""per 100,000 adults"",UHF42,210,Coney Island - Sheepshead Bay,2009-2011,01/01/2009,22.3,"
"131474,651,Cardiovascular hospitalizations due to PM2.5 (age 40+),Estimated annual rate,""per 100,000 adults"",UHF42,209,Bensonhurst - Bay Ridge,2009-2011,01/01/2009,16.5,"
"131486,651,Cardiovascular hospitalizations due to PM2.5 (age 40+),Estimated annual rate,""per 100,000 adults"",UHF42,310,Lower Manhattan,2009-2011,01/01/2009,14,"
"131485,651,Cardiovascular hospitalizations due to PM2.5 (age 40+),Estimated annual rate,""per 100,000 adults"",UHF42,309,Union Square - Lower East Side,2009-2011,01/01/2009,18.5,"
"131504,651,Cardiovascular hospitalizations due to PM2.5 (age 40+),Estimated annual rate,""per 100,000 adults"",Borough,3,Manhattan,2009-2011,01/01/2009,15,"
740909,375,Nitrogen dioxide (NO2),Mean,ppb,UHF42,106,High Bridge - Morrisania,Summer 2021,06/01/2021,14.19,
602738,375,Nitrogen dioxide (NO2),Mean,ppb,UHF42,206,Borough Park,Annual Average 2018,01/01/2018,18.11,
740939,375,Nitrogen dioxide (NO2),Mean,ppb,UHF42,209,Bensonhurst - Bay Ridge,Summer 2021,06/01/2021,10.81,
222566,386,Ozone (O3),Mean,ppb,UHF42,310,Lower Manhattan,Summer 2012,06/01/2012,26.44,
743699,386,Ozone (O3),Mean,ppb,UHF42,310,Lower Manhattan,Summer 2021,06/01/2021,27.96,
222561,386,Ozone (O3),Mean,ppb,UHF42,309,Union Square - Lower East Side,Summer 2013,06/01/2013,25.73,
222495,386,Ozone (O3),Mean,ppb,UHF42,209,Bensonhurst - Bay Ridge,Summer 2013,06/01/2013,31.44,
222563,386,Ozone (O3),Mean,ppb,UHF42,310,Lower Manhattan,Summer 2009,06/01/2009,18.88,
222557,386,Ozone (O3),Mean,ppb,UHF42,309,Union Square - Lower East Side,Summer 2009,06/01/2009,21.16,
222491,386,Ozone (O3),Mean,ppb,UHF42,209,Bensonhurst - Bay Ridge,Summer 2009,06/01/2009,26.86,
222497,386,Ozone (O3),Mean,ppb,UHF42,210,Coney Island - Sheepshead Bay,Summer 2009,06/01/2009,29.64,
741075,375,Nitrogen dioxide (NO2),Mean,ppb,UHF34,304,Upper West Side,Annual Average 2021,01/01/2021,19.17,
171682,375,Nitrogen dioxide (NO2),Mean,ppb,UHF34,403,Flushing - Clearview,Winter 2011-12,12/01/2011,22.76,
171614,375,Nitrogen dioxide (NO2),Mean,ppb,UHF34,403,Flushing - Clearview,Winter 2009-10,12/01/2009,24.84,
602892,375,Nitrogen dioxide (NO2),Mean,ppb,UHF34,403,Flushing - Clearview,Summer 2018,06/01/2018,12.95,
549949,375,Nitrogen dioxide (NO2),Mean,ppb,UHF34,403,Flushing - Clearview,Summer 2017,06/01/2017,13.94,
549951,375,Nitrogen dioxide (NO2),Mean,ppb,UHF34,403,Flushing - Clearview,Winter 2016-17,12/01/2016,25.51,
"151446,653,Asthma emergency departments visits due to Ozone,Estimated annual rate (under age 18),""per 100,000 children"",UHF42,209,Bensonhurst - Bay Ridge,2009-2011,01/01/2009,24.9,"
"151468,653,Asthma emergency departments visits due to Ozone,Estimated annual rate (under age 18),""per 100,000 children"",UHF42,410,Rockaways,2009-2011,01/01/2009,137.4,"
"518509,653,Asthma emergency departments visits due to Ozone,Estimated annual rate (under age 18),""per 100,000 children"",UHF42,106,High Bridge - Morrisania,2012-2014,01/02/2012,248.9,"
"518605,655,Asthma hospitalizations due to Ozone,Estimated annual rate (under age 18),""per 100,000 children"",UHF42,106,High Bridge - Morrisania,2012-2014,01/02/2012,48.7,"
"518627,655,Asthma hospitalizations due to Ozone,Estimated annual rate (under age 18),""per 100,000 children"",UHF42,310,Lower Manhattan,2012-2014,01/02/2012,6.2,"
"628896,653,Asthma emergency departments visits due to Ozone,Estimated annual rate (under age 18),""per 100,000 children"",UHF42,310,Lower Manhattan,2015-2017,01/01/2015,47.4,"
550053,375,Nitrogen dioxide (NO2),Mean,ppb,CD,209,Parkchester and Soundview (CD9),Winter 2016-17,12/01/2016,26.45,
667641,375,Nitrogen dioxide (NO2),Mean,ppb,CD,209,Parkchester and Soundview (CD9),Summer 2020,06/01/2020,12.72,
121666,386,Ozone (O3),Mean,ppb,CD,211,Morris Park and Bronxdale (CD11),2-Year Summer Average 2009-2010,06/01/2009,28.03,
670880,386,Ozone (O3),Mean,ppb,CD,211,Morris Park and Bronxdale (CD11),Summer 2020,06/01/2020,31.33,
166811,375,Nitrogen dioxide (NO2),Mean,ppb,CD,111,East Harlem (CD11),Summer 2012,06/01/2012,21.13,
166870,375,Nitrogen dioxide (NO2),Mean,ppb,CD,111,East Harlem (CD11),Summer 2013,06/01/2013,20.62,
412690,375,Nitrogen dioxide (NO2),Mean,ppb,CD,111,East Harlem (CD11),Annual Average 2016,12/31/2015,22.09,
602963,375,Nitrogen dioxide (NO2),Mean,ppb,CD,111,East Harlem (CD11),Annual Average 2018,01/01/2018,20.88,
741155,375,Nitrogen dioxide (NO2),Mean,ppb,CD,111,East Harlem (CD11),Summer 2021,06/01/2021,14.5,
166868,375,Nitrogen dioxide (NO2),Mean,ppb,CD,109,Morningside Heights and Hamilton Heights (CD9),Summer 2013,06/01/2013,21.4,
166809,375,Nitrogen dioxide (NO2),Mean,ppb,CD,109,Morningside Heights and Hamilton Heights (CD9),Summer 2012,06/01/2012,21.51,
412684,375,Nitrogen dioxide (NO2),Mean,ppb,CD,109,Morningside Heights and Hamilton Heights (CD9),Annual Average 2016,12/31/2015,22,
602993,375,Nitrogen dioxide (NO2),Mean,ppb,CD,209,Parkchester and Soundview (CD9),Annual Average 2018,01/01/2018,17.94,
741185,375,Nitrogen dioxide (NO2),Mean,ppb,CD,209,Parkchester and Soundview (CD9),Summer 2021,06/01/2021,12.88,
216474,386,Ozone (O3),Mean,ppb,CD,309,South Crown Heights and Lefferts Gardens (CD9),Summer 2013,06/01/2013,29.62,
216473,386,Ozone (O3),Mean,ppb,CD,309,South Crown Heights and Lefferts Gardens (CD9),Summer 2012,06/01/2012,32.11,
743617,386,Ozone (O3),Mean,ppb,CD,309,South Crown Heights and Lefferts Gardens (CD9),Summer 2021,06/01/2021,30.63,
216413,386,Ozone (O3),Mean,ppb,CD,211,Morris Park and Bronxdale (CD11),Summer 2012,06/01/2012,34.96,
122037,386,Ozone (O3),Mean,ppb,UHF42,502,Stapleton - St. George,2-Year Summer Average 2009-2010,06/01/2009,29.44,
122027,386,Ozone (O3),Mean,ppb,UHF42,402,West Queens,2-Year Summer Average 2009-2010,06/01/2009,27.28,
550052,375,Nitrogen dioxide (NO2),Mean,ppb,CD,209,Parkchester and Soundview (CD9),Annual Average 2017,01/01/2017,19.49,
741186,375,Nitrogen dioxide (NO2),Mean,ppb,CD,209,Parkchester and Soundview (CD9),Annual Average 2021,01/01/2021,16.64,
167753,375,Nitrogen dioxide (NO2),Mean,ppb,CD,109,Morningside Heights and Hamilton Heights (CD9),Annual Average 2013,12/01/2012,25.22,
216485,386,Ozone (O3),Mean,ppb,CD,311,Bensonhurst (CD11),Summer 2012,06/01/2012,34.91,
216486,386,Ozone (O3),Mean,ppb,CD,311,Bensonhurst (CD11),Summer 2013,06/01/2013,32,
743615,386,Ozone (O3),Mean,ppb,CD,311,Bensonhurst (CD11),Summer 2021,06/01/2021,31.17,
216401,386,Ozone (O3),Mean,ppb,CD,209,Parkchester and Soundview (CD9),Summer 2012,06/01/2012,34.87,
216402,386,Ozone (O3),Mean,ppb,CD,209,Parkchester and Soundview (CD9),Summer 2013,06/01/2013,31.54,
"518591,659,Asthma emergency departments visits due to Ozone,Estimated annual rate (age 18+),""per 100,000 adults"",UHF42,502,Stapleton - St. George,2012-2014,01/02/2012,59.3,"
"628956,659,Asthma emergency departments visits due to Ozone,Estimated annual rate (age 18+),""per 100,000 adults"",UHF42,502,Stapleton - St. George,2015-2017,01/01/2015,53.8,"
743687,386,Ozone (O3),Mean,ppb,UHF42,502,Stapleton - St. George,Summer 2021,06/01/2021,29.09,
"131503,651,Cardiovascular hospitalizations due to PM2.5 (age 40+),Estimated annual rate,""per 100,000 adults"",Borough,2,Brooklyn,2009-2011,01/01/2009,20.6,"
"131502,651,Cardiovascular hospitalizations due to PM2.5 (age 40+),Estimated annual rate,""per 100,000 adults"",Borough,1,Bronx,2009-2011,01/01/2009,18.8,"
740912,375,Nitrogen dioxide (NO2),Mean,ppb,UHF42,107,Hunts Point - Mott Haven,Summer 2021,06/01/2021,15.11,
222437,386,Ozone (O3),Mean,ppb,UHF42,107,Hunts Point - Mott Haven,Summer 2009,06/01/2009,25.23,
176648,375,Nitrogen dioxide (NO2),Mean,ppb,UHF42,207,East Flatbush - Flatbush,Annual Average 2012,12/01/2011,21.16,
172084,375,Nitrogen dioxide (NO2),Mean,ppb,UHF34,301,Washington Heights,Summer 2009,06/01/2009,25.61,
172730,375,Nitrogen dioxide (NO2),Mean,ppb,UHF34,301,Washington Heights,Annual Average 2013,12/01/2012,22.79,
211778,375,Nitrogen dioxide (NO2),Mean,ppb,UHF34,405,Ridgewood - Forest Hills,Annual Average 2014,12/01/2013,20,
549952,375,Nitrogen dioxide (NO2),Mean,ppb,UHF34,405,Ridgewood - Forest Hills,Summer 2017,06/01/2017,13.79,
549954,375,Nitrogen dioxide (NO2),Mean,ppb,UHF34,405,Ridgewood - Forest Hills,Winter 2016-17,12/01/2016,25.06,
602895,375,Nitrogen dioxide (NO2),Mean,ppb,UHF34,405,Ridgewood - Forest Hills,Summer 2018,06/01/2018,12.54,
"151541,655,Asthma hospitalizations due to Ozone,Estimated annual rate (under age 18),""per 100,000 children"",UHF42,208,Canarsie - Flatlands,2009-2011,01/01/2009,21.5,"
"151437,653,Asthma emergency departments visits due to Ozone,Estimated annual rate (under age 18),""per 100,000 children"",UHF42,107,Hunts Point - Mott Haven,2009-2011,01/01/2009,206.3,"
"518538,653,Asthma emergency departments visits due to Ozone,Estimated annual rate (under age 18),""per 100,000 children"",UHF42,407,Southwest Queens,2012-2014,01/02/2012,83.7,"
650986,386,Ozone (O3),Mean,ppb,UHF34,405,Ridgewood - Forest Hills,Summer 2019,06/01/2019,31.3,
650980,386,Ozone (O3),Mean,ppb,UHF34,302,Central Harlem - Morningside Heights,Summer 2019,06/01/2019,27.07,
"518518,653,Asthma emergency departments visits due to Ozone,Estimated annual rate (under age 18),""per 100,000 children"",UHF42,208,Canarsie - Flatlands,2012-2014,01/02/2012,98.8,"
"518510,653,Asthma emergency departments visits due to Ozone,Estimated annual rate (under age 18),""per 100,000 children"",UHF42,107,Hunts Point - Mott Haven,2012-2014,01/02/2012,237.6,"
"518606,655,Asthma hospitalizations due to Ozone,Estimated annual rate (under age 18),""per 100,000 children"",UHF42,107,Hunts Point - Mott Haven,2012-2014,01/02/2012,57.8,"
"628971,655,Asthma hospitalizations due to Ozone,Estimated annual rate (under age 18),""per 100,000 children"",UHF42,107,Hunts Point - Mott Haven,2015-2017,01/01/2015,40.7,"
"628875,653,Asthma emergency departments visits due to Ozone,Estimated annual rate (under age 18),""per 100,000 children"",UHF42,107,Hunts Point - Mott Haven,2015-2017,01/01/2015,225,"
"151570,655,Asthma hospitalizations due to Ozone,Estimated annual rate (under age 18),""per 100,000 children"",Borough,1,Bronx,2009-2011,01/01/2009,37.8,"
"151475,653,Asthma emergency departments visits due to Ozone,Estimated annual rate (under age 18),""per 100,000 children"",Borough,2,Brooklyn,2009-2011,01/01/2009,101,"
"628989,655,Asthma hospitalizations due to Ozone,Estimated annual rate (under age 18),""per 100,000 children"",UHF42,307,Gramercy Park - Murray Hill,2015-2017,01/01/2015,9,"
"628894,653,Asthma emergency departments visits due to Ozone,Estimated annual rate (under age 18),""per 100,000 children"",UHF42,308,Greenwich Village - SoHo,2015-2017,01/01/2015,18,"
"628990,655,Asthma hospitalizations due to Ozone,Estimated annual rate (under age 18),""per 100,000 children"",UHF42,308,Greenwich Village - SoHo,2015-2017,01/01/2015,1.5,"
171715,375,Nitrogen dioxide (NO2),Mean,ppb,UHF34,402,West Queens,Winter 2012-13,12/01/2012,26.15,
167713,375,Nitrogen dioxide (NO2),Mean,ppb,CD,304,Bushwick (CD4),Annual Average 2012,12/01/2011,22.36,
222407,386,Ozone (O3),Mean,ppb,UHF42,102,Northeast Bronx,Summer 2009,06/01/2009,26.82,
"151439,653,Asthma emergency departments visits due to Ozone,Estimated annual rate (under age 18),""per 100,000 children"",UHF42,202,Downtown - Heights - Slope,2009-2011,01/01/2009,95.3,"
"151535,655,Asthma hospitalizations due to Ozone,Estimated annual rate (under age 18),""per 100,000 children"",UHF42,202,Downtown - Heights - Slope,2009-2011,01/01/2009,20.5,"
"151528,655,Asthma hospitalizations due to Ozone,Estimated annual rate (under age 18),""per 100,000 children"",UHF42,102,Northeast Bronx,2009-2011,01/01/2009,32.2,"
"628902,653,Asthma emergency departments visits due to Ozone,Estimated annual rate (under age 18),""per 100,000 children"",UHF42,406,Fresh Meadows,2015-2017,01/01/2015,54.8,"
171718,375,Nitrogen dioxide (NO2),Mean,ppb,UHF34,407,Southwest Queens,Winter 2012-13,12/01/2012,24.45,
172636,375,Nitrogen dioxide (NO2),Mean,ppb,UHF34,407,Southwest Queens,Annual Average 2010,12/01/2009,21.71,
667448,375,Nitrogen dioxide (NO2),Mean,ppb,UHF34,407,Southwest Queens,Winter 2019-20,12/01/2019,23.92,
643514,375,Nitrogen dioxide (NO2),Mean,ppb,UHF34,407,Southwest Queens,Summer 2019,06/01/2019,11.69,
338224,386,Ozone (O3),Mean,ppb,UHF34,207,East Flatbush - Flatbush,Summer 2015,06/01/2015,32.2,
650974,386,Ozone (O3),Mean,ppb,UHF34,207,East Flatbush - Flatbush,Summer 2019,06/01/2019,31.43,
650987,386,Ozone (O3),Mean,ppb,UHF34,407,Southwest Queens,Summer 2019,06/01/2019,33.31,
"628966,655,Asthma hospitalizations due to Ozone,Estimated annual rate (under age 18),""per 100,000 children"",UHF42,102,Northeast Bronx,2015-2017,01/01/2015,33.3,"
"151454,653,Asthma emergency departments visits due to Ozone,Estimated annual rate (under age 18),""per 100,000 children"",UHF42,306,Chelsea - Clinton,2009-2011,01/01/2009,91.6,"
"151550,655,Asthma hospitalizations due to Ozone,Estimated annual rate (under age 18),""per 100,000 children"",UHF42,306,Chelsea - Clinton,2009-2011,01/01/2009,14.1,"
"628870,653,Asthma emergency departments visits due to Ozone,Estimated annual rate (under age 18),""per 100,000 children"",UHF42,102,Northeast Bronx,2015-2017,01/01/2015,143,"
167714,375,Nitrogen dioxide (NO2),Mean,ppb,CD,305,East New York and Starrett City (CD5),Annual Average 2012,12/01/2011,20.21,
216376,386,Ozone (O3),Mean,ppb,CD,205,Fordham and University Heights (CD5),Summer 2011,06/01/2011,30.68,
216375,386,Ozone (O3),Mean,ppb,CD,205,Fordham and University Heights (CD5),Summer 2010,06/01/2010,30.97,
412087,386,Ozone (O3),Mean,ppb,CD,205,Fordham and University Heights (CD5),Summer 2016,06/01/2016,32.06,
412110,386,Ozone (O3),Mean,ppb,CD,316,Brownsville (CD16),Summer 2016,06/01/2016,33.74,
167596,375,Nitrogen dioxide (NO2),Mean,ppb,CD,305,East New York and Starrett City (CD5),Annual Average 2010,12/01/2009,22.02,
336806,375,Nitrogen dioxide (NO2),Mean,ppb,CD,305,East New York and Starrett City (CD5),Summer 2015,06/01/2015,13.44,
643634,375,Nitrogen dioxide (NO2),Mean,ppb,CD,305,East New York and Starrett City (CD5),Summer 2019,06/01/2019,11.56,
412583,375,Nitrogen dioxide (NO2),Mean,ppb,UHF34,207,East Flatbush - Flatbush,Winter 2015-16,12/01/2015,23.79,
412585,375,Nitrogen dioxide (NO2),Mean,ppb,UHF34,207,East Flatbush - Flatbush,Annual Average 2016,12/31/2015,18.86,
172691,375,Nitrogen dioxide (NO2),Mean,ppb,UHF34,207,East Flatbush - Flatbush,Annual Average 2012,12/01/2011,21.16,
172704,375,Nitrogen dioxide (NO2),Mean,ppb,UHF34,407,Southwest Queens,Annual Average 2012,12/01/2011,20.01,
336648,375,Nitrogen dioxide (NO2),Mean,ppb,UHF34,207,East Flatbush - Flatbush,Winter 2014-15,12/01/2014,25.7,
"131364,657,Asthma emergency department visits due to PM2.5,Estimated annual rate (age 18+),""per 100,000 adults"",UHF42,102,Northeast Bronx,2009-2011,01/01/2009,37.6,"
171724,375,Nitrogen dioxide (NO2),Mean,ppb,UHF34,309310,Union Square-Lower Manhattan,Winter 2012-13,12/01/2012,31.68,
"628983,655,Asthma hospitalizations due to Ozone,Estimated annual rate (under age 18),""per 100,000 children"",UHF42,301,Washington Heights,2015-2017,01/01/2015,19.7,"
"628887,653,Asthma emergency departments visits due to Ozone,Estimated annual rate (under age 18),""per 100,000 children"",UHF42,301,Washington Heights,2015-2017,01/01/2015,99.8,"
"518628,655,Asthma hospitalizations due to Ozone,Estimated annual rate (under age 18),""per 100,000 children"",UHF42,401,Long Island City - Astoria,2012-2014,01/02/2012,11.2,"
"629003,655,Asthma hospitalizations due to Ozone,Estimated annual rate (under age 18),""per 100,000 children"",UHF42,501,Port Richmond,2015-2017,01/01/2015,24.7,"
"628907,653,Asthma emergency departments visits due to Ozone,Estimated annual rate (under age 18),""per 100,000 children"",UHF42,501,Port Richmond,2015-2017,01/01/2015,107.9,"
"628972,655,Asthma hospitalizations due to Ozone,Estimated annual rate (under age 18),""per 100,000 children"",UHF42,201,Greenpoint,2015-2017,01/01/2015,4.8,"
"628876,653,Asthma emergency departments visits due to Ozone,Estimated annual rate (under age 18),""per 100,000 children"",UHF42,201,Greenpoint,2015-2017,01/01/2015,36.5,"
"518532,653,Asthma emergency departments visits due to Ozone,Estimated annual rate (under age 18),""per 100,000 children"",UHF42,401,Long Island City - Astoria,2012-2014,01/02/2012,59.9,"
"628993,655,Asthma hospitalizations due to Ozone,Estimated annual rate (under age 18),""per 100,000 children"",UHF42,401,Long Island City - Astoria,2015-2017,01/01/2015,6.4,"
"628897,653,Asthma emergency departments visits due to Ozone,Estimated annual rate (under age 18),""per 100,000 children"",UHF42,401,Long Island City - Astoria,2015-2017,01/01/2015,58.8,"
167695,375,Nitrogen dioxide (NO2),Mean,ppb,CD,110,Central Harlem (CD10),Annual Average 2012,12/01/2011,25.85,
167697,375,Nitrogen dioxide (NO2),Mean,ppb,CD,112,Washington Heights and Inwood (CD12),Annual Average 2012,12/01/2011,22.64,
167693,375,Nitrogen dioxide (NO2),Mean,ppb,CD,108,Upper East Side (CD8),Annual Average 2012,12/01/2011,29.64,
216477,386,Ozone (O3),Mean,ppb,CD,310,Bay Ridge and Dyker Heights (CD10),Summer 2010,06/01/2010,33.44,
216478,386,Ozone (O3),Mean,ppb,CD,310,Bay Ridge and Dyker Heights (CD10),Summer 2011,06/01/2011,32.51,
412104,386,Ozone (O3),Mean,ppb,CD,310,Bay Ridge and Dyker Heights (CD10),Summer 2016,06/01/2016,33.51,
171675,375,Nitrogen dioxide (NO2),Mean,ppb,UHF34,211,Williamsburg - Bushwick,Winter 2011-12,12/01/2011,26.68,
549930,375,Nitrogen dioxide (NO2),Mean,ppb,UHF34,211,Williamsburg - Bushwick,Winter 2016-17,12/01/2016,26.64,
549928,375,Nitrogen dioxide (NO2),Mean,ppb,UHF34,211,Williamsburg - Bushwick,Summer 2017,06/01/2017,15.73,
667395,375,Nitrogen dioxide (NO2),Mean,ppb,UHF34,211,Williamsburg - Bushwick,Summer 2020,06/01/2020,13.24,
216489,386,Ozone (O3),Mean,ppb,CD,312,Borough Park (CD12),Summer 2010,06/01/2010,33.2,
216490,386,Ozone (O3),Mean,ppb,CD,312,Borough Park (CD12),Summer 2011,06/01/2011,32.44,
412106,386,Ozone (O3),Mean,ppb,CD,312,Borough Park (CD12),Summer 2016,06/01/2016,33.45,
336791,375,Nitrogen dioxide (NO2),Mean,ppb,CD,212,Williamsbridge and Baychester (CD12),Summer 2015,06/01/2015,15.3,
643619,375,Nitrogen dioxide (NO2),Mean,ppb,CD,212,Williamsbridge and Baychester (CD12),Summer 2019,06/01/2019,11.73,
172117,375,Nitrogen dioxide (NO2),Mean,ppb,UHF34,211,Williamsburg - Bushwick,Summer 2010,06/01/2010,21.25,
412596,375,Nitrogen dioxide (NO2),Mean,ppb,UHF34,211,Williamsburg - Bushwick,Summer 2016,06/01/2016,15.94,
741061,375,Nitrogen dioxide (NO2),Mean,ppb,UHF34,211,Williamsburg - Bushwick,Winter 2020-21,12/01/2020,24.12,
172185,375,Nitrogen dioxide (NO2),Mean,ppb,UHF34,211,Williamsburg - Bushwick,Summer 2012,06/01/2012,19.53,
"151538,655,Asthma hospitalizations due to Ozone,Estimated annual rate (under age 18),""per 100,000 children"",UHF42,205,Sunset Park,2009-2011,01/01/2009,10.8,"
"151549,655,Asthma hospitalizations due to Ozone,Estimated annual rate (under age 18),""per 100,000 children"",UHF42,305,Upper East Side,2009-2011,01/01/2009,9.4,"
"151453,653,Asthma emergency departments visits due to Ozone,Estimated annual rate (under age 18),""per 100,000 children"",UHF42,305,Upper East Side,2009-2011,01/01/2009,35.4,"
"151531,655,Asthma hospitalizations due to Ozone,Estimated annual rate (under age 18),""per 100,000 children"",UHF42,105,Crotona -Tremont,2009-2011,01/01/2009,39.6,"
"518515,653,Asthma emergency departments visits due to Ozone,Estimated annual rate (under age 18),""per 100,000 children"",UHF42,205,Sunset Park,2012-2014,01/02/2012,49.9,"
"518611,655,Asthma hospitalizations due to Ozone,Estimated annual rate (under age 18),""per 100,000 children"",UHF42,205,Sunset Park,2012-2014,01/02/2012,11.6,"
"518602,655,Asthma hospitalizations due to Ozone,Estimated annual rate (under age 18),""per 100,000 children"",UHF42,103,Fordham - Bronx Pk,2012-2014,01/02/2012,51,"
"628871,653,Asthma emergency departments visits due to Ozone,Estimated annual rate (under age 18),""per 100,000 children"",UHF42,103,Fordham - Bronx Pk,2015-2017,01/01/2015,187.8,"
"628967,655,Asthma hospitalizations due to Ozone,Estimated annual rate (under age 18),""per 100,000 children"",UHF42,103,Fordham - Bronx Pk,2015-2017,01/01/2015,39.1,"
"518622,655,Asthma hospitalizations due to Ozone,Estimated annual rate (under age 18),""per 100,000 children"",UHF42,305,Upper East Side,2012-2014,01/02/2012,7.6,"
"628987,655,Asthma hospitalizations due to Ozone,Estimated annual rate (under age 18),""per 100,000 children"",UHF42,305,Upper East Side,2015-2017,01/01/2015,5.6,"
167715,375,Nitrogen dioxide (NO2),Mean,ppb,CD,306,Park Slope and Carroll Gardens (CD6),Annual Average 2012,12/01/2011,23.25,
167703,375,Nitrogen dioxide (NO2),Mean,ppb,CD,206,Belmont and East Tremont (CD6),Annual Average 2012,12/01/2011,22.81,
166686,375,Nitrogen dioxide (NO2),Mean,ppb,CD,104,Clinton and Chelsea (CD4),Summer 2010,06/01/2010,31.25,
166745,375,Nitrogen dioxide (NO2),Mean,ppb,CD,104,Clinton and Chelsea (CD4),Summer 2011,06/01/2011,30.93,
412668,375,Nitrogen dioxide (NO2),Mean,ppb,CD,104,Clinton and Chelsea (CD4),Summer 2016,06/01/2016,22.98,
412667,375,Nitrogen dioxide (NO2),Mean,ppb,CD,104,Clinton and Chelsea (CD4),Winter 2015-16,12/01/2015,29.55,
216394,386,Ozone (O3),Mean,ppb,CD,208,Riverdale and Fieldston (CD8),Summer 2011,06/01/2011,31.3,
412090,386,Ozone (O3),Mean,ppb,CD,208,Riverdale and Fieldston (CD8),Summer 2016,06/01/2016,32.52,
336809,375,Nitrogen dioxide (NO2),Mean,ppb,CD,306,Park Slope and Carroll Gardens (CD6),Summer 2015,06/01/2015,16.88,
172713,375,Nitrogen dioxide (NO2),Mean,ppb,UHF34,503504,Southern SI,Annual Average 2012,12/01/2011,13.52,
336773,375,Nitrogen dioxide (NO2),Mean,ppb,CD,206,Belmont and East Tremont (CD6),Summer 2015,06/01/2015,17.43,
643601,375,Nitrogen dioxide (NO2),Mean,ppb,CD,206,Belmont and East Tremont (CD6),Summer 2019,06/01/2019,13.87,
667622,375,Nitrogen dioxide (NO2),Mean,ppb,CD,206,Belmont and East Tremont (CD6),Winter 2019-20,12/01/2019,24.31,
"518526,653,Asthma emergency departments visits due to Ozone,Estimated annual rate (under age 18),""per 100,000 children"",UHF42,305,Upper East Side,2012-2014,01/02/2012,26.2,"
"628891,653,Asthma emergency departments visits due to Ozone,Estimated annual rate (under age 18),""per 100,000 children"",UHF42,305,Upper East Side,2015-2017,01/01/2015,24.6,"
"518508,653,Asthma emergency departments visits due to Ozone,Estimated annual rate (under age 18),""per 100,000 children"",UHF42,105,Crotona -Tremont,2012-2014,01/02/2012,234.9,"
"628873,653,Asthma emergency departments visits due to Ozone,Estimated annual rate (under age 18),""per 100,000 children"",UHF42,105,Crotona -Tremont,2015-2017,01/01/2015,199.6,"
336689,375,Nitrogen dioxide (NO2),Mean,ppb,UHF34,408,Jamaica,Summer 2015,06/01/2015,13.33,
338247,386,Ozone (O3),Mean,ppb,UHF34,105106107,South Bronx,Summer 2015,06/01/2015,30.57,
650997,386,Ozone (O3),Mean,ppb,UHF34,105106107,South Bronx,Summer 2019,06/01/2019,29.16,
338223,386,Ozone (O3),Mean,ppb,UHF34,206,Borough Park,Summer 2015,06/01/2015,32.14,
338225,386,Ozone (O3),Mean,ppb,UHF34,208,Canarsie - Flatlands,Summer 2015,06/01/2015,34.7,
650983,386,Ozone (O3),Mean,ppb,UHF34,401,Long Island City - Astoria,Summer 2019,06/01/2019,28.36,
"151573,655,Asthma hospitalizations due to Ozone,Estimated annual rate (under age 18),""per 100,000 children"",Borough,4,Queens,2009-2011,01/01/2009,17,"
"151477,653,Asthma emergency departments visits due to Ozone,Estimated annual rate (under age 18),""per 100,000 children"",Borough,4,Queens,2009-2011,01/01/2009,84.1,"
"518598,655,Asthma hospitalizations due to Ozone,Estimated annual rate (under age 18),""per 100,000 children"",Borough,4,Queens,2012-2014,01/02/2012,15.5,"
"628963,655,Asthma hospitalizations due to Ozone,Estimated annual rate (under age 18),""per 100,000 children"",Borough,4,Queens,2015-2017,01/01/2015,11.4,"
"518502,653,Asthma emergency departments visits due to Ozone,Estimated annual rate (under age 18),""per 100,000 children"",Borough,4,Queens,2012-2014,01/02/2012,74,"
"628867,653,Asthma emergency departments visits due to Ozone,Estimated annual rate (under age 18),""per 100,000 children"",Borough,4,Queens,2015-2017,01/01/2015,67.3,"
216495,386,Ozone (O3),Mean,ppb,CD,313,Coney Island (CD13),Summer 2010,06/01/2010,37.44,
216496,386,Ozone (O3),Mean,ppb,CD,313,Coney Island (CD13),Summer 2011,06/01/2011,37.52,
412107,386,Ozone (O3),Mean,ppb,CD,313,Coney Island (CD13),Summer 2016,06/01/2016,36.33,
171604,375,Nitrogen dioxide (NO2),Mean,ppb,UHF34,208,Canarsie - Flatlands,Winter 2009-10,12/01/2009,24.61,
211767,375,Nitrogen dioxide (NO2),Mean,ppb,UHF34,208,Canarsie - Flatlands,Annual Average 2014,12/01/2013,17,
211765,375,Nitrogen dioxide (NO2),Mean,ppb,UHF34,206,Borough Park,Annual Average 2014,12/01/2013,20.41,
549915,375,Nitrogen dioxide (NO2),Mean,ppb,UHF34,206,Borough Park,Winter 2016-17,12/01/2016,25.04,
549913,375,Nitrogen dioxide (NO2),Mean,ppb,UHF34,206,Borough Park,Summer 2017,06/01/2017,13.77,
667365,375,Nitrogen dioxide (NO2),Mean,ppb,UHF34,206,Borough Park,Summer 2020,06/01/2020,10.74,
602856,375,Nitrogen dioxide (NO2),Mean,ppb,UHF34,206,Borough Park,Summer 2018,06/01/2018,12.59,
216508,386,Ozone (O3),Mean,ppb,CD,315,Sheepshead Bay (CD15),Summer 2011,06/01/2011,36.24,
412109,386,Ozone (O3),Mean,ppb,CD,315,Sheepshead Bay (CD15),Summer 2016,06/01/2016,35.37,
172148,375,Nitrogen dioxide (NO2),Mean,ppb,UHF34,208,Canarsie - Flatlands,Summer 2011,06/01/2011,14.26,
172114,375,Nitrogen dioxide (NO2),Mean,ppb,UHF34,208,Canarsie - Flatlands,Summer 2010,06/01/2010,14.28,
412587,375,Nitrogen dioxide (NO2),Mean,ppb,UHF34,208,Canarsie - Flatlands,Summer 2016,06/01/2016,9.96,
172112,375,Nitrogen dioxide (NO2),Mean,ppb,UHF34,206,Borough Park,Summer 2010,06/01/2010,18.77,
172146,375,Nitrogen dioxide (NO2),Mean,ppb,UHF34,206,Borough Park,Summer 2011,06/01/2011,18.64,
412581,375,Nitrogen dioxide (NO2),Mean,ppb,UHF34,206,Borough Park,Summer 2016,06/01/2016,14.25,
412580,375,Nitrogen dioxide (NO2),Mean,ppb,UHF34,206,Borough Park,Winter 2015-16,12/01/2015,23.73,
741046,375,Nitrogen dioxide (NO2),Mean,ppb,UHF34,206,Borough Park,Winter 2020-21,12/01/2020,23.01,
741077,375,Nitrogen dioxide (NO2),Mean,ppb,UHF34,401,Long Island City - Astoria,Summer 2021,06/01/2021,15.47,
172216,375,Nitrogen dioxide (NO2),Mean,ppb,UHF34,208,Canarsie - Flatlands,Summer 2013,06/01/2013,12.05,
172214,375,Nitrogen dioxide (NO2),Mean,ppb,UHF34,206,Borough Park,Summer 2013,06/01/2013,15.94,
172180,375,Nitrogen dioxide (NO2),Mean,ppb,UHF34,206,Borough Park,Summer 2012,06/01/2012,16.65,
412582,375,Nitrogen dioxide (NO2),Mean,ppb,UHF34,206,Borough Park,Annual Average 2016,12/31/2015,18.87,
741047,375,Nitrogen dioxide (NO2),Mean,ppb,UHF34,206,Borough Park,Summer 2021,06/01/2021,11.37,
602855,375,Nitrogen dioxide (NO2),Mean,ppb,UHF34,206,Borough Park,Annual Average 2018,01/01/2018,18.11,
172700,375,Nitrogen dioxide (NO2),Mean,ppb,UHF34,401,Long Island City - Astoria,Annual Average 2012,12/01/2011,23.14,
172714,375,Nitrogen dioxide (NO2),Mean,ppb,UHF34,105106107,South Bronx,Annual Average 2012,12/01/2011,23.17,
172705,375,Nitrogen dioxide (NO2),Mean,ppb,UHF34,408,Jamaica,Annual Average 2012,12/01/2011,19.35,
172692,375,Nitrogen dioxide (NO2),Mean,ppb,UHF34,208,Canarsie - Flatlands,Annual Average 2012,12/01/2011,17.22,
"518550,659,Asthma emergency departments visits due to Ozone,Estimated annual rate (age 18+),""per 100,000 adults"",Borough,4,Queens,2012-2014,01/02/2012,30.3,"
"628915,659,Asthma emergency departments visits due to Ozone,Estimated annual rate (age 18+),""per 100,000 adults"",Borough,4,Queens,2015-2017,01/01/2015,27.2,"
"131601,639,Deaths due to PM2.5,Estimated annual rate (age 30+),""per 100,000 adults"",Borough,4,Queens,2009-2011,01/01/2009,40.5,"
"518742,639,Deaths due to PM2.5,Estimated annual rate (age 30+),""per 100,000 adults"",Borough,4,Queens,2012-2014,01/02/2012,32.76,"
"628387,639,Deaths due to PM2.5,Estimated annual rate (age 30+),""per 100,000 adults"",Borough,4,Queens,2015-2017,01/01/2015,31.4,"
"131505,651,Cardiovascular hospitalizations due to PM2.5 (age 40+),Estimated annual rate,""per 100,000 adults"",Borough,4,Queens,2009-2011,01/01/2009,15.8,"
"629155,652,Cardiac and respiratory deaths due to Ozone,Estimated annual rate,""per 100,000"",Borough,4,Queens,2015-2017,01/01/2015,4.7,"
411076,365,Fine particles (PM 2.5),Mean,mcg/m3,CD,313,Coney Island (CD13),Annual Average 2016,12/31/2015,6.65,
179511,365,Fine particles (PM 2.5),Mean,mcg/m3,Borough,4,Queens,Winter 2011-12,12/01/2011,8.8,
211438,365,Fine particles (PM 2.5),Mean,mcg/m3,Borough,4,Queens,Annual Average 2014,12/01/2013,8.6,
547362,365,Fine particles (PM 2.5),Mean,mcg/m3,Borough,4,Queens,Summer 2017,06/01/2017,8.78,
170379,365,Fine particles (PM 2.5),Mean,mcg/m3,CD,315,Sheepshead Bay (CD15),Annual Average 2012,12/01/2011,8.32,
179860,641,Boiler Emissions- Total PM2.5 Emissions,Number per km2,number,Borough,4,Queens,2015,01/01/2015,0.2,
179764,642,Boiler Emissions- Total NOx Emissions,Number per km2,number,Borough,4,Queens,2015,01/01/2015,15.6,
605847,365,Fine particles (PM 2.5),Mean,mcg/m3,UHF34,401,Long Island City - Astoria,Summer 2018,06/01/2018,9.43,
173200,365,Fine particles (PM 2.5),Mean,mcg/m3,UHF34,206,Borough Park,Winter 2011-12,12/01/2011,9.16,
173132,365,Fine particles (PM 2.5),Mean,mcg/m3,UHF34,206,Borough Park,Winter 2009-10,12/01/2009,10.05,
547523,365,Fine particles (PM 2.5),Mean,mcg/m3,UHF34,206,Borough Park,Winter 2016-17,12/01/2016,7.62,
547521,365,Fine particles (PM 2.5),Mean,mcg/m3,UHF34,206,Borough Park,Summer 2017,06/01/2017,8.8,
669654,365,Fine particles (PM 2.5),Mean,mcg/m3,UHF34,401,Long Island City - Astoria,Winter 2019-20,12/01/2019,8.31,
173678,365,Fine particles (PM 2.5),Mean,mcg/m3,UHF34,208,Canarsie - Flatlands,Summer 2011,06/01/2011,11.12,
742321,365,Fine particles (PM 2.5),Mean,mcg/m3,UHF34,208,Canarsie - Flatlands,Winter 2020-21,12/01/2020,6.55,
174220,365,Fine particles (PM 2.5),Mean,mcg/m3,UHF34,206,Borough Park,Annual Average 2012,12/01/2011,8.89,
174244,365,Fine particles (PM 2.5),Mean,mcg/m3,UHF34,105106107,South Bronx,Annual Average 2012,12/01/2011,10.15,
174235,365,Fine particles (PM 2.5),Mean,mcg/m3,UHF34,408,Jamaica,Annual Average 2012,12/01/2011,8.48,
174230,365,Fine particles (PM 2.5),Mean,mcg/m3,UHF34,401,Long Island City - Astoria,Annual Average 2012,12/01/2011,9.84,
166698,375,Nitrogen dioxide (NO2),Mean,ppb,CD,204,Highbridge and Concourse (CD4),Summer 2010,06/01/2010,24,
412703,375,Nitrogen dioxide (NO2),Mean,ppb,CD,204,Highbridge and Concourse (CD4),Winter 2015-16,12/01/2015,24.9,
412704,375,Nitrogen dioxide (NO2),Mean,ppb,CD,204,Highbridge and Concourse (CD4),Summer 2016,06/01/2016,17.34,
741130,375,Nitrogen dioxide (NO2),Mean,ppb,CD,103,Lower East Side and Chinatown (CD3),Winter 2020-21,12/01/2020,23.91,
741166,375,Nitrogen dioxide (NO2),Mean,ppb,CD,203,Morrisania and Crotona (CD3),Winter 2020-21,12/01/2020,20.82,
166756,375,Nitrogen dioxide (NO2),Mean,ppb,CD,203,Morrisania and Crotona (CD3),Summer 2011,06/01/2011,20.59,
412701,375,Nitrogen dioxide (NO2),Mean,ppb,CD,203,Morrisania and Crotona (CD3),Summer 2016,06/01/2016,16.19,
216549,386,Ozone (O3),Mean,ppb,CD,404,Elmhurst and Corona (CD4),Summer 2010,06/01/2010,32.67,
216550,386,Ozone (O3),Mean,ppb,CD,404,Elmhurst and Corona (CD4),Summer 2011,06/01/2011,32.56,
412116,386,Ozone (O3),Mean,ppb,CD,404,Elmhurst and Corona (CD4),Summer 2016,06/01/2016,32.75,
216628,386,Ozone (O3),Mean,ppb,CD,503,Tottenville and Great Kills (CD3),Summer 2011,06/01/2011,35.94,
172633,375,Nitrogen dioxide (NO2),Mean,ppb,UHF34,402,West Queens,Annual Average 2010,12/01/2009,24.18,
643505,375,Nitrogen dioxide (NO2),Mean,ppb,UHF34,402,West Queens,Summer 2019,06/01/2019,15.58,
667430,375,Nitrogen dioxide (NO2),Mean,ppb,UHF34,402,West Queens,Winter 2019-20,12/01/2019,26.72,
171717,375,Nitrogen dioxide (NO2),Mean,ppb,UHF34,405,Ridgewood - Forest Hills,Winter 2012-13,12/01/2012,24.72,
667442,375,Nitrogen dioxide (NO2),Mean,ppb,UHF34,405,Ridgewood - Forest Hills,Winter 2019-20,12/01/2019,25.26,
643511,375,Nitrogen dioxide (NO2),Mean,ppb,UHF34,405,Ridgewood - Forest Hills,Summer 2019,06/01/2019,12.77,
171609,375,Nitrogen dioxide (NO2),Mean,ppb,UHF34,302,Central Harlem - Morningside Heights,Winter 2009-10,12/01/2009,29.31,
171677,375,Nitrogen dioxide (NO2),Mean,ppb,UHF34,302,Central Harlem - Morningside Heights,Winter 2011-12,12/01/2011,28.09,
602877,375,Nitrogen dioxide (NO2),Mean,ppb,UHF34,302,Central Harlem - Morningside Heights,Summer 2018,06/01/2018,16.9,
667407,375,Nitrogen dioxide (NO2),Mean,ppb,UHF34,302,Central Harlem - Morningside Heights,Summer 2020,06/01/2020,14.6,
549933,375,Nitrogen dioxide (NO2),Mean,ppb,UHF34,301,Washington Heights,Winter 2016-17,12/01/2016,26.85,
602874,375,Nitrogen dioxide (NO2),Mean,ppb,UHF34,301,Washington Heights,Summer 2018,06/01/2018,14.97,
667401,375,Nitrogen dioxide (NO2),Mean,ppb,UHF34,301,Washington Heights,Summer 2020,06/01/2020,14.03,
549931,375,Nitrogen dioxide (NO2),Mean,ppb,UHF34,301,Washington Heights,Summer 2017,06/01/2017,16.69,
171608,375,Nitrogen dioxide (NO2),Mean,ppb,UHF34,301,Washington Heights,Winter 2009-10,12/01/2009,26.37,
171676,375,Nitrogen dioxide (NO2),Mean,ppb,UHF34,301,Washington Heights,Winter 2011-12,12/01/2011,25.92,
211771,375,Nitrogen dioxide (NO2),Mean,ppb,UHF34,301,Washington Heights,Annual Average 2014,12/01/2013,21.12,
216363,386,Ozone (O3),Mean,ppb,CD,203,Morrisania and Crotona (CD3),Summer 2010,06/01/2010,31.92,
412111,386,Ozone (O3),Mean,ppb,CD,317,East Flatbush (CD17),Summer 2016,06/01/2016,33.88,
216525,386,Ozone (O3),Mean,ppb,CD,318,Flatlands and Canarsie (CD18),Summer 2010,06/01/2010,36.08,
216526,386,Ozone (O3),Mean,ppb,CD,318,Flatlands and Canarsie (CD18),Summer 2011,06/01/2011,35.88,
412112,386,Ozone (O3),Mean,ppb,CD,318,Flatlands and Canarsie (CD18),Summer 2016,06/01/2016,35.71,
"628992,655,Asthma hospitalizations due to Ozone,Estimated annual rate (under age 18),""per 100,000 children"",UHF42,310,Lower Manhattan,2015-2017,01/01/2015,5.8,"
171679,375,Nitrogen dioxide (NO2),Mean,ppb,UHF34,304,Upper West Side,Winter 2011-12,12/01/2011,28.9,
211774,375,Nitrogen dioxide (NO2),Mean,ppb,UHF34,304,Upper West Side,Annual Average 2014,12/01/2013,25.1,
171610,375,Nitrogen dioxide (NO2),Mean,ppb,UHF34,303,East Harlem,Winter 2009-10,12/01/2009,29.06,
211773,375,Nitrogen dioxide (NO2),Mean,ppb,UHF34,303,East Harlem,Annual Average 2014,12/01/2013,23.76,
602880,375,Nitrogen dioxide (NO2),Mean,ppb,UHF34,303,East Harlem,Summer 2018,06/01/2018,16.41,
336698,375,Nitrogen dioxide (NO2),Mean,ppb,UHF34,305307,Upper East Side-Gramercy,Summer 2015,06/01/2015,24.45,
667472,375,Nitrogen dioxide (NO2),Mean,ppb,UHF34,305307,Upper East Side-Gramercy,Winter 2019-20,12/01/2019,31.84,
336701,375,Nitrogen dioxide (NO2),Mean,ppb,UHF34,306308,Chelsea-Village,Summer 2015,06/01/2015,24.49,
172641,375,Nitrogen dioxide (NO2),Mean,ppb,UHF34,306308,Chelsea-Village,Annual Average 2010,12/01/2009,34.61,
667478,375,Nitrogen dioxide (NO2),Mean,ppb,UHF34,306308,Chelsea-Village,Winter 2019-20,12/01/2019,32.94,
643529,375,Nitrogen dioxide (NO2),Mean,ppb,UHF34,306308,Chelsea-Village,Summer 2019,06/01/2019,24.12,
171722,375,Nitrogen dioxide (NO2),Mean,ppb,UHF34,305307,Upper East Side-Gramercy,Winter 2012-13,12/01/2012,34.4,
338232,386,Ozone (O3),Mean,ppb,UHF34,304,Upper West Side,Summer 2015,06/01/2015,28.12,
650982,386,Ozone (O3),Mean,ppb,UHF34,304,Upper West Side,Summer 2019,06/01/2019,25.59,
338235,386,Ozone (O3),Mean,ppb,UHF34,403,Flushing - Clearview,Summer 2015,06/01/2015,31.88,
650985,386,Ozone (O3),Mean,ppb,UHF34,403,Flushing - Clearview,Summer 2019,06/01/2019,31.31,
650991,386,Ozone (O3),Mean,ppb,UHF34,305307,Upper East Side-Gramercy,Summer 2019,06/01/2019,24.98,
"518531,653,Asthma emergency departments visits due to Ozone,Estimated annual rate (under age 18),""per 100,000 children"",UHF42,310,Lower Manhattan,2012-2014,01/02/2012,55.3,"
"518519,653,Asthma emergency departments visits due to Ozone,Estimated annual rate (under age 18),""per 100,000 children"",UHF42,209,Bensonhurst - Bay Ridge,2012-2014,01/02/2012,24.2,"
"518615,655,Asthma hospitalizations due to Ozone,Estimated annual rate (under age 18),""per 100,000 children"",UHF42,209,Bensonhurst - Bay Ridge,2012-2014,01/02/2012,4.7,"
"518637,655,Asthma hospitalizations due to Ozone,Estimated annual rate (under age 18),""per 100,000 children"",UHF42,410,Rockaways,2012-2014,01/02/2012,18,"
"628906,653,Asthma emergency departments visits due to Ozone,Estimated annual rate (under age 18),""per 100,000 children"",UHF42,410,Rockaways,2015-2017,01/01/2015,84.8,"
"518516,653,Asthma emergency departments visits due to Ozone,Estimated annual rate (under age 18),""per 100,000 children"",UHF42,206,Borough Park,2012-2014,01/02/2012,24,"
"151572,655,Asthma hospitalizations due to Ozone,Estimated annual rate (under age 18),""per 100,000 children"",Borough,3,Manhattan,2009-2011,01/01/2009,19.9,"
"151457,653,Asthma emergency departments visits due to Ozone,Estimated annual rate (under age 18),""per 100,000 children"",UHF42,309,Union Square - Lower East Side,2009-2011,01/01/2009,144,"
"518540,653,Asthma emergency departments visits due to Ozone,Estimated annual rate (under age 18),""per 100,000 children"",UHF42,409,Southeast Queens,2012-2014,01/02/2012,83.8,"
"518636,655,Asthma hospitalizations due to Ozone,Estimated annual rate (under age 18),""per 100,000 children"",UHF42,409,Southeast Queens,2012-2014,01/02/2012,24.7,"
"518541,653,Asthma emergency departments visits due to Ozone,Estimated annual rate (under age 18),""per 100,000 children"",UHF42,410,Rockaways,2012-2014,01/02/2012,91,"
"629001,655,Asthma hospitalizations due to Ozone,Estimated annual rate (under age 18),""per 100,000 children"",UHF42,409,Southeast Queens,2015-2017,01/01/2015,16.1,"
602870,375,Nitrogen dioxide (NO2),Mean,ppb,UHF34,211,Williamsburg - Bushwick,Annual Average 2018,01/01/2018,20.95,
741062,375,Nitrogen dioxide (NO2),Mean,ppb,UHF34,211,Williamsburg - Bushwick,Summer 2021,06/01/2021,14.71,
172695,375,Nitrogen dioxide (NO2),Mean,ppb,UHF34,211,Williamsburg - Bushwick,Annual Average 2012,12/01/2011,23.43,
172712,375,Nitrogen dioxide (NO2),Mean,ppb,UHF34,501502,Northern SI,Annual Average 2012,12/01/2011,16.97,
172710,375,Nitrogen dioxide (NO2),Mean,ppb,UHF34,309310,Union Square-Lower Manhattan,Annual Average 2012,12/01/2011,29.12,
167577,375,Nitrogen dioxide (NO2),Mean,ppb,CD,110,Central Harlem (CD10),Annual Average 2010,12/01/2009,27.95,
165984,375,Nitrogen dioxide (NO2),Mean,ppb,CD,110,Central Harlem (CD10),Winter 2012-13,12/01/2012,29.9,
336749,375,Nitrogen dioxide (NO2),Mean,ppb,CD,110,Central Harlem (CD10),Summer 2015,06/01/2015,19.12,
667574,375,Nitrogen dioxide (NO2),Mean,ppb,CD,110,Central Harlem (CD10),Winter 2019-20,12/01/2019,26.73,
165986,375,Nitrogen dioxide (NO2),Mean,ppb,CD,112,Washington Heights and Inwood (CD12),Winter 2012-13,12/01/2012,27.17,
"151603,661,Asthma hospitalizations due to Ozone,Estimated annual rate (age 18+),""per 100,000 adults"",UHF42,401,Long Island City - Astoria,2009-2011,01/01/2009,4.1,"
"130794,648,Asthma emergency department visits due to PM2.5,Estimated annual rate (under age 18),""per 100,000 children"",UHF42,201,Greenpoint,2005-2007,01/01/2005,60.8,"
"518943,657,Asthma emergency department visits due to PM2.5,Estimated annual rate (age 18+),""per 100,000 adults"",UHF42,201,Greenpoint,2012-2014,01/02/2012,26.91,"
"628492,657,Asthma emergency department visits due to PM2.5,Estimated annual rate (age 18+),""per 100,000 adults"",UHF42,201,Greenpoint,2015-2017,01/01/2015,19.9,"
"518936,657,Asthma emergency department visits due to PM2.5,Estimated annual rate (age 18+),""per 100,000 adults"",UHF42,101,Kingsbridge - Riverdale,2012-2014,01/02/2012,27.13,"
"628485,657,Asthma emergency department visits due to PM2.5,Estimated annual rate (age 18+),""per 100,000 adults"",UHF42,101,Kingsbridge - Riverdale,2015-2017,01/01/2015,25.8,"
"131343,661,Asthma hospitalizations due to Ozone,Estimated annual rate (age 18+),""per 100,000 adults"",UHF42,401,Long Island City - Astoria,2005-2007,01/01/2005,3.7,"
"131583,639,Deaths due to PM2.5,Estimated annual rate (age 30+),""per 100,000 adults"",UHF42,401,Long Island City - Astoria,2009-2011,01/01/2009,39.8,"
"518772,639,Deaths due to PM2.5,Estimated annual rate (age 30+),""per 100,000 adults"",UHF42,401,Long Island City - Astoria,2012-2014,01/02/2012,31.59,"
"628427,639,Deaths due to PM2.5,Estimated annual rate (age 30+),""per 100,000 adults"",UHF42,501,Port Richmond,2015-2017,01/01/2015,41.9,"
"628417,639,Deaths due to PM2.5,Estimated annual rate (age 30+),""per 100,000 adults"",UHF42,401,Long Island City - Astoria,2015-2017,01/01/2015,31.4,"
"131487,651,Cardiovascular hospitalizations due to PM2.5 (age 40+),Estimated annual rate,""per 100,000 adults"",UHF42,401,Long Island City - Astoria,2009-2011,01/01/2009,15.6,"
"628599,651,Cardiovascular hospitalizations due to PM2.5 (age 40+),Estimated annual rate,""per 100,000 adults"",UHF42,301,Washington Heights,2015-2017,01/01/2015,17.1,"
"628581,651,Cardiovascular hospitalizations due to PM2.5 (age 40+),Estimated annual rate,""per 100,000 adults"",UHF42,101,Kingsbridge - Riverdale,2015-2017,01/01/2015,18.2,"
"518868,651,Cardiovascular hospitalizations due to PM2.5 (age 40+),Estimated annual rate,""per 100,000 adults"",UHF42,401,Long Island City - Astoria,2012-2014,01/02/2012,11.38,"
"628619,651,Cardiovascular hospitalizations due to PM2.5 (age 40+),Estimated annual rate,""per 100,000 adults"",UHF42,501,Port Richmond,2015-2017,01/01/2015,17.9,"
"628588,651,Cardiovascular hospitalizations due to PM2.5 (age 40+),Estimated annual rate,""per 100,000 adults"",UHF42,201,Greenpoint,2015-2017,01/01/2015,15.9,"
"628609,651,Cardiovascular hospitalizations due to PM2.5 (age 40+),Estimated annual rate,""per 100,000 adults"",UHF42,401,Long Island City - Astoria,2015-2017,01/01/2015,14.7,"
"131038,653,Asthma emergency departments visits due to Ozone,Estimated annual rate (under age 18),""per 100,000 children"",UHF42,205,Sunset Park,2005-2007,01/01/2005,37.7,"
"131134,655,Asthma hospitalizations due to Ozone,Estimated annual rate (under age 18),""per 100,000 children"",UHF42,205,Sunset Park,2005-2007,01/01/2005,8.8,"
"131153,655,Asthma hospitalizations due to Ozone,Estimated annual rate (under age 18),""per 100,000 children"",UHF42,403,Flushing - Clearview,2005-2007,01/01/2005,11.1,"
"131057,653,Asthma emergency departments visits due to Ozone,Estimated annual rate (under age 18),""per 100,000 children"",UHF42,403,Flushing - Clearview,2005-2007,01/01/2005,38.8,"
"628928,659,Asthma emergency departments visits due to Ozone,Estimated annual rate (age 18+),""per 100,000 adults"",UHF42,205,Sunset Park,2015-2017,01/01/2015,26.9,"
"518554,659,Asthma emergency departments visits due to Ozone,Estimated annual rate (age 18+),""per 100,000 adults"",UHF42,103,Fordham - Bronx Pk,2012-2014,01/02/2012,99.5,"
"628919,659,Asthma emergency departments visits due to Ozone,Estimated annual rate (age 18+),""per 100,000 adults"",UHF42,103,Fordham - Bronx Pk,2015-2017,01/01/2015,85.5,"
"628939,659,Asthma emergency departments visits due to Ozone,Estimated annual rate (age 18+),""per 100,000 adults"",UHF42,305,Upper East Side,2015-2017,01/01/2015,8.6,"
"518574,659,Asthma emergency departments visits due to Ozone,Estimated annual rate (age 18+),""per 100,000 adults"",UHF42,305,Upper East Side,2012-2014,01/02/2012,8.8,"
"628921,659,Asthma emergency departments visits due to Ozone,Estimated annual rate (age 18+),""per 100,000 adults"",UHF42,105,Crotona -Tremont,2015-2017,01/01/2015,112,"
"518958,657,Asthma emergency department visits due to PM2.5,Estimated annual rate (age 18+),""per 100,000 adults"",UHF42,305,Upper East Side,2012-2014,01/02/2012,7.98,"
"628507,657,Asthma emergency department visits due to PM2.5,Estimated annual rate (age 18+),""per 100,000 adults"",UHF42,305,Upper East Side,2015-2017,01/01/2015,6.6,"
"628496,657,Asthma emergency department visits due to PM2.5,Estimated annual rate (age 18+),""per 100,000 adults"",UHF42,205,Sunset Park,2015-2017,01/01/2015,18.6,"
"628494,657,Asthma emergency department visits due to PM2.5,Estimated annual rate (age 18+),""per 100,000 adults"",UHF42,203,Bedford Stuyvesant - Crown Heights,2015-2017,01/01/2015,68.1,"
"131241,657,Asthma emergency department visits due to PM2.5,Estimated annual rate (age 18+),""per 100,000 adults"",UHF42,305,Upper East Side,2005-2007,01/01/2005,11.5,"
"131335,661,Asthma hospitalizations due to Ozone,Estimated annual rate (age 18+),""per 100,000 adults"",UHF42,303,East Harlem,2005-2007,01/01/2005,19.5,"
"131324,661,Asthma hospitalizations due to Ozone,Estimated annual rate (age 18+),""per 100,000 adults"",UHF42,203,Bedford Stuyvesant - Crown Heights,2005-2007,01/01/2005,15.1,"
"131299,659,Asthma emergency departments visits due to Ozone,Estimated annual rate (age 18+),""per 100,000 adults"",UHF42,405,Ridgewood - Forest Hills,2005-2007,01/01/2005,16.2,"
"131575,639,Deaths due to PM2.5,Estimated annual rate (age 30+),""per 100,000 adults"",UHF42,303,East Harlem,2009-2011,01/01/2009,69.9,"
"131557,639,Deaths due to PM2.5,Estimated annual rate (age 30+),""per 100,000 adults"",UHF42,103,Fordham - Bronx Pk,2009-2011,01/01/2009,49.6,"
"628421,639,Deaths due to PM2.5,Estimated annual rate (age 30+),""per 100,000 adults"",UHF42,405,Ridgewood - Forest Hills,2015-2017,01/01/2015,34.7,"
"518753,639,Deaths due to PM2.5,Estimated annual rate (age 30+),""per 100,000 adults"",UHF42,203,Bedford Stuyvesant - Crown Heights,2012-2014,01/02/2012,45.5,"
"131577,639,Deaths due to PM2.5,Estimated annual rate (age 30+),""per 100,000 adults"",UHF42,305,Upper East Side,2009-2011,01/01/2009,45.3,"
"131559,639,Deaths due to PM2.5,Estimated annual rate (age 30+),""per 100,000 adults"",UHF42,105,Crotona -Tremont,2009-2011,01/01/2009,47.4,"
"518784,639,Deaths due to PM2.5,Estimated annual rate (age 30+),""per 100,000 adults"",UHF42,503,Willowbrook,2012-2014,01/02/2012,57.15,"
"628429,639,Deaths due to PM2.5,Estimated annual rate (age 30+),""per 100,000 adults"",UHF42,503,Willowbrook,2015-2017,01/01/2015,48.4,"
"518764,639,Deaths due to PM2.5,Estimated annual rate (age 30+),""per 100,000 adults"",UHF42,303,East Harlem,2012-2014,01/02/2012,57.85,"
216330,386,Ozone (O3),Mean,ppb,CD,109,Morningside Heights and Hamilton Heights (CD9),Summer 2013,06/01/2013,28.29,
216329,386,Ozone (O3),Mean,ppb,CD,109,Morningside Heights and Hamilton Heights (CD9),Summer 2012,06/01/2012,31.63,
743641,386,Ozone (O3),Mean,ppb,CD,109,Morningside Heights and Hamilton Heights (CD9),Summer 2021,06/01/2021,28.61,
216341,386,Ozone (O3),Mean,ppb,CD,111,East Harlem (CD11),Summer 2012,06/01/2012,32.3,
216342,386,Ozone (O3),Mean,ppb,CD,111,East Harlem (CD11),Summer 2013,06/01/2013,28.92,
743639,386,Ozone (O3),Mean,ppb,CD,111,East Harlem (CD11),Summer 2021,06/01/2021,28.33,
167718,375,Nitrogen dioxide (NO2),Mean,ppb,CD,309,South Crown Heights and Lefferts Gardens (CD9),Annual Average 2012,12/01/2011,22.7,
167720,375,Nitrogen dioxide (NO2),Mean,ppb,CD,311,Bensonhurst (CD11),Annual Average 2012,12/01/2011,19.71,
167706,375,Nitrogen dioxide (NO2),Mean,ppb,CD,209,Parkchester and Soundview (CD9),Annual Average 2012,12/01/2011,21.07,
"130912,650,Respiratory hospitalizations due to PM2.5 (age 20+),Estimated annual rate,""per 100,000 adults"",UHF42,402,West Queens,2005-2007,01/01/2005,12.6,"
154474,645,Annual vehicle miles travelled (trucks),million miles,per km2,CD,309,South Crown Heights and Lefferts Gardens (CD9),2005,01/01/2005,0.9,
"151422,652,Cardiac and respiratory deaths due to Ozone,Estimated annual rate,""per 100,000"",UHF42,502,Stapleton - St. George,2009-2011,01/01/2009,8.4,"
"131498,651,Cardiovascular hospitalizations due to PM2.5 (age 40+),Estimated annual rate,""per 100,000 adults"",UHF42,502,Stapleton - St. George,2009-2011,01/01/2009,16.9,"
"131488,651,Cardiovascular hospitalizations due to PM2.5 (age 40+),Estimated annual rate,""per 100,000 adults"",UHF42,402,West Queens,2009-2011,01/01/2009,13.2,"
171619,375,Nitrogen dioxide (NO2),Mean,ppb,UHF34,410,Rockaways,Winter 2009-10,12/01/2009,21.08,
171687,375,Nitrogen dioxide (NO2),Mean,ppb,UHF34,410,Rockaways,Winter 2011-12,12/01/2011,15.89,
211782,375,Nitrogen dioxide (NO2),Mean,ppb,UHF34,410,Rockaways,Annual Average 2014,12/01/2013,13.77,
"151556,655,Asthma hospitalizations due to Ozone,Estimated annual rate (under age 18),""per 100,000 children"",UHF42,402,West Queens,2009-2011,01/01/2009,9.2,"
"151470,653,Asthma emergency departments visits due to Ozone,Estimated annual rate (under age 18),""per 100,000 children"",UHF42,502,Stapleton - St. George,2009-2011,01/01/2009,101.7,"
"151566,655,Asthma hospitalizations due to Ozone,Estimated annual rate (under age 18),""per 100,000 children"",UHF42,502,Stapleton - St. George,2009-2011,01/01/2009,16,"
"628994,655,Asthma hospitalizations due to Ozone,Estimated annual rate (under age 18),""per 100,000 children"",UHF42,402,West Queens,2015-2017,01/01/2015,9,"
"628898,653,Asthma emergency departments visits due to Ozone,Estimated annual rate (under age 18),""per 100,000 children"",UHF42,402,West Queens,2015-2017,01/01/2015,80.7,"
171674,375,Nitrogen dioxide (NO2),Mean,ppb,UHF34,210,Coney Island - Sheepshead Bay,Winter 2011-12,12/01/2011,19.46,
122150,386,Ozone (O3),Mean,ppb,UHF34,410,Rockaways,2-Year Summer Average 2009-2010,06/01/2009,30.47,
605285,386,Ozone (O3),Mean,ppb,UHF34,210,Coney Island - Sheepshead Bay,Summer 2018,06/01/2018,32.5,
338240,386,Ozone (O3),Mean,ppb,UHF34,410,Rockaways,Summer 2015,06/01/2015,37.44,
"518639,655,Asthma hospitalizations due to Ozone,Estimated annual rate (under age 18),""per 100,000 children"",UHF42,502,Stapleton - St. George,2012-2014,01/02/2012,17.3,"
"518543,653,Asthma emergency departments visits due to Ozone,Estimated annual rate (under age 18),""per 100,000 children"",UHF42,502,Stapleton - St. George,2012-2014,01/02/2012,94.8,"
"628908,653,Asthma emergency departments visits due to Ozone,Estimated annual rate (under age 18),""per 100,000 children"",UHF42,502,Stapleton - St. George,2015-2017,01/01/2015,78.7,"
216435,386,Ozone (O3),Mean,ppb,CD,303,Bedford Stuyvesant (CD3),Summer 2010,06/01/2010,31.75,
216436,386,Ozone (O3),Mean,ppb,CD,303,Bedford Stuyvesant (CD3),Summer 2011,06/01/2011,30.8,
167595,375,Nitrogen dioxide (NO2),Mean,ppb,CD,304,Bushwick (CD4),Annual Average 2010,12/01/2009,24.2,
166002,375,Nitrogen dioxide (NO2),Mean,ppb,CD,304,Bushwick (CD4),Winter 2012-13,12/01/2012,26.43,
667335,375,Nitrogen dioxide (NO2),Mean,ppb,UHF34,201,Greenpoint,Summer 2020,06/01/2020,14.72,
412599,375,Nitrogen dioxide (NO2),Mean,ppb,UHF34,301,Washington Heights,Summer 2016,06/01/2016,16.19,
741064,375,Nitrogen dioxide (NO2),Mean,ppb,UHF34,301,Washington Heights,Winter 2020-21,12/01/2020,20.46,
172118,375,Nitrogen dioxide (NO2),Mean,ppb,UHF34,301,Washington Heights,Summer 2010,06/01/2010,22.89,
172152,375,Nitrogen dioxide (NO2),Mean,ppb,UHF34,301,Washington Heights,Summer 2011,06/01/2011,20.85,
172221,375,Nitrogen dioxide (NO2),Mean,ppb,UHF34,302,Central Harlem - Morningside Heights,Summer 2013,06/01/2013,21.54,
412603,375,Nitrogen dioxide (NO2),Mean,ppb,UHF34,302,Central Harlem - Morningside Heights,Annual Average 2016,12/31/2015,22.19,
602876,375,Nitrogen dioxide (NO2),Mean,ppb,UHF34,302,Central Harlem - Morningside Heights,Annual Average 2018,01/01/2018,21.66,
741068,375,Nitrogen dioxide (NO2),Mean,ppb,UHF34,302,Central Harlem - Morningside Heights,Summer 2021,06/01/2021,14.42,
412600,375,Nitrogen dioxide (NO2),Mean,ppb,UHF34,301,Washington Heights,Annual Average 2016,12/31/2015,19.85,
602873,375,Nitrogen dioxide (NO2),Mean,ppb,UHF34,301,Washington Heights,Annual Average 2018,01/01/2018,19.73,
741065,375,Nitrogen dioxide (NO2),Mean,ppb,UHF34,301,Washington Heights,Summer 2021,06/01/2021,13.2,
172186,375,Nitrogen dioxide (NO2),Mean,ppb,UHF34,301,Washington Heights,Summer 2012,06/01/2012,18.91,
172685,375,Nitrogen dioxide (NO2),Mean,ppb,UHF34,201,Greenpoint,Annual Average 2012,12/01/2011,23.63,
172681,375,Nitrogen dioxide (NO2),Mean,ppb,UHF34,101,Kingsbridge - Riverdale,Annual Average 2012,12/01/2011,19.05,
172682,375,Nitrogen dioxide (NO2),Mean,ppb,UHF34,102,Northeast Bronx,Annual Average 2012,12/01/2011,20.02,
172696,375,Nitrogen dioxide (NO2),Mean,ppb,UHF34,301,Washington Heights,Annual Average 2012,12/01/2011,23.15,
172703,375,Nitrogen dioxide (NO2),Mean,ppb,UHF34,405,Ridgewood - Forest Hills,Annual Average 2012,12/01/2011,20.99,
172701,375,Nitrogen dioxide (NO2),Mean,ppb,UHF34,402,West Queens,Annual Average 2012,12/01/2011,22.78,
172697,375,Nitrogen dioxide (NO2),Mean,ppb,UHF34,302,Central Harlem - Morningside Heights,Annual Average 2012,12/01/2011,25.76,
336630,375,Nitrogen dioxide (NO2),Mean,ppb,UHF34,201,Greenpoint,Winter 2014-15,12/01/2014,26.82,
"151589,661,Asthma hospitalizations due to Ozone,Estimated annual rate (age 18+),""per 100,000 adults"",UHF42,208,Canarsie - Flatlands,2009-2011,01/01/2009,7.1,"
"518635,655,Asthma hospitalizations due to Ozone,Estimated annual rate (under age 18),""per 100,000 children"",UHF42,408,Jamaica,2012-2014,01/02/2012,23.7,"
"629000,655,Asthma hospitalizations due to Ozone,Estimated annual rate (under age 18),""per 100,000 children"",UHF42,408,Jamaica,2015-2017,01/01/2015,18,"
"628904,653,Asthma emergency departments visits due to Ozone,Estimated annual rate (under age 18),""per 100,000 children"",UHF42,408,Jamaica,2015-2017,01/01/2015,105.7,"
"628864,653,Asthma emergency departments visits due to Ozone,Estimated annual rate (under age 18),""per 100,000 children"",Borough,1,Bronx,2015-2017,01/01/2015,177.5,"
"131157,655,Asthma hospitalizations due to Ozone,Estimated annual rate (under age 18),""per 100,000 children"",UHF42,407,Southwest Queens,2005-2007,01/01/2005,14,"
"131062,653,Asthma emergency departments visits due to Ozone,Estimated annual rate (under age 18),""per 100,000 children"",UHF42,408,Jamaica,2005-2007,01/01/2005,103.9,"
167698,375,Nitrogen dioxide (NO2),Mean,ppb,CD,201,Mott Haven and Melrose (CD1),Annual Average 2012,12/01/2011,23.5,
741124,375,Nitrogen dioxide (NO2),Mean,ppb,CD,101,Financial District (CD1),Winter 2020-21,12/01/2020,25.77,
216622,386,Ozone (O3),Mean,ppb,CD,502,South Beach and Willowbrook (CD2),Summer 2011,06/01/2011,34.07,
412128,386,Ozone (O3),Mean,ppb,CD,502,South Beach and Willowbrook (CD2),Summer 2016,06/01/2016,35.11,
216430,386,Ozone (O3),Mean,ppb,CD,302,Fort Greene and Brooklyn Heights (CD2),Summer 2011,06/01/2011,29.06,
171716,375,Nitrogen dioxide (NO2),Mean,ppb,UHF34,403,Flushing - Clearview,Winter 2012-13,12/01/2012,22.06,
172634,375,Nitrogen dioxide (NO2),Mean,ppb,UHF34,403,Flushing - Clearview,Annual Average 2010,12/01/2009,21.47,
336680,375,Nitrogen dioxide (NO2),Mean,ppb,UHF34,403,Flushing - Clearview,Summer 2015,06/01/2015,14.46,
643508,375,Nitrogen dioxide (NO2),Mean,ppb,UHF34,403,Flushing - Clearview,Summer 2019,06/01/2019,13.61,
549939,375,Nitrogen dioxide (NO2),Mean,ppb,UHF34,303,East Harlem,Winter 2016-17,12/01/2016,28.06,
549937,375,Nitrogen dioxide (NO2),Mean,ppb,UHF34,303,East Harlem,Summer 2017,06/01/2017,18.57,
667413,375,Nitrogen dioxide (NO2),Mean,ppb,UHF34,303,East Harlem,Summer 2020,06/01/2020,14.24,
171600,375,Nitrogen dioxide (NO2),Mean,ppb,UHF34,204,East New York,Winter 2009-10,12/01/2009,26.84,
171668,375,Nitrogen dioxide (NO2),Mean,ppb,UHF34,204,East New York,Winter 2011-12,12/01/2011,24.24,
549942,375,Nitrogen dioxide (NO2),Mean,ppb,UHF34,304,Upper West Side,Winter 2016-17,12/01/2016,28.64,
602883,375,Nitrogen dioxide (NO2),Mean,ppb,UHF34,304,Upper West Side,Summer 2018,06/01/2018,18.4,
549940,375,Nitrogen dioxide (NO2),Mean,ppb,UHF34,304,Upper West Side,Summer 2017,06/01/2017,19.98,
549904,375,Nitrogen dioxide (NO2),Mean,ppb,UHF34,203,Bedford Stuyvesant - Crown Heights,Summer 2017,06/01/2017,15.17,
602847,375,Nitrogen dioxide (NO2),Mean,ppb,UHF34,203,Bedford Stuyvesant - Crown Heights,Summer 2018,06/01/2018,14.02,
216424,386,Ozone (O3),Mean,ppb,CD,301,Greenpoint and Williamsburg (CD1),Summer 2011,06/01/2011,31.61,
216423,386,Ozone (O3),Mean,ppb,CD,301,Greenpoint and Williamsburg (CD1),Summer 2010,06/01/2010,32.53,
172144,375,Nitrogen dioxide (NO2),Mean,ppb,UHF34,204,East New York,Summer 2011,06/01/2011,18.06,
172110,375,Nitrogen dioxide (NO2),Mean,ppb,UHF34,204,East New York,Summer 2010,06/01/2010,18.11,
412607,375,Nitrogen dioxide (NO2),Mean,ppb,UHF34,304,Upper West Side,Winter 2015-16,12/01/2015,26.42,
412608,375,Nitrogen dioxide (NO2),Mean,ppb,UHF34,304,Upper West Side,Summer 2016,06/01/2016,19.1,
741073,375,Nitrogen dioxide (NO2),Mean,ppb,UHF34,304,Upper West Side,Winter 2020-21,12/01/2020,22.81,
172188,375,Nitrogen dioxide (NO2),Mean,ppb,UHF34,303,East Harlem,Summer 2012,06/01/2012,21.24,
412606,375,Nitrogen dioxide (NO2),Mean,ppb,UHF34,303,East Harlem,Annual Average 2016,12/31/2015,22.19,
602879,375,Nitrogen dioxide (NO2),Mean,ppb,UHF34,303,East Harlem,Annual Average 2018,01/01/2018,20.91,
741071,375,Nitrogen dioxide (NO2),Mean,ppb,UHF34,303,East Harlem,Summer 2021,06/01/2021,14.52,
412609,375,Nitrogen dioxide (NO2),Mean,ppb,UHF34,304,Upper West Side,Annual Average 2016,12/31/2015,23.15,
602882,375,Nitrogen dioxide (NO2),Mean,ppb,UHF34,304,Upper West Side,Annual Average 2018,01/01/2018,22.22,
741074,375,Nitrogen dioxide (NO2),Mean,ppb,UHF34,304,Upper West Side,Summer 2021,06/01/2021,15.66,
172687,375,Nitrogen dioxide (NO2),Mean,ppb,UHF34,203,Bedford Stuyvesant - Crown Heights,Annual Average 2012,12/01/2011,22.88,
"518755,639,Deaths due to PM2.5,Estimated annual rate (age 30+),""per 100,000 adults"",UHF42,205,Sunset Park,2012-2014,01/02/2012,30.86,"
"518746,639,Deaths due to PM2.5,Estimated annual rate (age 30+),""per 100,000 adults"",UHF42,103,Fordham - Bronx Pk,2012-2014,01/02/2012,43.54,"
"518766,639,Deaths due to PM2.5,Estimated annual rate (age 30+),""per 100,000 adults"",UHF42,305,Upper East Side,2012-2014,01/02/2012,43.37,"
"628411,639,Deaths due to PM2.5,Estimated annual rate (age 30+),""per 100,000 adults"",UHF42,305,Upper East Side,2015-2017,01/01/2015,35.4,"
"131479,651,Cardiovascular hospitalizations due to PM2.5 (age 40+),Estimated annual rate,""per 100,000 adults"",UHF42,303,East Harlem,2009-2011,01/01/2009,23.3,"
"131463,651,Cardiovascular hospitalizations due to PM2.5 (age 40+),Estimated annual rate,""per 100,000 adults"",UHF42,105,Crotona -Tremont,2009-2011,01/01/2009,21.6,"
"628613,651,Cardiovascular hospitalizations due to PM2.5 (age 40+),Estimated annual rate,""per 100,000 adults"",UHF42,405,Ridgewood - Forest Hills,2015-2017,01/01/2015,14.5,"
"518849,651,Cardiovascular hospitalizations due to PM2.5 (age 40+),Estimated annual rate,""per 100,000 adults"",UHF42,203,Bedford Stuyvesant - Crown Heights,2012-2014,01/02/2012,17.74,"
"518880,651,Cardiovascular hospitalizations due to PM2.5 (age 40+),Estimated annual rate,""per 100,000 adults"",UHF42,503,Willowbrook,2012-2014,01/02/2012,14.05,"
"628621,651,Cardiovascular hospitalizations due to PM2.5 (age 40+),Estimated annual rate,""per 100,000 adults"",UHF42,503,Willowbrook,2015-2017,01/01/2015,16.8,"
"628601,651,Cardiovascular hospitalizations due to PM2.5 (age 40+),Estimated annual rate,""per 100,000 adults"",UHF42,303,East Harlem,2015-2017,01/01/2015,25.5,"
"151405,652,Cardiac and respiratory deaths due to Ozone,Estimated annual rate,""per 100,000"",UHF42,305,Upper East Side,2009-2011,01/01/2009,4,"
"151387,652,Cardiac and respiratory deaths due to Ozone,Estimated annual rate,""per 100,000"",UHF42,105,Crotona -Tremont,2009-2011,01/01/2009,2.7,"
"629189,652,Cardiac and respiratory deaths due to Ozone,Estimated annual rate,""per 100,000"",UHF42,405,Ridgewood - Forest Hills,2015-2017,01/01/2015,5.3,"
"518705,652,Cardiac and respiratory deaths due to Ozone,Estimated annual rate,""per 100,000"",UHF42,203,Bedford Stuyvesant - Crown Heights,2012-2014,01/02/2012,5.3,"
"629166,652,Cardiac and respiratory deaths due to Ozone,Estimated annual rate,""per 100,000"",UHF42,203,Bedford Stuyvesant - Crown Heights,2015-2017,01/01/2015,4.9,"
"518736,652,Cardiac and respiratory deaths due to Ozone,Estimated annual rate,""per 100,000"",UHF42,503,Willowbrook,2012-2014,01/02/2012,9.8,"
"629197,652,Cardiac and respiratory deaths due to Ozone,Estimated annual rate,""per 100,000"",UHF42,503,Willowbrook,2015-2017,01/01/2015,7.7,"
"629177,652,Cardiac and respiratory deaths due to Ozone,Estimated annual rate,""per 100,000"",UHF42,303,East Harlem,2015-2017,01/01/2015,5.2,"
"518707,652,Cardiac and respiratory deaths due to Ozone,Estimated annual rate,""per 100,000"",UHF42,205,Sunset Park,2012-2014,01/02/2012,3.1,"
"629168,652,Cardiac and respiratory deaths due to Ozone,Estimated annual rate,""per 100,000"",UHF42,205,Sunset Park,2015-2017,01/01/2015,3.1,"
"518698,652,Cardiac and respiratory deaths due to Ozone,Estimated annual rate,""per 100,000"",UHF42,103,Fordham - Bronx Pk,2012-2014,01/02/2012,4.2,"
"629159,652,Cardiac and respiratory deaths due to Ozone,Estimated annual rate,""per 100,000"",UHF42,103,Fordham - Bronx Pk,2015-2017,01/01/2015,4,"
"629179,652,Cardiac and respiratory deaths due to Ozone,Estimated annual rate,""per 100,000"",UHF42,305,Upper East Side,2015-2017,01/01/2015,3.8,"
"518718,652,Cardiac and respiratory deaths due to Ozone,Estimated annual rate,""per 100,000"",UHF42,305,Upper East Side,2012-2014,01/02/2012,4.3,"
168458,365,Fine particles (PM 2.5),Mean,mcg/m3,CD,106,Stuyvesant Town and Turtle Bay (CD6),Winter 2009-10,12/01/2009,13.03,
168576,365,Fine particles (PM 2.5),Mean,mcg/m3,CD,106,Stuyvesant Town and Turtle Bay (CD6),Winter 2011-12,12/01/2011,12.24,
214113,365,Fine particles (PM 2.5),Mean,mcg/m3,CD,106,Stuyvesant Town and Turtle Bay (CD6),Annual Average 2014,12/01/2013,12.37,
"629175,652,Cardiac and respiratory deaths due to Ozone,Estimated annual rate,""per 100,000"",UHF42,301,Washington Heights,2015-2017,01/01/2015,3.3,"
"518703,652,Cardiac and respiratory deaths due to Ozone,Estimated annual rate,""per 100,000"",UHF42,201,Greenpoint,2012-2014,01/02/2012,3.5,"
"629164,652,Cardiac and respiratory deaths due to Ozone,Estimated annual rate,""per 100,000"",UHF42,201,Greenpoint,2015-2017,01/01/2015,3.1,"
"629195,652,Cardiac and respiratory deaths due to Ozone,Estimated annual rate,""per 100,000"",UHF42,501,Port Richmond,2015-2017,01/01/2015,5.2,"
"518724,652,Cardiac and respiratory deaths due to Ozone,Estimated annual rate,""per 100,000"",UHF42,401,Long Island City - Astoria,2012-2014,01/02/2012,4.2,"
"629185,652,Cardiac and respiratory deaths due to Ozone,Estimated annual rate,""per 100,000"",UHF42,401,Long Island City - Astoria,2015-2017,01/01/2015,4.3,"
605922,365,Fine particles (PM 2.5),Mean,mcg/m3,CD,110,Central Harlem (CD10),Summer 2018,06/01/2018,8.88,
547626,365,Fine particles (PM 2.5),Mean,mcg/m3,CD,110,Central Harlem (CD10),Summer 2017,06/01/2017,9.85,
669578,365,Fine particles (PM 2.5),Mean,mcg/m3,CD,110,Central Harlem (CD10),Summer 2020,06/01/2020,7.38,
168464,365,Fine particles (PM 2.5),Mean,mcg/m3,CD,112,Washington Heights and Inwood (CD12),Winter 2009-10,12/01/2009,12.24,
168582,365,Fine particles (PM 2.5),Mean,mcg/m3,CD,112,Washington Heights and Inwood (CD12),Winter 2011-12,12/01/2011,10.96,
168578,365,Fine particles (PM 2.5),Mean,mcg/m3,CD,108,Upper East Side (CD8),Winter 2011-12,12/01/2011,11.31,
168460,365,Fine particles (PM 2.5),Mean,mcg/m3,CD,108,Upper East Side (CD8),Winter 2009-10,12/01/2009,11.92,
214115,365,Fine particles (PM 2.5),Mean,mcg/m3,CD,108,Upper East Side (CD8),Annual Average 2014,12/01/2013,11.18,
605916,365,Fine particles (PM 2.5),Mean,mcg/m3,CD,108,Upper East Side (CD8),Summer 2018,06/01/2018,10.06,
547622,365,Fine particles (PM 2.5),Mean,mcg/m3,CD,108,Upper East Side (CD8),Winter 2016-17,12/01/2016,9.15,
669572,365,Fine particles (PM 2.5),Mean,mcg/m3,CD,108,Upper East Side (CD8),Summer 2020,06/01/2020,7.45,
547668,365,Fine particles (PM 2.5),Mean,mcg/m3,CD,212,Williamsbridge and Baychester (CD12),Summer 2017,06/01/2017,9.2,
605964,365,Fine particles (PM 2.5),Mean,mcg/m3,CD,212,Williamsbridge and Baychester (CD12),Summer 2018,06/01/2018,8.29,
168488,365,Fine particles (PM 2.5),Mean,mcg/m3,CD,312,Borough Park (CD12),Winter 2009-10,12/01/2009,10.09,
168606,365,Fine particles (PM 2.5),Mean,mcg/m3,CD,312,Borough Park (CD12),Winter 2011-12,12/01/2011,9.23,
214143,365,Fine particles (PM 2.5),Mean,mcg/m3,CD,312,Borough Park (CD12),Annual Average 2014,12/01/2013,8.89,
177265,365,Fine particles (PM 2.5),Mean,mcg/m3,UHF42,101,Kingsbridge - Riverdale,Winter 2011-12,12/01/2011,9.89,
212920,365,Fine particles (PM 2.5),Mean,mcg/m3,UHF42,101,Kingsbridge - Riverdale,Annual Average 2014,12/01/2013,9,
547368,365,Fine particles (PM 2.5),Mean,mcg/m3,UHF42,101,Kingsbridge - Riverdale,Summer 2017,06/01/2017,9.46,
168639,365,Fine particles (PM 2.5),Mean,mcg/m3,CD,110,Central Harlem (CD10),Winter 2012-13,12/01/2012,12.09,
170232,365,Fine particles (PM 2.5),Mean,mcg/m3,CD,110,Central Harlem (CD10),Annual Average 2010,12/01/2009,10.59,
410758,365,Fine particles (PM 2.5),Mean,mcg/m3,UHF42,201,Greenpoint,Annual Average 2016,12/31/2015,9.46,
605684,365,Fine particles (PM 2.5),Mean,mcg/m3,UHF42,201,Greenpoint,Annual Average 2018,01/01/2018,8.72,
177944,365,Fine particles (PM 2.5),Mean,mcg/m3,UHF42,201,Greenpoint,Summer 2013,06/01/2013,11.54,
605921,365,Fine particles (PM 2.5),Mean,mcg/m3,CD,110,Central Harlem (CD10),Annual Average 2018,01/01/2018,7.5,
742421,365,Fine particles (PM 2.5),Mean,mcg/m3,CD,110,Central Harlem (CD10),Summer 2021,06/01/2021,8.78,
167708,375,Nitrogen dioxide (NO2),Mean,ppb,CD,211,Morris Park and Bronxdale (CD11),Annual Average 2012,12/01/2011,20.37,
167696,375,Nitrogen dioxide (NO2),Mean,ppb,CD,111,East Harlem (CD11),Annual Average 2012,12/01/2011,25.23,
741184,375,Nitrogen dioxide (NO2),Mean,ppb,CD,209,Parkchester and Soundview (CD9),Winter 2020-21,12/01/2020,20.2,
216471,386,Ozone (O3),Mean,ppb,CD,309,South Crown Heights and Lefferts Gardens (CD9),Summer 2010,06/01/2010,32.25,
216472,386,Ozone (O3),Mean,ppb,CD,309,South Crown Heights and Lefferts Gardens (CD9),Summer 2011,06/01/2011,31.36,
412093,386,Ozone (O3),Mean,ppb,CD,211,Morris Park and Bronxdale (CD11),Summer 2016,06/01/2016,33.21,
171721,375,Nitrogen dioxide (NO2),Mean,ppb,UHF34,410,Rockaways,Winter 2012-13,12/01/2012,18.88,
549925,375,Nitrogen dioxide (NO2),Mean,ppb,UHF34,210,Coney Island - Sheepshead Bay,Summer 2017,06/01/2017,10.7,
602868,375,Nitrogen dioxide (NO2),Mean,ppb,UHF34,210,Coney Island - Sheepshead Bay,Summer 2018,06/01/2018,9.1,
667389,375,Nitrogen dioxide (NO2),Mean,ppb,UHF34,210,Coney Island - Sheepshead Bay,Summer 2020,06/01/2020,8.92,
216483,386,Ozone (O3),Mean,ppb,CD,311,Bensonhurst (CD11),Summer 2010,06/01/2010,34.87,
216484,386,Ozone (O3),Mean,ppb,CD,311,Bensonhurst (CD11),Summer 2011,06/01/2011,34.45,
412105,386,Ozone (O3),Mean,ppb,CD,311,Bensonhurst (CD11),Summer 2016,06/01/2016,34.51,
216400,386,Ozone (O3),Mean,ppb,CD,209,Parkchester and Soundview (CD9),Summer 2011,06/01/2011,33.59,
216399,386,Ozone (O3),Mean,ppb,CD,209,Parkchester and Soundview (CD9),Summer 2010,06/01/2010,33.54,
165997,375,Nitrogen dioxide (NO2),Mean,ppb,CD,211,Morris Park and Bronxdale (CD11),Winter 2012-13,12/01/2012,22.89,
167590,375,Nitrogen dioxide (NO2),Mean,ppb,CD,211,Morris Park and Bronxdale (CD11),Annual Average 2010,12/01/2009,21.2,
336788,375,Nitrogen dioxide (NO2),Mean,ppb,CD,211,Morris Park and Bronxdale (CD11),Summer 2015,06/01/2015,15.65,
643616,375,Nitrogen dioxide (NO2),Mean,ppb,CD,211,Morris Park and Bronxdale (CD11),Summer 2019,06/01/2019,12.73,
667652,375,Nitrogen dioxide (NO2),Mean,ppb,CD,211,Morris Park and Bronxdale (CD11),Winter 2019-20,12/01/2019,22.5,
741058,375,Nitrogen dioxide (NO2),Mean,ppb,UHF34,210,Coney Island - Sheepshead Bay,Winter 2020-21,12/01/2020,21.65,
172218,375,Nitrogen dioxide (NO2),Mean,ppb,UHF34,210,Coney Island - Sheepshead Bay,Summer 2013,06/01/2013,11,
602867,375,Nitrogen dioxide (NO2),Mean,ppb,UHF34,210,Coney Island - Sheepshead Bay,Annual Average 2018,01/01/2018,14.35,
741059,375,Nitrogen dioxide (NO2),Mean,ppb,UHF34,210,Coney Island - Sheepshead Bay,Summer 2021,06/01/2021,8.54,
172707,375,Nitrogen dioxide (NO2),Mean,ppb,UHF34,410,Rockaways,Annual Average 2012,12/01/2011,13.12,
165985,375,Nitrogen dioxide (NO2),Mean,ppb,CD,111,East Harlem (CD11),Winter 2012-13,12/01/2012,29.2,
167578,375,Nitrogen dioxide (NO2),Mean,ppb,CD,111,East Harlem (CD11),Annual Average 2010,12/01/2009,26.99,
336752,375,Nitrogen dioxide (NO2),Mean,ppb,CD,111,East Harlem (CD11),Summer 2015,06/01/2015,18.55,
667580,375,Nitrogen dioxide (NO2),Mean,ppb,CD,111,East Harlem (CD11),Winter 2019-20,12/01/2019,26.71,
"131354,661,Asthma hospitalizations due to Ozone,Estimated annual rate (age 18+),""per 100,000 adults"",UHF42,502,Stapleton - St. George,2005-2007,01/01/2005,6.1,"
"131344,661,Asthma hospitalizations due to Ozone,Estimated annual rate (age 18+),""per 100,000 adults"",UHF42,402,West Queens,2005-2007,01/01/2005,3.2,"
"131594,639,Deaths due to PM2.5,Estimated annual rate (age 30+),""per 100,000 adults"",UHF42,502,Stapleton - St. George,2009-2011,01/01/2009,54.3,"
"151594,661,Asthma hospitalizations due to Ozone,Estimated annual rate (age 18+),""per 100,000 adults"",UHF42,302,Central Harlem - Morningside Heights,2009-2011,01/01/2009,10.3,"
"131046,653,Asthma emergency departments visits due to Ozone,Estimated annual rate (under age 18),""per 100,000 children"",UHF42,302,Central Harlem - Morningside Heights,2005-2007,01/01/2005,292.5,"
"131142,655,Asthma hospitalizations due to Ozone,Estimated annual rate (under age 18),""per 100,000 children"",UHF42,302,Central Harlem - Morningside Heights,2005-2007,01/01/2005,41.7,"
"130810,648,Asthma emergency department visits due to PM2.5,Estimated annual rate (under age 18),""per 100,000 children"",UHF42,306,Chelsea - Clinton,2005-2007,01/01/2005,139.1,"
"151576,661,Asthma hospitalizations due to Ozone,Estimated annual rate (age 18+),""per 100,000 adults"",UHF42,102,Northeast Bronx,2009-2011,01/01/2009,9.8,"
"151598,661,Asthma hospitalizations due to Ozone,Estimated annual rate (age 18+),""per 100,000 adults"",UHF42,306,Chelsea - Clinton,2009-2011,01/01/2009,2.8,"
"628918,659,Asthma emergency departments visits due to Ozone,Estimated annual rate (age 18+),""per 100,000 adults"",UHF42,102,Northeast Bronx,2015-2017,01/01/2015,66.9,"
"518575,659,Asthma emergency departments visits due to Ozone,Estimated annual rate (age 18+),""per 100,000 adults"",UHF42,306,Chelsea - Clinton,2012-2014,01/02/2012,28.6,"
"518944,657,Asthma emergency department visits due to PM2.5,Estimated annual rate (age 18+),""per 100,000 adults"",UHF42,202,Downtown - Heights - Slope,2012-2014,01/02/2012,35.78,"
"628493,657,Asthma emergency department visits due to PM2.5,Estimated annual rate (age 18+),""per 100,000 adults"",UHF42,202,Downtown - Heights - Slope,2015-2017,01/01/2015,24.1,"
"131242,657,Asthma emergency department visits due to PM2.5,Estimated annual rate (age 18+),""per 100,000 adults"",UHF42,306,Chelsea - Clinton,2005-2007,01/01/2005,39.1,"
"131338,661,Asthma hospitalizations due to Ozone,Estimated annual rate (age 18+),""per 100,000 adults"",UHF42,306,Chelsea - Clinton,2005-2007,01/01/2005,4.2,"
"131227,657,Asthma emergency department visits due to PM2.5,Estimated annual rate (age 18+),""per 100,000 adults"",UHF42,202,Downtown - Heights - Slope,2005-2007,01/01/2005,60.9,"
"131578,639,Deaths due to PM2.5,Estimated annual rate (age 30+),""per 100,000 adults"",UHF42,306,Chelsea - Clinton,2009-2011,01/01/2009,39.7,"
"518777,639,Deaths due to PM2.5,Estimated annual rate (age 30+),""per 100,000 adults"",UHF42,406,Fresh Meadows,2012-2014,01/02/2012,35.22,"
"628422,639,Deaths due to PM2.5,Estimated annual rate (age 30+),""per 100,000 adults"",UHF42,406,Fresh Meadows,2015-2017,01/01/2015,30.7,"
"518745,639,Deaths due to PM2.5,Estimated annual rate (age 30+),""per 100,000 adults"",UHF42,102,Northeast Bronx,2012-2014,01/02/2012,47.87,"
"628397,639,Deaths due to PM2.5,Estimated annual rate (age 30+),""per 100,000 adults"",UHF42,202,Downtown - Heights - Slope,2015-2017,01/01/2015,26.5,"
"628390,639,Deaths due to PM2.5,Estimated annual rate (age 30+),""per 100,000 adults"",UHF42,102,Northeast Bronx,2015-2017,01/01/2015,47.3,"
"518767,639,Deaths due to PM2.5,Estimated annual rate (age 30+),""per 100,000 adults"",UHF42,306,Chelsea - Clinton,2012-2014,01/02/2012,40.18,"
"628412,639,Deaths due to PM2.5,Estimated annual rate (age 30+),""per 100,000 adults"",UHF42,306,Chelsea - Clinton,2015-2017,01/01/2015,31.7,"
"131482,651,Cardiovascular hospitalizations due to PM2.5 (age 40+),Estimated annual rate,""per 100,000 adults"",UHF42,306,Chelsea - Clinton,2009-2011,01/01/2009,11.7,"
"628582,651,Cardiovascular hospitalizations due to PM2.5 (age 40+),Estimated annual rate,""per 100,000 adults"",UHF42,102,Northeast Bronx,2015-2017,01/01/2015,18.5,"
"518848,651,Cardiovascular hospitalizations due to PM2.5 (age 40+),Estimated annual rate,""per 100,000 adults"",UHF42,202,Downtown - Heights - Slope,2012-2014,01/02/2012,15.67,"
"629190,652,Cardiac and respiratory deaths due to Ozone,Estimated annual rate,""per 100,000"",UHF42,406,Fresh Meadows,2015-2017,01/01/2015,5.1,"
"629158,652,Cardiac and respiratory deaths due to Ozone,Estimated annual rate,""per 100,000"",UHF42,102,Northeast Bronx,2015-2017,01/01/2015,6.2,"
"131070,653,Asthma emergency departments visits due to Ozone,Estimated annual rate (under age 18),""per 100,000 children"",Borough,1,Bronx,2005-2007,01/01/2005,136.1,"
"131071,653,Asthma emergency departments visits due to Ozone,Estimated annual rate (under age 18),""per 100,000 children"",Borough,2,Brooklyn,2005-2007,01/01/2005,79,"
"130801,648,Asthma emergency department visits due to PM2.5,Estimated annual rate (under age 18),""per 100,000 children"",UHF42,208,Canarsie - Flatlands,2005-2007,01/01/2005,91.9,"
"130800,648,Asthma emergency department visits due to PM2.5,Estimated annual rate (under age 18),""per 100,000 children"",UHF42,207,East Flatbush - Flatbush,2005-2007,01/01/2005,111.9,"
"151581,661,Asthma hospitalizations due to Ozone,Estimated annual rate (age 18+),""per 100,000 adults"",UHF42,107,Hunts Point - Mott Haven,2009-2011,01/01/2009,16,"
"151618,661,Asthma hospitalizations due to Ozone,Estimated annual rate (age 18+),""per 100,000 adults"",Borough,1,Bronx,2009-2011,01/01/2009,13.7,"
"628941,659,Asthma emergency departments visits due to Ozone,Estimated annual rate (age 18+),""per 100,000 adults"",UHF42,307,Gramercy Park - Murray Hill,2015-2017,01/01/2015,21.5,"
"518577,659,Asthma emergency departments visits due to Ozone,Estimated annual rate (age 18+),""per 100,000 adults"",UHF42,308,Greenwich Village - SoHo,2012-2014,01/02/2012,7.7,"
"518587,659,Asthma emergency departments visits due to Ozone,Estimated annual rate (age 18+),""per 100,000 adults"",UHF42,408,Jamaica,2012-2014,01/02/2012,61.5,"
"628952,659,Asthma emergency departments visits due to Ozone,Estimated annual rate (age 18+),""per 100,000 adults"",UHF42,408,Jamaica,2015-2017,01/01/2015,49,"
"518949,657,Asthma emergency department visits due to PM2.5,Estimated annual rate (age 18+),""per 100,000 adults"",UHF42,207,East Flatbush - Flatbush,2012-2014,01/02/2012,49.93,"
"628498,657,Asthma emergency department visits due to PM2.5,Estimated annual rate (age 18+),""per 100,000 adults"",UHF42,207,East Flatbush - Flatbush,2015-2017,01/01/2015,41.9,"
"518942,657,Asthma emergency department visits due to PM2.5,Estimated annual rate (age 18+),""per 100,000 adults"",UHF42,107,Hunts Point - Mott Haven,2012-2014,01/02/2012,130.59,"
"131233,657,Asthma emergency department visits due to PM2.5,Estimated annual rate (age 18+),""per 100,000 adults"",UHF42,208,Canarsie - Flatlands,2005-2007,01/01/2005,41.8,"
"131232,657,Asthma emergency department visits due to PM2.5,Estimated annual rate (age 18+),""per 100,000 adults"",UHF42,207,East Flatbush - Flatbush,2005-2007,01/01/2005,56.7,"
"131340,661,Asthma hospitalizations due to Ozone,Estimated annual rate (age 18+),""per 100,000 adults"",UHF42,308,Greenwich Village - SoHo,2005-2007,01/01/2005,1.3,"
"131329,661,Asthma hospitalizations due to Ozone,Estimated annual rate (age 18+),""per 100,000 adults"",UHF42,208,Canarsie - Flatlands,2005-2007,01/01/2005,5.8,"
"131339,661,Asthma hospitalizations due to Ozone,Estimated annual rate (age 18+),""per 100,000 adults"",UHF42,307,Gramercy Park - Murray Hill,2005-2007,01/01/2005,3.2,"
"131280,659,Asthma emergency departments visits due to Ozone,Estimated annual rate (age 18+),""per 100,000 adults"",UHF42,207,East Flatbush - Flatbush,2005-2007,01/01/2005,49.8,"
"131302,659,Asthma emergency departments visits due to Ozone,Estimated annual rate (age 18+),""per 100,000 adults"",UHF42,408,Jamaica,2005-2007,01/01/2005,47.7,"
"518758,639,Deaths due to PM2.5,Estimated annual rate (age 30+),""per 100,000 adults"",UHF42,208,Canarsie - Flatlands,2012-2014,01/02/2012,39.49,"
"518739,639,Deaths due to PM2.5,Estimated annual rate (age 30+),""per 100,000 adults"",Borough,1,Bronx,2012-2014,01/02/2012,47.29,"
"518750,639,Deaths due to PM2.5,Estimated annual rate (age 30+),""per 100,000 adults"",UHF42,107,Hunts Point - Mott Haven,2012-2014,01/02/2012,46.51,"
"131465,651,Cardiovascular hospitalizations due to PM2.5 (age 40+),Estimated annual rate,""per 100,000 adults"",UHF42,107,Hunts Point - Mott Haven,2009-2011,01/01/2009,25,"
"628577,651,Cardiovascular hospitalizations due to PM2.5 (age 40+),Estimated annual rate,""per 100,000 adults"",Borough,2,Brooklyn,2015-2017,01/01/2015,18.2,"
"518854,651,Cardiovascular hospitalizations due to PM2.5 (age 40+),Estimated annual rate,""per 100,000 adults"",UHF42,208,Canarsie - Flatlands,2012-2014,01/02/2012,13.06,"
168590,365,Fine particles (PM 2.5),Mean,mcg/m3,CD,208,Riverdale and Fieldston (CD8),Winter 2011-12,12/01/2011,9.88,
214127,365,Fine particles (PM 2.5),Mean,mcg/m3,CD,208,Riverdale and Fieldston (CD8),Annual Average 2014,12/01/2013,9,
168472,365,Fine particles (PM 2.5),Mean,mcg/m3,CD,208,Riverdale and Fieldston (CD8),Winter 2009-10,12/01/2009,11.49,
547658,365,Fine particles (PM 2.5),Mean,mcg/m3,CD,208,Riverdale and Fieldston (CD8),Winter 2016-17,12/01/2016,7.91,
605952,365,Fine particles (PM 2.5),Mean,mcg/m3,CD,208,Riverdale and Fieldston (CD8),Summer 2018,06/01/2018,8.26,
547656,365,Fine particles (PM 2.5),Mean,mcg/m3,CD,208,Riverdale and Fieldston (CD8),Summer 2017,06/01/2017,9.45,
168574,365,Fine particles (PM 2.5),Mean,mcg/m3,CD,104,Clinton and Chelsea (CD4),Winter 2011-12,12/01/2011,11.47,
168456,365,Fine particles (PM 2.5),Mean,mcg/m3,CD,104,Clinton and Chelsea (CD4),Winter 2009-10,12/01/2009,11.74,
214111,365,Fine particles (PM 2.5),Mean,mcg/m3,CD,104,Clinton and Chelsea (CD4),Annual Average 2014,12/01/2013,11.62,
605904,365,Fine particles (PM 2.5),Mean,mcg/m3,CD,104,Clinton and Chelsea (CD4),Summer 2018,06/01/2018,10.35,
669596,365,Fine particles (PM 2.5),Mean,mcg/m3,CD,104,Clinton and Chelsea (CD4),Summer 2020,06/01/2020,8.32,
177274,365,Fine particles (PM 2.5),Mean,mcg/m3,UHF42,203,Bedford Stuyvesant - Crown Heights,Winter 2011-12,12/01/2011,9.47,
177190,365,Fine particles (PM 2.5),Mean,mcg/m3,UHF42,203,Bedford Stuyvesant - Crown Heights,Winter 2009-10,12/01/2009,10.3,
212929,365,Fine particles (PM 2.5),Mean,mcg/m3,UHF42,203,Bedford Stuyvesant - Crown Heights,Annual Average 2014,12/01/2013,9.16,
547397,365,Fine particles (PM 2.5),Mean,mcg/m3,UHF42,203,Bedford Stuyvesant - Crown Heights,Winter 2016-17,12/01/2016,7.94,
177183,365,Fine particles (PM 2.5),Mean,mcg/m3,UHF42,103,Fordham - Bronx Pk,Winter 2009-10,12/01/2009,11.4,
177267,365,Fine particles (PM 2.5),Mean,mcg/m3,UHF42,103,Fordham - Bronx Pk,Winter 2011-12,12/01/2011,9.88,
212922,365,Fine particles (PM 2.5),Mean,mcg/m3,UHF42,103,Fordham - Bronx Pk,Annual Average 2014,12/01/2013,9.19,
547374,365,Fine particles (PM 2.5),Mean,mcg/m3,UHF42,103,Fordham - Bronx Pk,Summer 2017,06/01/2017,9.39,
547376,365,Fine particles (PM 2.5),Mean,mcg/m3,UHF42,103,Fordham - Bronx Pk,Winter 2016-17,12/01/2016,8.09,
605670,365,Fine particles (PM 2.5),Mean,mcg/m3,UHF42,103,Fordham - Bronx Pk,Summer 2018,06/01/2018,8.55,
669860,365,Fine particles (PM 2.5),Mean,mcg/m3,CD,206,Belmont and East Tremont (CD6),Winter 2019-20,12/01/2019,7.4,
742229,365,Fine particles (PM 2.5),Mean,mcg/m3,UHF42,305,Upper East Side,Summer 2021,06/01/2021,8.89,
177917,365,Fine particles (PM 2.5),Mean,mcg/m3,UHF42,305,Upper East Side,Summer 2012,06/01/2012,12.14,
410803,365,Fine particles (PM 2.5),Mean,mcg/m3,UHF42,305,Upper East Side,Annual Average 2016,12/31/2015,9.07,
742190,365,Fine particles (PM 2.5),Mean,mcg/m3,UHF42,203,Bedford Stuyvesant - Crown Heights,Summer 2021,06/01/2021,8.49,
177948,365,Fine particles (PM 2.5),Mean,mcg/m3,UHF42,205,Sunset Park,Summer 2013,06/01/2013,10.62,
410770,365,Fine particles (PM 2.5),Mean,mcg/m3,UHF42,205,Sunset Park,Annual Average 2016,12/31/2015,8.4,
742196,365,Fine particles (PM 2.5),Mean,mcg/m3,UHF42,205,Sunset Park,Summer 2021,06/01/2021,8.97,
169341,365,Fine particles (PM 2.5),Mean,mcg/m3,CD,104,Clinton and Chelsea (CD4),Summer 2010,06/01/2010,14.09,
169400,365,Fine particles (PM 2.5),Mean,mcg/m3,CD,104,Clinton and Chelsea (CD4),Summer 2011,06/01/2011,13.52,
410976,365,Fine particles (PM 2.5),Mean,mcg/m3,CD,104,Clinton and Chelsea (CD4),Summer 2016,06/01/2016,10.21,
169526,365,Fine particles (PM 2.5),Mean,mcg/m3,CD,112,Washington Heights and Inwood (CD12),Summer 2013,06/01/2013,10.49,
169467,365,Fine particles (PM 2.5),Mean,mcg/m3,CD,112,Washington Heights and Inwood (CD12),Summer 2012,06/01/2012,10.61,
169522,365,Fine particles (PM 2.5),Mean,mcg/m3,CD,108,Upper East Side (CD8),Summer 2013,06/01/2013,12.21,
169463,365,Fine particles (PM 2.5),Mean,mcg/m3,CD,108,Upper East Side (CD8),Summer 2012,06/01/2012,12.17,
605915,365,Fine particles (PM 2.5),Mean,mcg/m3,CD,108,Upper East Side (CD8),Annual Average 2018,01/01/2018,8.7,
411001,365,Fine particles (PM 2.5),Mean,mcg/m3,CD,112,Washington Heights and Inwood (CD12),Annual Average 2016,12/31/2015,7.79,
605963,365,Fine particles (PM 2.5),Mean,mcg/m3,CD,212,Williamsbridge and Baychester (CD12),Annual Average 2018,01/01/2018,6.97,
742463,365,Fine particles (PM 2.5),Mean,mcg/m3,CD,212,Williamsbridge and Baychester (CD12),Summer 2021,06/01/2021,8.57,
169550,365,Fine particles (PM 2.5),Mean,mcg/m3,CD,312,Borough Park (CD12),Summer 2013,06/01/2013,10.02,
411073,365,Fine particles (PM 2.5),Mean,mcg/m3,CD,312,Borough Park (CD12),Annual Average 2016,12/31/2015,7.49,
605928,365,Fine particles (PM 2.5),Mean,mcg/m3,CD,112,Washington Heights and Inwood (CD12),Summer 2018,06/01/2018,8.65,
178543,365,Fine particles (PM 2.5),Mean,mcg/m3,UHF42,301,Washington Heights,Annual Average 2012,12/01/2011,9.89,
178525,365,Fine particles (PM 2.5),Mean,mcg/m3,UHF42,101,Kingsbridge - Riverdale,Annual Average 2012,12/01/2011,9.27,
170376,365,Fine particles (PM 2.5),Mean,mcg/m3,CD,312,Borough Park (CD12),Annual Average 2012,12/01/2011,8.91,
170350,365,Fine particles (PM 2.5),Mean,mcg/m3,CD,110,Central Harlem (CD10),Annual Average 2012,12/01/2011,9.95,
179848,641,Boiler Emissions- Total PM2.5 Emissions,Number per km2,number,UHF42,301,Washington Heights,2015,01/01/2015,4.2,
179752,642,Boiler Emissions- Total NOx Emissions,Number per km2,number,UHF42,301,Washington Heights,2015,01/01/2015,100.6,
179816,641,Boiler Emissions- Total PM2.5 Emissions,Number per km2,number,UHF42,501,Port Richmond,2015,01/01/2015,0,
179835,641,Boiler Emissions- Total PM2.5 Emissions,Number per km2,number,UHF42,401,Long Island City - Astoria,2015,01/01/2015,0.7,
179739,642,Boiler Emissions- Total NOx Emissions,Number per km2,number,UHF42,401,Long Island City - Astoria,2015,01/01/2015,29.3,
179720,642,Boiler Emissions- Total NOx Emissions,Number per km2,number,UHF42,501,Port Richmond,2015,01/01/2015,2.8,
170352,365,Fine particles (PM 2.5),Mean,mcg/m3,CD,112,Washington Heights and Inwood (CD12),Annual Average 2012,12/01/2011,9.88,
170348,365,Fine particles (PM 2.5),Mean,mcg/m3,CD,108,Upper East Side (CD8),Annual Average 2012,12/01/2011,11.22,
334211,365,Fine particles (PM 2.5),Mean,mcg/m3,CD,110,Central Harlem (CD10),Summer 2015,06/01/2015,9.94,
173647,365,Fine particles (PM 2.5),Mean,mcg/m3,UHF34,211,Williamsburg - Bushwick,Summer 2010,06/01/2010,12.6,
410903,365,Fine particles (PM 2.5),Mean,mcg/m3,UHF34,211,Williamsburg - Bushwick,Winter 2015-16,12/01/2015,9.44,
410904,365,Fine particles (PM 2.5),Mean,mcg/m3,UHF34,211,Williamsburg - Bushwick,Summer 2016,06/01/2016,8.99,
742330,365,Fine particles (PM 2.5),Mean,mcg/m3,UHF34,211,Williamsburg - Bushwick,Winter 2020-21,12/01/2020,7.49,
173749,365,Fine particles (PM 2.5),Mean,mcg/m3,UHF34,211,Williamsburg - Bushwick,Summer 2013,06/01/2013,10.93,
410905,365,Fine particles (PM 2.5),Mean,mcg/m3,UHF34,211,Williamsburg - Bushwick,Annual Average 2016,12/31/2015,8.67,
742331,365,Fine particles (PM 2.5),Mean,mcg/m3,UHF34,211,Williamsburg - Bushwick,Summer 2021,06/01/2021,9.21,
172698,375,Nitrogen dioxide (NO2),Mean,ppb,UHF34,303,East Harlem,Annual Average 2012,12/01/2011,25.32,
172699,375,Nitrogen dioxide (NO2),Mean,ppb,UHF34,304,Upper West Side,Annual Average 2012,12/01/2011,27.08,
172709,375,Nitrogen dioxide (NO2),Mean,ppb,UHF34,306308,Chelsea-Village,Annual Average 2012,12/01/2011,32.87,
172708,375,Nitrogen dioxide (NO2),Mean,ppb,UHF34,305307,Upper East Side-Gramercy,Annual Average 2012,12/01/2011,33.15,
172702,375,Nitrogen dioxide (NO2),Mean,ppb,UHF34,403,Flushing - Clearview,Annual Average 2012,12/01/2011,19.83,
172688,375,Nitrogen dioxide (NO2),Mean,ppb,UHF34,204,East New York,Annual Average 2012,12/01/2011,20.67,
165987,375,Nitrogen dioxide (NO2),Mean,ppb,CD,201,Mott Haven and Melrose (CD1),Winter 2012-13,12/01/2012,27.63,
167580,375,Nitrogen dioxide (NO2),Mean,ppb,CD,201,Mott Haven and Melrose (CD1),Annual Average 2010,12/01/2009,25.47,
336758,375,Nitrogen dioxide (NO2),Mean,ppb,CD,201,Mott Haven and Melrose (CD1),Summer 2015,06/01/2015,17.41,
643586,375,Nitrogen dioxide (NO2),Mean,ppb,CD,201,Mott Haven and Melrose (CD1),Summer 2019,06/01/2019,16.48,
667592,375,Nitrogen dioxide (NO2),Mean,ppb,CD,201,Mott Haven and Melrose (CD1),Winter 2019-20,12/01/2019,26.15,
"518564,659,Asthma emergency departments visits due to Ozone,Estimated annual rate (age 18+),""per 100,000 adults"",UHF42,206,Borough Park,2012-2014,01/02/2012,15.1,"
"151601,661,Asthma hospitalizations due to Ozone,Estimated annual rate (age 18+),""per 100,000 adults"",UHF42,309,Union Square - Lower East Side,2009-2011,01/01/2009,5.6,"
"151590,661,Asthma hospitalizations due to Ozone,Estimated annual rate (age 18+),""per 100,000 adults"",UHF42,209,Bensonhurst - Bay Ridge,2009-2011,01/01/2009,2.9,"
"628970,655,Asthma hospitalizations due to Ozone,Estimated annual rate (under age 18),""per 100,000 children"",UHF42,106,High Bridge - Morrisania,2015-2017,01/01/2015,39.4,"
"628874,653,Asthma emergency departments visits due to Ozone,Estimated annual rate (under age 18),""per 100,000 children"",UHF42,106,High Bridge - Morrisania,2015-2017,01/01/2015,220.8,"
"131160,655,Asthma hospitalizations due to Ozone,Estimated annual rate (under age 18),""per 100,000 children"",UHF42,410,Rockaways,2005-2007,01/01/2005,38.1,"
"131063,653,Asthma emergency departments visits due to Ozone,Estimated annual rate (under age 18),""per 100,000 children"",UHF42,409,Southeast Queens,2005-2007,01/01/2005,72.9,"
"131159,655,Asthma hospitalizations due to Ozone,Estimated annual rate (under age 18),""per 100,000 children"",UHF42,409,Southeast Queens,2005-2007,01/01/2005,19.7,"
"131043,653,Asthma emergency departments visits due to Ozone,Estimated annual rate (under age 18),""per 100,000 children"",UHF42,210,Coney Island - Sheepshead Bay,2005-2007,01/01/2005,33.4,"
"151587,661,Asthma hospitalizations due to Ozone,Estimated annual rate (age 18+),""per 100,000 adults"",UHF42,206,Borough Park,2009-2011,01/01/2009,3.8,"
"151580,661,Asthma hospitalizations due to Ozone,Estimated annual rate (age 18+),""per 100,000 adults"",UHF42,106,High Bridge - Morrisania,2009-2011,01/01/2009,16.4,"
"518578,659,Asthma emergency departments visits due to Ozone,Estimated annual rate (age 18+),""per 100,000 adults"",UHF42,309,Union Square - Lower East Side,2012-2014,01/02/2012,40.9,"
"518588,659,Asthma emergency departments visits due to Ozone,Estimated annual rate (age 18+),""per 100,000 adults"",UHF42,409,Southeast Queens,2012-2014,01/02/2012,35.8,"
"628953,659,Asthma emergency departments visits due to Ozone,Estimated annual rate (age 18+),""per 100,000 adults"",UHF42,409,Southeast Queens,2015-2017,01/01/2015,28.9,"
"518557,659,Asthma emergency departments visits due to Ozone,Estimated annual rate (age 18+),""per 100,000 adults"",UHF42,106,High Bridge - Morrisania,2012-2014,01/02/2012,134.5,"
"518952,657,Asthma emergency department visits due to PM2.5,Estimated annual rate (age 18+),""per 100,000 adults"",UHF42,210,Coney Island - Sheepshead Bay,2012-2014,01/02/2012,17.94,"
"628501,657,Asthma emergency department visits due to PM2.5,Estimated annual rate (age 18+),""per 100,000 adults"",UHF42,210,Coney Island - Sheepshead Bay,2015-2017,01/01/2015,18.2,"
"628595,651,Cardiovascular hospitalizations due to PM2.5 (age 40+),Estimated annual rate,""per 100,000 adults"",UHF42,208,Canarsie - Flatlands,2015-2017,01/01/2015,18.3,"
"518846,651,Cardiovascular hospitalizations due to PM2.5 (age 40+),Estimated annual rate,""per 100,000 adults"",UHF42,107,Hunts Point - Mott Haven,2012-2014,01/02/2012,19.72,"
"628587,651,Cardiovascular hospitalizations due to PM2.5 (age 40+),Estimated annual rate,""per 100,000 adults"",UHF42,107,Hunts Point - Mott Haven,2015-2017,01/01/2015,24.3,"
"629171,652,Cardiac and respiratory deaths due to Ozone,Estimated annual rate,""per 100,000"",UHF42,208,Canarsie - Flatlands,2015-2017,01/01/2015,6,"
"518692,652,Cardiac and respiratory deaths due to Ozone,Estimated annual rate,""per 100,000"",Borough,2,Brooklyn,2012-2014,01/02/2012,5.2,"
"518702,652,Cardiac and respiratory deaths due to Ozone,Estimated annual rate,""per 100,000"",UHF42,107,Hunts Point - Mott Haven,2012-2014,01/02/2012,3.7,"
"518720,652,Cardiac and respiratory deaths due to Ozone,Estimated annual rate,""per 100,000"",UHF42,307,Gramercy Park - Murray Hill,2012-2014,01/02/2012,3.4,"
"629182,652,Cardiac and respiratory deaths due to Ozone,Estimated annual rate,""per 100,000"",UHF42,308,Greenwich Village - SoHo,2015-2017,01/01/2015,2.9,"
"629192,652,Cardiac and respiratory deaths due to Ozone,Estimated annual rate,""per 100,000"",UHF42,408,Jamaica,2015-2017,01/01/2015,5.1,"
168455,365,Fine particles (PM 2.5),Mean,mcg/m3,CD,103,Lower East Side and Chinatown (CD3),Winter 2009-10,12/01/2009,10.39,
214122,365,Fine particles (PM 2.5),Mean,mcg/m3,CD,203,Morrisania and Crotona (CD3),Annual Average 2014,12/01/2013,9.49,
177195,365,Fine particles (PM 2.5),Mean,mcg/m3,UHF42,208,Canarsie - Flatlands,Winter 2009-10,12/01/2009,9.45,
177279,365,Fine particles (PM 2.5),Mean,mcg/m3,UHF42,208,Canarsie - Flatlands,Winter 2011-12,12/01/2011,8.31,
410776,365,Fine particles (PM 2.5),Mean,mcg/m3,UHF42,207,East Flatbush - Flatbush,Annual Average 2016,12/31/2015,7.64,
742202,365,Fine particles (PM 2.5),Mean,mcg/m3,UHF42,207,East Flatbush - Flatbush,Summer 2021,06/01/2021,8.3,
177943,365,Fine particles (PM 2.5),Mean,mcg/m3,UHF42,107,Hunts Point - Mott Haven,Summer 2013,06/01/2013,9.39,
177901,365,Fine particles (PM 2.5),Mean,mcg/m3,UHF42,107,Hunts Point - Mott Haven,Summer 2012,06/01/2012,9.49,
410755,365,Fine particles (PM 2.5),Mean,mcg/m3,UHF42,107,Hunts Point - Mott Haven,Annual Average 2016,12/31/2015,8.26,
605681,365,Fine particles (PM 2.5),Mean,mcg/m3,UHF42,107,Hunts Point - Mott Haven,Annual Average 2018,01/01/2018,7.85,
169340,365,Fine particles (PM 2.5),Mean,mcg/m3,CD,103,Lower East Side and Chinatown (CD3),Summer 2010,06/01/2010,12.94,
169399,365,Fine particles (PM 2.5),Mean,mcg/m3,CD,103,Lower East Side and Chinatown (CD3),Summer 2011,06/01/2011,12.42,
169352,365,Fine particles (PM 2.5),Mean,mcg/m3,CD,203,Morrisania and Crotona (CD3),Summer 2010,06/01/2010,12.32,
411009,365,Fine particles (PM 2.5),Mean,mcg/m3,CD,203,Morrisania and Crotona (CD3),Summer 2016,06/01/2016,8.52,
742399,365,Fine particles (PM 2.5),Mean,mcg/m3,CD,103,Lower East Side and Chinatown (CD3),Winter 2020-21,12/01/2020,7.72,
169483,365,Fine particles (PM 2.5),Mean,mcg/m3,CD,304,Bushwick (CD4),Summer 2012,06/01/2012,10.49,
605936,365,Fine particles (PM 2.5),Mean,mcg/m3,CD,203,Morrisania and Crotona (CD3),Annual Average 2018,01/01/2018,7.45,
742436,365,Fine particles (PM 2.5),Mean,mcg/m3,CD,203,Morrisania and Crotona (CD3),Summer 2021,06/01/2021,8.71,
169530,365,Fine particles (PM 2.5),Mean,mcg/m3,CD,204,Highbridge and Concourse (CD4),Summer 2013,06/01/2013,11.06,
169471,365,Fine particles (PM 2.5),Mean,mcg/m3,CD,204,Highbridge and Concourse (CD4),Summer 2012,06/01/2012,11.14,
411013,365,Fine particles (PM 2.5),Mean,mcg/m3,CD,204,Highbridge and Concourse (CD4),Annual Average 2016,12/31/2015,8.25,
"131584,639,Deaths due to PM2.5,Estimated annual rate (age 30+),""per 100,000 adults"",UHF42,402,West Queens,2009-2011,01/01/2009,33.2,"
"518783,639,Deaths due to PM2.5,Estimated annual rate (age 30+),""per 100,000 adults"",UHF42,502,Stapleton - St. George,2012-2014,01/02/2012,49.56,"
"628428,639,Deaths due to PM2.5,Estimated annual rate (age 30+),""per 100,000 adults"",UHF42,502,Stapleton - St. George,2015-2017,01/01/2015,50,"
"518879,651,Cardiovascular hospitalizations due to PM2.5 (age 40+),Estimated annual rate,""per 100,000 adults"",UHF42,502,Stapleton - St. George,2012-2014,01/02/2012,12.74,"
"628620,651,Cardiovascular hospitalizations due to PM2.5 (age 40+),Estimated annual rate,""per 100,000 adults"",UHF42,502,Stapleton - St. George,2015-2017,01/01/2015,19.1,"
"518725,652,Cardiac and respiratory deaths due to Ozone,Estimated annual rate,""per 100,000"",UHF42,402,West Queens,2012-2014,01/02/2012,3.4,"
"518735,652,Cardiac and respiratory deaths due to Ozone,Estimated annual rate,""per 100,000"",UHF42,502,Stapleton - St. George,2012-2014,01/02/2012,7.9,"
547625,365,Fine particles (PM 2.5),Mean,mcg/m3,CD,109,Morningside Heights and Hamilton Heights (CD9),Winter 2016-17,12/01/2016,8.3,
669575,365,Fine particles (PM 2.5),Mean,mcg/m3,CD,109,Morningside Heights and Hamilton Heights (CD9),Summer 2020,06/01/2020,7.32,
168581,365,Fine particles (PM 2.5),Mean,mcg/m3,CD,111,East Harlem (CD11),Winter 2011-12,12/01/2011,10.56,
168463,365,Fine particles (PM 2.5),Mean,mcg/m3,CD,111,East Harlem (CD11),Winter 2009-10,12/01/2009,10.83,
214118,365,Fine particles (PM 2.5),Mean,mcg/m3,CD,111,East Harlem (CD11),Annual Average 2014,12/01/2013,9.82,
605925,365,Fine particles (PM 2.5),Mean,mcg/m3,CD,111,East Harlem (CD11),Summer 2018,06/01/2018,8.73,
669581,365,Fine particles (PM 2.5),Mean,mcg/m3,CD,111,East Harlem (CD11),Summer 2020,06/01/2020,7.29,
168593,365,Fine particles (PM 2.5),Mean,mcg/m3,CD,211,Morris Park and Bronxdale (CD11),Winter 2011-12,12/01/2011,9.3,
168475,365,Fine particles (PM 2.5),Mean,mcg/m3,CD,211,Morris Park and Bronxdale (CD11),Winter 2009-10,12/01/2009,10.38,
547667,365,Fine particles (PM 2.5),Mean,mcg/m3,CD,211,Morris Park and Bronxdale (CD11),Winter 2016-17,12/01/2016,8.06,
168591,365,Fine particles (PM 2.5),Mean,mcg/m3,CD,209,Parkchester and Soundview (CD9),Winter 2011-12,12/01/2011,9.9,
168473,365,Fine particles (PM 2.5),Mean,mcg/m3,CD,209,Parkchester and Soundview (CD9),Winter 2009-10,12/01/2009,10.59,
214128,365,Fine particles (PM 2.5),Mean,mcg/m3,CD,209,Parkchester and Soundview (CD9),Annual Average 2014,12/01/2013,9.12,
169523,365,Fine particles (PM 2.5),Mean,mcg/m3,CD,109,Morningside Heights and Hamilton Heights (CD9),Summer 2013,06/01/2013,10.78,
169464,365,Fine particles (PM 2.5),Mean,mcg/m3,CD,109,Morningside Heights and Hamilton Heights (CD9),Summer 2012,06/01/2012,10.89,
410992,365,Fine particles (PM 2.5),Mean,mcg/m3,CD,109,Morningside Heights and Hamilton Heights (CD9),Annual Average 2016,12/31/2015,8.01,
169525,365,Fine particles (PM 2.5),Mean,mcg/m3,CD,111,East Harlem (CD11),Summer 2013,06/01/2013,10.9,
169466,365,Fine particles (PM 2.5),Mean,mcg/m3,CD,111,East Harlem (CD11),Summer 2012,06/01/2012,10.99,
410998,365,Fine particles (PM 2.5),Mean,mcg/m3,CD,111,East Harlem (CD11),Annual Average 2016,12/31/2015,8.17,
605924,365,Fine particles (PM 2.5),Mean,mcg/m3,CD,111,East Harlem (CD11),Annual Average 2018,01/01/2018,7.39,
742424,365,Fine particles (PM 2.5),Mean,mcg/m3,CD,111,East Harlem (CD11),Summer 2021,06/01/2021,8.7,
169537,365,Fine particles (PM 2.5),Mean,mcg/m3,CD,211,Morris Park and Bronxdale (CD11),Summer 2013,06/01/2013,10.12,
169478,365,Fine particles (PM 2.5),Mean,mcg/m3,CD,211,Morris Park and Bronxdale (CD11),Summer 2012,06/01/2012,10.17,
177266,365,Fine particles (PM 2.5),Mean,mcg/m3,UHF42,102,Northeast Bronx,Winter 2011-12,12/01/2011,8.94,
177182,365,Fine particles (PM 2.5),Mean,mcg/m3,UHF42,102,Northeast Bronx,Winter 2009-10,12/01/2009,10.23,
212921,365,Fine particles (PM 2.5),Mean,mcg/m3,UHF42,102,Northeast Bronx,Annual Average 2014,12/01/2013,9,
177918,365,Fine particles (PM 2.5),Mean,mcg/m3,UHF42,306,Chelsea - Clinton,Summer 2012,06/01/2012,13.33,
177960,365,Fine particles (PM 2.5),Mean,mcg/m3,UHF42,306,Chelsea - Clinton,Summer 2013,06/01/2013,13.38,
742232,365,Fine particles (PM 2.5),Mean,mcg/m3,UHF42,306,Chelsea - Clinton,Summer 2021,06/01/2021,10.42,
169543,365,Fine particles (PM 2.5),Mean,mcg/m3,CD,305,East New York and Starrett City (CD5),Summer 2013,06/01/2013,10.33,
169484,365,Fine particles (PM 2.5),Mean,mcg/m3,CD,305,East New York and Starrett City (CD5),Summer 2012,06/01/2012,10.38,
411052,365,Fine particles (PM 2.5),Mean,mcg/m3,CD,305,East New York and Starrett City (CD5),Annual Average 2016,12/31/2015,7.73,
605978,365,Fine particles (PM 2.5),Mean,mcg/m3,CD,305,East New York and Starrett City (CD5),Annual Average 2018,01/01/2018,7.02,
169472,365,Fine particles (PM 2.5),Mean,mcg/m3,CD,205,Fordham and University Heights (CD5),Summer 2012,06/01/2012,11.2,
169531,365,Fine particles (PM 2.5),Mean,mcg/m3,CD,205,Fordham and University Heights (CD5),Summer 2013,06/01/2013,11.13,
411016,365,Fine particles (PM 2.5),Mean,mcg/m3,CD,205,Fordham and University Heights (CD5),Annual Average 2016,12/31/2015,8.34,
742442,365,Fine particles (PM 2.5),Mean,mcg/m3,CD,205,Fordham and University Heights (CD5),Summer 2021,06/01/2021,8.71,
547373,365,Fine particles (PM 2.5),Mean,mcg/m3,UHF42,102,Northeast Bronx,Winter 2016-17,12/01/2016,8.14,
669833,365,Fine particles (PM 2.5),Mean,mcg/m3,UHF42,102,Northeast Bronx,Summer 2020,06/01/2020,7.17,
170357,365,Fine particles (PM 2.5),Mean,mcg/m3,CD,205,Fordham and University Heights (CD5),Annual Average 2012,12/01/2011,10.5,
179743,642,Boiler Emissions- Total NOx Emissions,Number per km2,number,UHF42,102,Northeast Bronx,2015,01/01/2015,33.3,
179837,641,Boiler Emissions- Total PM2.5 Emissions,Number per km2,number,UHF42,202,Downtown - Heights - Slope,2015,01/01/2015,0.2,
179741,642,Boiler Emissions- Total NOx Emissions,Number per km2,number,UHF42,202,Downtown - Heights - Slope,2015,01/01/2015,32.5,
605820,365,Fine particles (PM 2.5),Mean,mcg/m3,UHF34,207,East Flatbush - Flatbush,Summer 2018,06/01/2018,8.26,
173201,365,Fine particles (PM 2.5),Mean,mcg/m3,UHF34,207,East Flatbush - Flatbush,Winter 2011-12,12/01/2011,9.29,
173133,365,Fine particles (PM 2.5),Mean,mcg/m3,UHF34,207,East Flatbush - Flatbush,Winter 2009-10,12/01/2009,10.26,
212072,365,Fine particles (PM 2.5),Mean,mcg/m3,UHF34,207,East Flatbush - Flatbush,Annual Average 2014,12/01/2013,8.97,
170251,365,Fine particles (PM 2.5),Mean,mcg/m3,CD,305,East New York and Starrett City (CD5),Annual Average 2010,12/01/2009,9.74,
168658,365,Fine particles (PM 2.5),Mean,mcg/m3,CD,305,East New York and Starrett City (CD5),Winter 2012-13,12/01/2012,10.26,
334268,365,Fine particles (PM 2.5),Mean,mcg/m3,CD,305,East New York and Starrett City (CD5),Summer 2015,06/01/2015,9.48,
669893,365,Fine particles (PM 2.5),Mean,mcg/m3,CD,305,East New York and Starrett City (CD5),Winter 2019-20,12/01/2019,7.33,
410891,365,Fine particles (PM 2.5),Mean,mcg/m3,UHF34,207,East Flatbush - Flatbush,Winter 2015-16,12/01/2015,8.37,
173745,365,Fine particles (PM 2.5),Mean,mcg/m3,UHF34,207,East Flatbush - Flatbush,Summer 2013,06/01/2013,10.17,
410893,365,Fine particles (PM 2.5),Mean,mcg/m3,UHF34,207,East Flatbush - Flatbush,Annual Average 2016,12/31/2015,7.64,
410975,365,Fine particles (PM 2.5),Mean,mcg/m3,CD,104,Clinton and Chelsea (CD4),Winter 2015-16,12/01/2015,10.21,
742402,365,Fine particles (PM 2.5),Mean,mcg/m3,CD,104,Clinton and Chelsea (CD4),Winter 2020-21,12/01/2020,8.21,
410749,365,Fine particles (PM 2.5),Mean,mcg/m3,UHF42,105,Crotona -Tremont,Annual Average 2016,12/31/2015,8.18,
169544,365,Fine particles (PM 2.5),Mean,mcg/m3,CD,306,Park Slope and Carroll Gardens (CD6),Summer 2013,06/01/2013,10.89,
169485,365,Fine particles (PM 2.5),Mean,mcg/m3,CD,306,Park Slope and Carroll Gardens (CD6),Summer 2012,06/01/2012,11.1,
411055,365,Fine particles (PM 2.5),Mean,mcg/m3,CD,306,Park Slope and Carroll Gardens (CD6),Annual Average 2016,12/31/2015,8.86,
169520,365,Fine particles (PM 2.5),Mean,mcg/m3,CD,106,Stuyvesant Town and Turtle Bay (CD6),Summer 2013,06/01/2013,13.31,
169534,365,Fine particles (PM 2.5),Mean,mcg/m3,CD,208,Riverdale and Fieldston (CD8),Summer 2013,06/01/2013,10.01,
169475,365,Fine particles (PM 2.5),Mean,mcg/m3,CD,208,Riverdale and Fieldston (CD8),Summer 2012,06/01/2012,10.14,
547616,365,Fine particles (PM 2.5),Mean,mcg/m3,CD,106,Stuyvesant Town and Turtle Bay (CD6),Winter 2016-17,12/01/2016,9.92,
547614,365,Fine particles (PM 2.5),Mean,mcg/m3,CD,106,Stuyvesant Town and Turtle Bay (CD6),Summer 2017,06/01/2017,11.13,
669566,365,Fine particles (PM 2.5),Mean,mcg/m3,CD,106,Stuyvesant Town and Turtle Bay (CD6),Summer 2020,06/01/2020,8.12,
411025,365,Fine particles (PM 2.5),Mean,mcg/m3,CD,208,Riverdale and Fieldston (CD8),Annual Average 2016,12/31/2015,7.49,
169459,365,Fine particles (PM 2.5),Mean,mcg/m3,CD,104,Clinton and Chelsea (CD4),Summer 2012,06/01/2012,12.53,
169518,365,Fine particles (PM 2.5),Mean,mcg/m3,CD,104,Clinton and Chelsea (CD4),Summer 2013,06/01/2013,12.48,
410977,365,Fine particles (PM 2.5),Mean,mcg/m3,CD,104,Clinton and Chelsea (CD4),Annual Average 2016,12/31/2015,9.76,
669830,365,Fine particles (PM 2.5),Mean,mcg/m3,UHF42,103,Fordham - Bronx Pk,Summer 2020,06/01/2020,7.22,
178534,365,Fine particles (PM 2.5),Mean,mcg/m3,UHF42,203,Bedford Stuyvesant - Crown Heights,Annual Average 2012,12/01/2011,9.13,
178527,365,Fine particles (PM 2.5),Mean,mcg/m3,UHF42,103,Fordham - Bronx Pk,Annual Average 2012,12/01/2011,9.47,
170358,365,Fine particles (PM 2.5),Mean,mcg/m3,CD,206,Belmont and East Tremont (CD6),Annual Average 2012,12/01/2011,9.93,
170370,365,Fine particles (PM 2.5),Mean,mcg/m3,CD,306,Park Slope and Carroll Gardens (CD6),Annual Average 2012,12/01/2011,9.87,
179740,642,Boiler Emissions- Total NOx Emissions,Number per km2,number,UHF42,203,Bedford Stuyvesant - Crown Heights,2015,01/01/2015,31.9,
179836,641,Boiler Emissions- Total PM2.5 Emissions,Number per km2,number,UHF42,203,Bedford Stuyvesant - Crown Heights,2015,01/01/2015,0.2,
179719,642,Boiler Emissions- Total NOx Emissions,Number per km2,number,UHF42,503,Willowbrook,2015,01/01/2015,2.1,
179815,641,Boiler Emissions- Total PM2.5 Emissions,Number per km2,number,UHF42,503,Willowbrook,2015,01/01/2015,0,
179747,642,Boiler Emissions- Total NOx Emissions,Number per km2,number,UHF42,303,East Harlem,2015,01/01/2015,50.1,
179843,641,Boiler Emissions- Total PM2.5 Emissions,Number per km2,number,UHF42,303,East Harlem,2015,01/01/2015,0.7,
179727,642,Boiler Emissions- Total NOx Emissions,Number per km2,number,UHF42,205,Sunset Park,2015,01/01/2015,13.9,
179823,641,Boiler Emissions- Total PM2.5 Emissions,Number per km2,number,UHF42,205,Sunset Park,2015,01/01/2015,0.1,
179845,641,Boiler Emissions- Total PM2.5 Emissions,Number per km2,number,UHF42,103,Fordham - Bronx Pk,2015,01/01/2015,2.3,
179758,642,Boiler Emissions- Total NOx Emissions,Number per km2,number,UHF42,305,Upper East Side,2015,01/01/2015,225.9,
605939,365,Fine particles (PM 2.5),Mean,mcg/m3,CD,204,Highbridge and Concourse (CD4),Annual Average 2018,01/01/2018,7.73,
742439,365,Fine particles (PM 2.5),Mean,mcg/m3,CD,204,Highbridge and Concourse (CD4),Summer 2021,06/01/2021,8.6,
178531,365,Fine particles (PM 2.5),Mean,mcg/m3,UHF42,107,Hunts Point - Mott Haven,Annual Average 2012,12/01/2011,10.02,
170367,365,Fine particles (PM 2.5),Mean,mcg/m3,CD,303,Bedford Stuyvesant (CD3),Annual Average 2012,12/01/2011,9.2,
170382,365,Fine particles (PM 2.5),Mean,mcg/m3,CD,318,Flatlands and Canarsie (CD18),Annual Average 2012,12/01/2011,8.35,
170356,365,Fine particles (PM 2.5),Mean,mcg/m3,CD,204,Highbridge and Concourse (CD4),Annual Average 2012,12/01/2011,10.4,
179819,641,Boiler Emissions- Total PM2.5 Emissions,Number per km2,number,UHF42,208,Canarsie - Flatlands,2015,01/01/2015,0,
179723,642,Boiler Emissions- Total NOx Emissions,Number per km2,number,UHF42,208,Canarsie - Flatlands,2015,01/01/2015,6.6,
179755,642,Boiler Emissions- Total NOx Emissions,Number per km2,number,UHF42,308,Greenwich Village - SoHo,2015,01/01/2015,121.3,
179851,641,Boiler Emissions- Total PM2.5 Emissions,Number per km2,number,UHF42,308,Greenwich Village - SoHo,2015,01/01/2015,2.6,
179726,642,Boiler Emissions- Total NOx Emissions,Number per km2,number,UHF42,408,Jamaica,2015,01/01/2015,13.1,
173207,365,Fine particles (PM 2.5),Mean,mcg/m3,UHF34,302,Central Harlem - Morningside Heights,Winter 2011-12,12/01/2011,10.85,
212078,365,Fine particles (PM 2.5),Mean,mcg/m3,UHF34,302,Central Harlem - Morningside Heights,Annual Average 2014,12/01/2013,9.73,
605838,365,Fine particles (PM 2.5),Mean,mcg/m3,UHF34,302,Central Harlem - Morningside Heights,Summer 2018,06/01/2018,8.9,
649835,365,Fine particles (PM 2.5),Mean,mcg/m3,UHF34,301,Washington Heights,Summer 2019,06/01/2019,8.17,
170355,365,Fine particles (PM 2.5),Mean,mcg/m3,CD,203,Morrisania and Crotona (CD3),Annual Average 2012,12/01/2011,9.88,
173241,365,Fine particles (PM 2.5),Mean,mcg/m3,UHF34,302,Central Harlem - Morningside Heights,Winter 2012-13,12/01/2012,12.15,
334262,365,Fine particles (PM 2.5),Mean,mcg/m3,CD,303,Bedford Stuyvesant (CD3),Summer 2015,06/01/2015,9.59,
649973,365,Fine particles (PM 2.5),Mean,mcg/m3,CD,303,Bedford Stuyvesant (CD3),Summer 2019,06/01/2019,8.09,
649937,365,Fine particles (PM 2.5),Mean,mcg/m3,CD,203,Morrisania and Crotona (CD3),Summer 2019,06/01/2019,8.05,
669592,365,Fine particles (PM 2.5),Mean,mcg/m3,CD,203,Morrisania and Crotona (CD3),Winter 2019-20,12/01/2019,7.21,
547508,365,Fine particles (PM 2.5),Mean,mcg/m3,UHF34,201,Greenpoint,Winter 2016-17,12/01/2016,9.3,
410874,365,Fine particles (PM 2.5),Mean,mcg/m3,UHF34,201,Greenpoint,Summer 2016,06/01/2016,9.8,
173672,365,Fine particles (PM 2.5),Mean,mcg/m3,UHF34,202,Downtown - Heights - Slope,Summer 2011,06/01/2011,12.26,
173671,365,Fine particles (PM 2.5),Mean,mcg/m3,UHF34,201,Greenpoint,Summer 2011,06/01/2011,12.84,
173637,365,Fine particles (PM 2.5),Mean,mcg/m3,UHF34,201,Greenpoint,Summer 2010,06/01/2010,13.32,
173682,365,Fine particles (PM 2.5),Mean,mcg/m3,UHF34,301,Washington Heights,Summer 2011,06/01/2011,11.75,
173648,365,Fine particles (PM 2.5),Mean,mcg/m3,UHF34,301,Washington Heights,Summer 2010,06/01/2010,12.3,
173740,365,Fine particles (PM 2.5),Mean,mcg/m3,UHF34,202,Downtown - Heights - Slope,Summer 2013,06/01/2013,10.95,
173705,365,Fine particles (PM 2.5),Mean,mcg/m3,UHF34,201,Greenpoint,Summer 2012,06/01/2012,11.69,
173739,365,Fine particles (PM 2.5),Mean,mcg/m3,UHF34,201,Greenpoint,Summer 2013,06/01/2013,11.54,
173716,365,Fine particles (PM 2.5),Mean,mcg/m3,UHF34,301,Washington Heights,Summer 2012,06/01/2012,10.64,
"518948,657,Asthma emergency department visits due to PM2.5,Estimated annual rate (age 18+),""per 100,000 adults"",UHF42,206,Borough Park,2012-2014,01/02/2012,11.19,"
"628500,657,Asthma emergency department visits due to PM2.5,Estimated annual rate (age 18+),""per 100,000 adults"",UHF42,209,Bensonhurst - Bay Ridge,2015-2017,01/01/2015,8.5,"
"131341,661,Asthma hospitalizations due to Ozone,Estimated annual rate (age 18+),""per 100,000 adults"",UHF42,309,Union Square - Lower East Side,2005-2007,01/01/2005,6.2,"
"131342,661,Asthma hospitalizations due to Ozone,Estimated annual rate (age 18+),""per 100,000 adults"",UHF42,310,Lower Manhattan,2005-2007,01/01/2005,3.6,"
"131235,657,Asthma emergency department visits due to PM2.5,Estimated annual rate (age 18+),""per 100,000 adults"",UHF42,210,Coney Island - Sheepshead Bay,2005-2007,01/01/2005,24.1,"
"131282,659,Asthma emergency departments visits due to Ozone,Estimated annual rate (age 18+),""per 100,000 adults"",UHF42,209,Bensonhurst - Bay Ridge,2005-2007,01/01/2005,12.9,"
"131600,639,Deaths due to PM2.5,Estimated annual rate (age 30+),""per 100,000 adults"",Borough,3,Manhattan,2009-2011,01/01/2009,50,"
"518771,639,Deaths due to PM2.5,Estimated annual rate (age 30+),""per 100,000 adults"",UHF42,310,Lower Manhattan,2012-2014,01/02/2012,34.37,"
"628416,639,Deaths due to PM2.5,Estimated annual rate (age 30+),""per 100,000 adults"",UHF42,310,Lower Manhattan,2015-2017,01/01/2015,27.3,"
"518759,639,Deaths due to PM2.5,Estimated annual rate (age 30+),""per 100,000 adults"",UHF42,209,Bensonhurst - Bay Ridge,2012-2014,01/02/2012,41.32,"
"628426,639,Deaths due to PM2.5,Estimated annual rate (age 30+),""per 100,000 adults"",UHF42,410,Rockaways,2015-2017,01/01/2015,50.2,"
"518756,639,Deaths due to PM2.5,Estimated annual rate (age 30+),""per 100,000 adults"",UHF42,206,Borough Park,2012-2014,01/02/2012,42.14,"
"518780,639,Deaths due to PM2.5,Estimated annual rate (age 30+),""per 100,000 adults"",UHF42,409,Southeast Queens,2012-2014,01/02/2012,27.36,"
"518781,639,Deaths due to PM2.5,Estimated annual rate (age 30+),""per 100,000 adults"",UHF42,410,Rockaways,2012-2014,01/02/2012,49.49,"
"628425,639,Deaths due to PM2.5,Estimated annual rate (age 30+),""per 100,000 adults"",UHF42,409,Southeast Queens,2015-2017,01/01/2015,26.3,"
"628578,651,Cardiovascular hospitalizations due to PM2.5 (age 40+),Estimated annual rate,""per 100,000 adults"",Borough,3,Manhattan,2015-2017,01/01/2015,14.6,"
"518845,651,Cardiovascular hospitalizations due to PM2.5 (age 40+),Estimated annual rate,""per 100,000 adults"",UHF42,106,High Bridge - Morrisania,2012-2014,01/02/2012,17.83,"
"628586,651,Cardiovascular hospitalizations due to PM2.5 (age 40+),Estimated annual rate,""per 100,000 adults"",UHF42,106,High Bridge - Morrisania,2015-2017,01/01/2015,23.5,"
"518867,651,Cardiovascular hospitalizations due to PM2.5 (age 40+),Estimated annual rate,""per 100,000 adults"",UHF42,310,Lower Manhattan,2012-2014,01/02/2012,12.36,"
"628608,651,Cardiovascular hospitalizations due to PM2.5 (age 40+),Estimated annual rate,""per 100,000 adults"",UHF42,310,Lower Manhattan,2015-2017,01/01/2015,10.9,"
"518855,651,Cardiovascular hospitalizations due to PM2.5 (age 40+),Estimated annual rate,""per 100,000 adults"",UHF42,209,Bensonhurst - Bay Ridge,2012-2014,01/02/2012,11.12,"
"518723,652,Cardiac and respiratory deaths due to Ozone,Estimated annual rate,""per 100,000"",UHF42,310,Lower Manhattan,2012-2014,01/02/2012,2.5,"
"629184,652,Cardiac and respiratory deaths due to Ozone,Estimated annual rate,""per 100,000"",UHF42,310,Lower Manhattan,2015-2017,01/01/2015,2.7,"
"518711,652,Cardiac and respiratory deaths due to Ozone,Estimated annual rate,""per 100,000"",UHF42,209,Bensonhurst - Bay Ridge,2012-2014,01/02/2012,6.5,"
"518722,652,Cardiac and respiratory deaths due to Ozone,Estimated annual rate,""per 100,000"",UHF42,309,Union Square - Lower East Side,2012-2014,01/02/2012,4.7,"
"518732,652,Cardiac and respiratory deaths due to Ozone,Estimated annual rate,""per 100,000"",UHF42,409,Southeast Queens,2012-2014,01/02/2012,4.3,"
"629193,652,Cardiac and respiratory deaths due to Ozone,Estimated annual rate,""per 100,000"",UHF42,409,Southeast Queens,2015-2017,01/01/2015,4.1,"
174225,365,Fine particles (PM 2.5),Mean,mcg/m3,UHF34,211,Williamsburg - Bushwick,Annual Average 2012,12/01/2011,9.7,
174240,365,Fine particles (PM 2.5),Mean,mcg/m3,UHF34,309310,Union Square-Lower Manhattan,Annual Average 2012,12/01/2011,10.66,
174242,365,Fine particles (PM 2.5),Mean,mcg/m3,UHF34,501502,Northern SI,Annual Average 2012,12/01/2011,8.31,
605884,365,Fine particles (PM 2.5),Mean,mcg/m3,UHF34,501502,Northern SI,Winter 2017-18,12/01/2017,7.94,
649882,365,Fine particles (PM 2.5),Mean,mcg/m3,UHF34,501502,Northern SI,Annual Average 2019,01/01/2019,6.05,
211887,365,Fine particles (PM 2.5),Mean,mcg/m3,UHF34,309310,Union Square-Lower Manhattan,Winter 2013-14,12/01/2013,13.89,
173118,365,Fine particles (PM 2.5),Mean,mcg/m3,UHF34,309310,Union Square-Lower Manhattan,Winter 2008-09,12/01/2008,14.88,
649922,365,Fine particles (PM 2.5),Mean,mcg/m3,CD,110,Central Harlem (CD10),Summer 2019,06/01/2019,8.17,
170234,365,Fine particles (PM 2.5),Mean,mcg/m3,CD,112,Washington Heights and Inwood (CD12),Annual Average 2010,12/01/2009,10.74,
168641,365,Fine particles (PM 2.5),Mean,mcg/m3,CD,112,Washington Heights and Inwood (CD12),Winter 2012-13,12/01/2012,12.07,
170230,365,Fine particles (PM 2.5),Mean,mcg/m3,CD,108,Upper East Side (CD8),Annual Average 2010,12/01/2009,11.87,
168637,365,Fine particles (PM 2.5),Mean,mcg/m3,CD,108,Upper East Side (CD8),Winter 2012-13,12/01/2012,13.12,
334217,365,Fine particles (PM 2.5),Mean,mcg/m3,CD,112,Washington Heights and Inwood (CD12),Summer 2015,06/01/2015,9.9,
669571,365,Fine particles (PM 2.5),Mean,mcg/m3,CD,108,Upper East Side (CD8),Winter 2019-20,12/01/2019,8.59,
334253,365,Fine particles (PM 2.5),Mean,mcg/m3,CD,212,Williamsbridge and Baychester (CD12),Summer 2015,06/01/2015,9.65,
649964,365,Fine particles (PM 2.5),Mean,mcg/m3,CD,212,Williamsbridge and Baychester (CD12),Summer 2019,06/01/2019,7.69,
649876,365,Fine particles (PM 2.5),Mean,mcg/m3,UHF34,309310,Union Square-Lower Manhattan,Annual Average 2019,01/01/2019,8.67,
211889,365,Fine particles (PM 2.5),Mean,mcg/m3,UHF34,501502,Northern SI,Winter 2013-14,12/01/2013,11.8,
605878,365,Fine particles (PM 2.5),Mean,mcg/m3,UHF34,309310,Union Square-Lower Manhattan,Winter 2017-18,12/01/2017,9.82,
173120,365,Fine particles (PM 2.5),Mean,mcg/m3,UHF34,501502,Northern SI,Winter 2008-09,12/01/2008,11.81,
168665,365,Fine particles (PM 2.5),Mean,mcg/m3,CD,312,Borough Park (CD12),Winter 2012-13,12/01/2012,10.14,
170258,365,Fine particles (PM 2.5),Mean,mcg/m3,CD,312,Borough Park (CD12),Annual Average 2010,12/01/2009,9.64,
227544,647,Outdoor Air Toxics - Formaldehyde,Annual average concentration,µg/m3,CD,312,Borough Park (CD12),2011,01/01/2011,2,
227518,647,Outdoor Air Toxics - Formaldehyde,Annual average concentration,µg/m3,CD,110,Central Harlem (CD10),2011,01/01/2011,2.6,
130740,647,Outdoor Air Toxics - Formaldehyde,Annual average concentration,µg/m3,UHF42,201,Greenpoint,2005,01/01/2005,3.5,
130692,646,Outdoor Air Toxics - Benzene,Annual average concentration,µg/m3,UHF42,201,Greenpoint,2005,01/01/2005,3.7,
130723,646,Outdoor Air Toxics - Benzene,Annual average concentration,µg/m3,UHF42,501,Port Richmond,2005,01/01/2005,2.5,
130713,646,Outdoor Air Toxics - Benzene,Annual average concentration,µg/m3,UHF42,401,Long Island City - Astoria,2005,01/01/2005,2.7,
799843,647,Outdoor Air Toxics - Formaldehyde,Annual average concentration,µg/m3,UHF42,401,Long Island City - Astoria,2014,01/01/2014,1.74,
799791,646,Outdoor Air Toxics - Benzene,Annual average concentration,µg/m3,UHF42,301,Washington Heights,2014,01/01/2014,1.02,
315590,646,Outdoor Air Toxics - Benzene,Annual average concentration,µg/m3,UHF42,101,Kingsbridge - Riverdale,2011,01/01/2011,1.6,
411034,365,Fine particles (PM 2.5),Mean,mcg/m3,CD,211,Morris Park and Bronxdale (CD11),Annual Average 2016,12/31/2015,7.4,
169476,365,Fine particles (PM 2.5),Mean,mcg/m3,CD,209,Parkchester and Soundview (CD9),Summer 2012,06/01/2012,10.42,
169535,365,Fine particles (PM 2.5),Mean,mcg/m3,CD,209,Parkchester and Soundview (CD9),Summer 2013,06/01/2013,10.37,
170375,365,Fine particles (PM 2.5),Mean,mcg/m3,CD,311,Bensonhurst (CD11),Annual Average 2012,12/01/2011,8.56,
170349,365,Fine particles (PM 2.5),Mean,mcg/m3,CD,109,Morningside Heights and Hamilton Heights (CD9),Annual Average 2012,12/01/2011,10.05,
170351,365,Fine particles (PM 2.5),Mean,mcg/m3,CD,111,East Harlem (CD11),Annual Average 2012,12/01/2011,9.98,
179736,642,Boiler Emissions- Total NOx Emissions,Number per km2,number,UHF42,402,West Queens,2015,01/01/2015,23.7,
179817,641,Boiler Emissions- Total PM2.5 Emissions,Number per km2,number,UHF42,502,Stapleton - St. George,2015,01/01/2015,0,
179721,642,Boiler Emissions- Total NOx Emissions,Number per km2,number,UHF42,502,Stapleton - St. George,2015,01/01/2015,4.6,
547535,365,Fine particles (PM 2.5),Mean,mcg/m3,UHF34,210,Coney Island - Sheepshead Bay,Winter 2016-17,12/01/2016,7.37,
605829,365,Fine particles (PM 2.5),Mean,mcg/m3,UHF34,210,Coney Island - Sheepshead Bay,Summer 2018,06/01/2018,7.87,
170361,365,Fine particles (PM 2.5),Mean,mcg/m3,CD,209,Parkchester and Soundview (CD9),Annual Average 2012,12/01/2011,9.45,
669869,365,Fine particles (PM 2.5),Mean,mcg/m3,CD,209,Parkchester and Soundview (CD9),Winter 2019-20,12/01/2019,7.43,
173136,365,Fine particles (PM 2.5),Mean,mcg/m3,UHF34,210,Coney Island - Sheepshead Bay,Winter 2009-10,12/01/2009,9.05,
173204,365,Fine particles (PM 2.5),Mean,mcg/m3,UHF34,210,Coney Island - Sheepshead Bay,Winter 2011-12,12/01/2011,8,
173680,365,Fine particles (PM 2.5),Mean,mcg/m3,UHF34,210,Coney Island - Sheepshead Bay,Summer 2011,06/01/2011,11.05,
173646,365,Fine particles (PM 2.5),Mean,mcg/m3,UHF34,210,Coney Island - Sheepshead Bay,Summer 2010,06/01/2010,11.35,
173748,365,Fine particles (PM 2.5),Mean,mcg/m3,UHF34,210,Coney Island - Sheepshead Bay,Summer 2013,06/01/2013,9.71,
173714,365,Fine particles (PM 2.5),Mean,mcg/m3,UHF34,210,Coney Island - Sheepshead Bay,Summer 2012,06/01/2012,9.89,
174237,365,Fine particles (PM 2.5),Mean,mcg/m3,UHF34,410,Rockaways,Annual Average 2012,12/01/2011,7.36,
174224,365,Fine particles (PM 2.5),Mean,mcg/m3,UHF34,210,Coney Island - Sheepshead Bay,Annual Average 2012,12/01/2011,8.3,
168638,365,Fine particles (PM 2.5),Mean,mcg/m3,CD,109,Morningside Heights and Hamilton Heights (CD9),Winter 2012-13,12/01/2012,12.28,
170231,365,Fine particles (PM 2.5),Mean,mcg/m3,CD,109,Morningside Heights and Hamilton Heights (CD9),Annual Average 2010,12/01/2009,10.69,
649919,365,Fine particles (PM 2.5),Mean,mcg/m3,CD,109,Morningside Heights and Hamilton Heights (CD9),Summer 2019,06/01/2019,8.1,
669574,365,Fine particles (PM 2.5),Mean,mcg/m3,CD,109,Morningside Heights and Hamilton Heights (CD9),Winter 2019-20,12/01/2019,7.49,
168640,365,Fine particles (PM 2.5),Mean,mcg/m3,CD,111,East Harlem (CD11),Winter 2012-13,12/01/2012,11.98,
170233,365,Fine particles (PM 2.5),Mean,mcg/m3,CD,111,East Harlem (CD11),Annual Average 2010,12/01/2009,10.41,
334214,365,Fine particles (PM 2.5),Mean,mcg/m3,CD,111,East Harlem (CD11),Summer 2015,06/01/2015,10.17,
649925,365,Fine particles (PM 2.5),Mean,mcg/m3,CD,111,East Harlem (CD11),Summer 2019,06/01/2019,8.29,
669580,365,Fine particles (PM 2.5),Mean,mcg/m3,CD,111,East Harlem (CD11),Winter 2019-20,12/01/2019,7.82,
179854,641,Boiler Emissions- Total PM2.5 Emissions,Number per km2,number,UHF42,305,Upper East Side,2015,01/01/2015,5.7,
179844,641,Boiler Emissions- Total PM2.5 Emissions,Number per km2,number,UHF42,105,Crotona -Tremont,2015,01/01/2015,1.3,
179748,642,Boiler Emissions- Total NOx Emissions,Number per km2,number,UHF42,105,Crotona -Tremont,2015,01/01/2015,56,
170360,365,Fine particles (PM 2.5),Mean,mcg/m3,CD,208,Riverdale and Fieldston (CD8),Annual Average 2012,12/01/2011,9.27,
170344,365,Fine particles (PM 2.5),Mean,mcg/m3,CD,104,Clinton and Chelsea (CD4),Annual Average 2012,12/01/2011,11.43,
168659,365,Fine particles (PM 2.5),Mean,mcg/m3,CD,306,Park Slope and Carroll Gardens (CD6),Winter 2012-13,12/01/2012,11.05,
170252,365,Fine particles (PM 2.5),Mean,mcg/m3,CD,306,Park Slope and Carroll Gardens (CD6),Annual Average 2010,12/01/2009,10.45,
334271,365,Fine particles (PM 2.5),Mean,mcg/m3,CD,306,Park Slope and Carroll Gardens (CD6),Summer 2015,06/01/2015,10.3,
174243,365,Fine particles (PM 2.5),Mean,mcg/m3,UHF34,503504,Southern SI,Annual Average 2012,12/01/2011,8.37,
173121,365,Fine particles (PM 2.5),Mean,mcg/m3,UHF34,503504,Southern SI,Winter 2008-09,12/01/2008,11.83,
168635,365,Fine particles (PM 2.5),Mean,mcg/m3,CD,106,Stuyvesant Town and Turtle Bay (CD6),Winter 2012-13,12/01/2012,14.02,
170228,365,Fine particles (PM 2.5),Mean,mcg/m3,CD,106,Stuyvesant Town and Turtle Bay (CD6),Annual Average 2010,12/01/2009,13.12,
211890,365,Fine particles (PM 2.5),Mean,mcg/m3,UHF34,503504,Southern SI,Winter 2013-14,12/01/2013,11.77,
605887,365,Fine particles (PM 2.5),Mean,mcg/m3,UHF34,503504,Southern SI,Winter 2017-18,12/01/2017,7.73,
649885,365,Fine particles (PM 2.5),Mean,mcg/m3,UHF34,503504,Southern SI,Annual Average 2019,01/01/2019,5.87,
227526,647,Outdoor Air Toxics - Formaldehyde,Annual average concentration,µg/m3,CD,206,Belmont and East Tremont (CD6),2011,01/01/2011,2.2,
227514,647,Outdoor Air Toxics - Formaldehyde,Annual average concentration,µg/m3,CD,106,Stuyvesant Town and Turtle Bay (CD6),2011,01/01/2011,2.7,
130755,647,Outdoor Air Toxics - Formaldehyde,Annual average concentration,µg/m3,UHF42,305,Upper East Side,2005,01/01/2005,4.5,
130725,646,Outdoor Air Toxics - Benzene,Annual average concentration,µg/m3,UHF42,503,Willowbrook,2005,01/01/2005,1.6,
130705,646,Outdoor Air Toxics - Benzene,Annual average concentration,µg/m3,UHF42,303,East Harlem,2005,01/01/2005,4.2,
130707,646,Outdoor Air Toxics - Benzene,Annual average concentration,µg/m3,UHF42,305,Upper East Side,2005,01/01/2005,4.5,
315678,647,Outdoor Air Toxics - Formaldehyde,Annual average concentration,µg/m3,UHF42,503,Willowbrook,2011,01/01/2011,1.8,
799855,647,Outdoor Air Toxics - Formaldehyde,Annual average concentration,µg/m3,UHF42,503,Willowbrook,2014,01/01/2014,1.32,
315658,647,Outdoor Air Toxics - Formaldehyde,Annual average concentration,µg/m3,UHF42,303,East Harlem,2011,01/01/2011,2.6,
315649,647,Outdoor Air Toxics - Formaldehyde,Annual average concentration,µg/m3,UHF42,205,Sunset Park,2011,01/01/2011,2,
799847,647,Outdoor Air Toxics - Formaldehyde,Annual average concentration,µg/m3,UHF42,405,Ridgewood - Forest Hills,2014,01/01/2014,1.6,
799793,646,Outdoor Air Toxics - Benzene,Annual average concentration,µg/m3,UHF42,303,East Harlem,2014,01/01/2014,1.05,
315592,646,Outdoor Air Toxics - Benzene,Annual average concentration,µg/m3,UHF42,103,Fordham - Bronx Pk,2011,01/01/2011,1.6,
315620,646,Outdoor Air Toxics - Benzene,Annual average concentration,µg/m3,UHF42,403,Flushing - Clearview,2011,01/01/2011,1.4,
799803,646,Outdoor Air Toxics - Benzene,Annual average concentration,µg/m3,UHF42,403,Flushing - Clearview,2014,01/01/2014,0.92,
315622,646,Outdoor Air Toxics - Benzene,Annual average concentration,µg/m3,UHF42,405,Ridgewood - Forest Hills,2011,01/01/2011,1.5,
799811,646,Outdoor Air Toxics - Benzene,Annual average concentration,µg/m3,UHF42,501,Port Richmond,2014,01/01/2014,0.69,
315618,646,Outdoor Air Toxics - Benzene,Annual average concentration,µg/m3,UHF42,401,Long Island City - Astoria,2011,01/01/2011,1.8,
315628,646,Outdoor Air Toxics - Benzene,Annual average concentration,µg/m3,UHF42,501,Port Richmond,2011,01/01/2011,1.2,
799801,646,Outdoor Air Toxics - Benzene,Annual average concentration,µg/m3,UHF42,401,Long Island City - Astoria,2014,01/01/2014,1.08,
799833,647,Outdoor Air Toxics - Formaldehyde,Annual average concentration,µg/m3,UHF42,301,Washington Heights,2014,01/01/2014,1.67,
315666,647,Outdoor Air Toxics - Formaldehyde,Annual average concentration,µg/m3,UHF42,401,Long Island City - Astoria,2011,01/01/2011,2.3,
315656,647,Outdoor Air Toxics - Formaldehyde,Annual average concentration,µg/m3,UHF42,301,Washington Heights,2011,01/01/2011,2.8,
130761,647,Outdoor Air Toxics - Formaldehyde,Annual average concentration,µg/m3,UHF42,401,Long Island City - Astoria,2005,01/01/2005,3.6,
130733,647,Outdoor Air Toxics - Formaldehyde,Annual average concentration,µg/m3,UHF42,101,Kingsbridge - Riverdale,2005,01/01/2005,3.2,
671114,386,Ozone (O3),Mean,ppb,CD,310,Bay Ridge and Dyker Heights (CD10),Summer 2020,06/01/2020,29.22,
121679,386,Ozone (O3),Mean,ppb,CD,312,Borough Park (CD12),2-Year Summer Average 2009-2010,06/01/2009,27.02,
605318,386,Ozone (O3),Mean,ppb,CD,112,Washington Heights and Inwood (CD12),Summer 2018,06/01/2018,29.02,
605316,386,Ozone (O3),Mean,ppb,CD,110,Central Harlem (CD10),Summer 2018,06/01/2018,28.61,
670893,386,Ozone (O3),Mean,ppb,CD,110,Central Harlem (CD10),Summer 2020,06/01/2020,29.62,
121655,386,Ozone (O3),Mean,ppb,CD,112,Washington Heights and Inwood (CD12),2-Year Summer Average 2009-2010,06/01/2009,25.94,
549411,386,Ozone (O3),Mean,ppb,CD,108,Upper East Side (CD8),Summer 2017,06/01/2017,25.17,
605314,386,Ozone (O3),Mean,ppb,CD,108,Upper East Side (CD8),Summer 2018,06/01/2018,26.92,
670895,386,Ozone (O3),Mean,ppb,CD,108,Upper East Side (CD8),Summer 2020,06/01/2020,29.28,
338302,386,Ozone (O3),Mean,ppb,CD,412,Jamaica and Hollis (CD12),Summer 2015,06/01/2015,32.18,
338270,386,Ozone (O3),Mean,ppb,CD,210,Throgs Neck and Co-op City (CD10),Summer 2015,06/01/2015,31.68,
651034,386,Ozone (O3),Mean,ppb,CD,312,Borough Park (CD12),Summer 2019,06/01/2019,30.39,
338272,386,Ozone (O3),Mean,ppb,CD,212,Williamsbridge and Baychester (CD12),Summer 2015,06/01/2015,29.75,
651022,386,Ozone (O3),Mean,ppb,CD,212,Williamsbridge and Baychester (CD12),Summer 2019,06/01/2019,30.16,
176642,375,Nitrogen dioxide (NO2),Mean,ppb,UHF42,201,Greenpoint,Annual Average 2012,12/01/2011,23.63,
176635,375,Nitrogen dioxide (NO2),Mean,ppb,UHF42,101,Kingsbridge - Riverdale,Annual Average 2012,12/01/2011,19.05,
179800,640,Boiler Emissions- Total SO2 Emissions,Number per km2,number,UHF42,301,Washington Heights,2015,01/01/2015,32,
179780,640,Boiler Emissions- Total SO2 Emissions,Number per km2,number,UHF42,201,Greenpoint,2015,01/01/2015,0.3,
179794,640,Boiler Emissions- Total SO2 Emissions,Number per km2,number,UHF42,101,Kingsbridge - Riverdale,2015,01/01/2015,9.1,
177314,365,Fine particles (PM 2.5),Mean,mcg/m3,UHF42,201,Greenpoint,Winter 2012-13,12/01/2012,11.63,
649685,365,Fine particles (PM 2.5),Mean,mcg/m3,UHF42,201,Greenpoint,Summer 2019,06/01/2019,9.93,
333974,365,Fine particles (PM 2.5),Mean,mcg/m3,UHF42,201,Greenpoint,Summer 2015,06/01/2015,11,
649718,365,Fine particles (PM 2.5),Mean,mcg/m3,UHF42,301,Washington Heights,Summer 2019,06/01/2019,8.17,
799805,646,Outdoor Air Toxics - Benzene,Annual average concentration,µg/m3,UHF42,405,Ridgewood - Forest Hills,2014,01/01/2014,1,
315630,646,Outdoor Air Toxics - Benzene,Annual average concentration,µg/m3,UHF42,503,Willowbrook,2011,01/01/2011,1.1,
130689,646,Outdoor Air Toxics - Benzene,Annual average concentration,µg/m3,UHF42,105,Crotona -Tremont,2005,01/01/2005,3,
799813,646,Outdoor Air Toxics - Benzene,Annual average concentration,µg/m3,UHF42,503,Willowbrook,2014,01/01/2014,0.66,
315610,646,Outdoor Air Toxics - Benzene,Annual average concentration,µg/m3,UHF42,303,East Harlem,2011,01/01/2011,2.1,
315601,646,Outdoor Air Toxics - Benzene,Annual average concentration,µg/m3,UHF42,205,Sunset Park,2011,01/01/2011,1.3,
799784,646,Outdoor Air Toxics - Benzene,Annual average concentration,µg/m3,UHF42,205,Sunset Park,2014,01/01/2014,0.89,
799775,646,Outdoor Air Toxics - Benzene,Annual average concentration,µg/m3,UHF42,103,Fordham - Bronx Pk,2014,01/01/2014,0.96,
799795,646,Outdoor Air Toxics - Benzene,Annual average concentration,µg/m3,UHF42,305,Upper East Side,2014,01/01/2014,1.05,
315612,646,Outdoor Air Toxics - Benzene,Annual average concentration,µg/m3,UHF42,305,Upper East Side,2011,01/01/2011,2.5,
799777,646,Outdoor Air Toxics - Benzene,Annual average concentration,µg/m3,UHF42,105,Crotona -Tremont,2014,01/01/2014,0.98,
315594,646,Outdoor Air Toxics - Benzene,Annual average concentration,µg/m3,UHF42,105,Crotona -Tremont,2011,01/01/2011,1.6,
799824,647,Outdoor Air Toxics - Formaldehyde,Annual average concentration,µg/m3,UHF42,203,Bedford Stuyvesant - Crown Heights,2014,01/01/2014,1.57,
130753,647,Outdoor Air Toxics - Formaldehyde,Annual average concentration,µg/m3,UHF42,303,East Harlem,2005,01/01/2005,4.2,
130742,647,Outdoor Air Toxics - Formaldehyde,Annual average concentration,µg/m3,UHF42,203,Bedford Stuyvesant - Crown Heights,2005,01/01/2005,3,
130744,647,Outdoor Air Toxics - Formaldehyde,Annual average concentration,µg/m3,UHF42,205,Sunset Park,2005,01/01/2005,3.2,
"518851,651,Cardiovascular hospitalizations due to PM2.5 (age 40+),Estimated annual rate,""per 100,000 adults"",UHF42,205,Sunset Park,2012-2014,01/02/2012,11.75,"
"628592,651,Cardiovascular hospitalizations due to PM2.5 (age 40+),Estimated annual rate,""per 100,000 adults"",UHF42,205,Sunset Park,2015-2017,01/01/2015,12.4,"
"518842,651,Cardiovascular hospitalizations due to PM2.5 (age 40+),Estimated annual rate,""per 100,000 adults"",UHF42,103,Fordham - Bronx Pk,2012-2014,01/02/2012,14.53,"
"628583,651,Cardiovascular hospitalizations due to PM2.5 (age 40+),Estimated annual rate,""per 100,000 adults"",UHF42,103,Fordham - Bronx Pk,2015-2017,01/01/2015,21.2,"
121663,386,Ozone (O3),Mean,ppb,CD,208,Riverdale and Fieldston (CD8),2-Year Summer Average 2009-2010,06/01/2009,28.39,
670883,386,Ozone (O3),Mean,ppb,CD,208,Riverdale and Fieldston (CD8),Summer 2020,06/01/2020,28.72,
605326,386,Ozone (O3),Mean,ppb,CD,208,Riverdale and Fieldston (CD8),Summer 2018,06/01/2018,29.97,
121647,386,Ozone (O3),Mean,ppb,CD,104,Clinton and Chelsea (CD4),2-Year Summer Average 2009-2010,06/01/2009,23.15,
549407,386,Ozone (O3),Mean,ppb,CD,104,Clinton and Chelsea (CD4),Summer 2017,06/01/2017,24.57,
605310,386,Ozone (O3),Mean,ppb,CD,104,Clinton and Chelsea (CD4),Summer 2018,06/01/2018,25.87,
670899,386,Ozone (O3),Mean,ppb,CD,104,Clinton and Chelsea (CD4),Summer 2020,06/01/2020,28.42,
549409,386,Ozone (O3),Mean,ppb,CD,106,Stuyvesant Town and Turtle Bay (CD6),Summer 2017,06/01/2017,23.14,
670897,386,Ozone (O3),Mean,ppb,CD,106,Stuyvesant Town and Turtle Bay (CD6),Summer 2020,06/01/2020,28.13,
338298,386,Ozone (O3),Mean,ppb,CD,408,Hillcrest and Fresh Meadows (CD8),Summer 2015,06/01/2015,31.3,
651048,386,Ozone (O3),Mean,ppb,CD,408,Hillcrest and Fresh Meadows (CD8),Summer 2019,06/01/2019,31.63,
"518733,652,Cardiac and respiratory deaths due to Ozone,Estimated annual rate,""per 100,000"",UHF42,410,Rockaways,2012-2014,01/02/2012,9.4,"
547415,365,Fine particles (PM 2.5),Mean,mcg/m3,UHF42,209,Bensonhurst - Bay Ridge,Winter 2016-17,12/01/2016,7.4,
669791,365,Fine particles (PM 2.5),Mean,mcg/m3,UHF42,209,Bensonhurst - Bay Ridge,Summer 2020,06/01/2020,6.69,
177197,365,Fine particles (PM 2.5),Mean,mcg/m3,UHF42,210,Coney Island - Sheepshead Bay,Winter 2009-10,12/01/2009,9.05,
410815,365,Fine particles (PM 2.5),Mean,mcg/m3,UHF42,309,Union Square - Lower East Side,Annual Average 2016,12/31/2015,9.02,
177910,365,Fine particles (PM 2.5),Mean,mcg/m3,UHF42,209,Bensonhurst - Bay Ridge,Summer 2012,06/01/2012,10.03,
177952,365,Fine particles (PM 2.5),Mean,mcg/m3,UHF42,209,Bensonhurst - Bay Ridge,Summer 2013,06/01/2013,9.77,
169351,365,Fine particles (PM 2.5),Mean,mcg/m3,CD,202,Hunts Point and Longwood (CD2),Summer 2010,06/01/2010,12.85,
169410,365,Fine particles (PM 2.5),Mean,mcg/m3,CD,202,Hunts Point and Longwood (CD2),Summer 2011,06/01/2011,12.38,
411005,365,Fine particles (PM 2.5),Mean,mcg/m3,CD,202,Hunts Point and Longwood (CD2),Winter 2015-16,12/01/2015,8.99,
169339,365,Fine particles (PM 2.5),Mean,mcg/m3,CD,102,Greenwich Village and Soho (CD2),Summer 2010,06/01/2010,13.71,
169398,365,Fine particles (PM 2.5),Mean,mcg/m3,CD,102,Greenwich Village and Soho (CD2),Summer 2011,06/01/2011,13.16,
169338,365,Fine particles (PM 2.5),Mean,mcg/m3,CD,101,Financial District (CD1),Summer 2010,06/01/2010,13.76,
169397,365,Fine particles (PM 2.5),Mean,mcg/m3,CD,101,Financial District (CD1),Summer 2011,06/01/2011,13.22,
410966,365,Fine particles (PM 2.5),Mean,mcg/m3,CD,101,Financial District (CD1),Winter 2015-16,12/01/2015,10.29,
410970,365,Fine particles (PM 2.5),Mean,mcg/m3,CD,102,Greenwich Village and Soho (CD2),Summer 2016,06/01/2016,9.86,
742396,365,Fine particles (PM 2.5),Mean,mcg/m3,CD,102,Greenwich Village and Soho (CD2),Winter 2020-21,12/01/2020,8.6,
410782,365,Fine particles (PM 2.5),Mean,mcg/m3,UHF42,209,Bensonhurst - Bay Ridge,Annual Average 2016,12/31/2015,7.11,
169480,365,Fine particles (PM 2.5),Mean,mcg/m3,CD,301,Greenpoint and Williamsburg (CD1),Summer 2012,06/01/2012,11.78,
411040,365,Fine particles (PM 2.5),Mean,mcg/m3,CD,301,Greenpoint and Williamsburg (CD1),Annual Average 2016,12/31/2015,9.55,
605966,365,Fine particles (PM 2.5),Mean,mcg/m3,CD,301,Greenpoint and Williamsburg (CD1),Annual Average 2018,01/01/2018,8.87,
742466,365,Fine particles (PM 2.5),Mean,mcg/m3,CD,301,Greenpoint and Williamsburg (CD1),Summer 2021,06/01/2021,9.72,
742430,365,Fine particles (PM 2.5),Mean,mcg/m3,CD,201,Mott Haven and Melrose (CD1),Summer 2021,06/01/2021,8.8,
168584,365,Fine particles (PM 2.5),Mean,mcg/m3,CD,202,Hunts Point and Longwood (CD2),Winter 2011-12,12/01/2011,10.92,
168466,365,Fine particles (PM 2.5),Mean,mcg/m3,CD,202,Hunts Point and Longwood (CD2),Winter 2009-10,12/01/2009,11.39,
214121,365,Fine particles (PM 2.5),Mean,mcg/m3,CD,202,Hunts Point and Longwood (CD2),Annual Average 2014,12/01/2013,9.96,
547638,365,Fine particles (PM 2.5),Mean,mcg/m3,CD,202,Hunts Point and Longwood (CD2),Summer 2017,06/01/2017,10.41,
547640,365,Fine particles (PM 2.5),Mean,mcg/m3,CD,202,Hunts Point and Longwood (CD2),Winter 2016-17,12/01/2016,9.04,
605934,365,Fine particles (PM 2.5),Mean,mcg/m3,CD,202,Hunts Point and Longwood (CD2),Summer 2018,06/01/2018,9.5,
669590,365,Fine particles (PM 2.5),Mean,mcg/m3,CD,202,Hunts Point and Longwood (CD2),Summer 2020,06/01/2020,7.73,
547599,365,Fine particles (PM 2.5),Mean,mcg/m3,CD,101,Financial District (CD1),Summer 2017,06/01/2017,10.53,
669605,365,Fine particles (PM 2.5),Mean,mcg/m3,CD,101,Financial District (CD1),Summer 2020,06/01/2020,7.91,
168571,365,Fine particles (PM 2.5),Mean,mcg/m3,CD,101,Financial District (CD1),Winter 2011-12,12/01/2011,11.61,
168453,365,Fine particles (PM 2.5),Mean,mcg/m3,CD,101,Financial District (CD1),Winter 2009-10,12/01/2009,12.28,
214108,365,Fine particles (PM 2.5),Mean,mcg/m3,CD,101,Financial District (CD1),Annual Average 2014,12/01/2013,11.37,
547601,365,Fine particles (PM 2.5),Mean,mcg/m3,CD,101,Financial District (CD1),Winter 2016-17,12/01/2016,9.11,
214109,365,Fine particles (PM 2.5),Mean,mcg/m3,CD,102,Greenwich Village and Soho (CD2),Annual Average 2014,12/01/2013,11.23,
547602,365,Fine particles (PM 2.5),Mean,mcg/m3,CD,102,Greenwich Village and Soho (CD2),Summer 2017,06/01/2017,10.66,
547604,365,Fine particles (PM 2.5),Mean,mcg/m3,CD,102,Greenwich Village and Soho (CD2),Winter 2016-17,12/01/2016,9.16,
669602,365,Fine particles (PM 2.5),Mean,mcg/m3,CD,102,Greenwich Village and Soho (CD2),Summer 2020,06/01/2020,8.68,
669845,365,Fine particles (PM 2.5),Mean,mcg/m3,Borough,3,Manhattan,Summer 2020,06/01/2020,7.8,
178540,365,Fine particles (PM 2.5),Mean,mcg/m3,UHF42,209,Bensonhurst - Bay Ridge,Annual Average 2012,12/01/2011,8.6,
178541,365,Fine particles (PM 2.5),Mean,mcg/m3,UHF42,210,Coney Island - Sheepshead Bay,Annual Average 2012,12/01/2011,8.3,
170366,365,Fine particles (PM 2.5),Mean,mcg/m3,CD,302,Fort Greene and Brooklyn Heights (CD2),Annual Average 2012,12/01/2011,9.92,
170353,365,Fine particles (PM 2.5),Mean,mcg/m3,CD,201,Mott Haven and Melrose (CD1),Annual Average 2012,12/01/2011,10.38,
170365,365,Fine particles (PM 2.5),Mean,mcg/m3,CD,301,Greenpoint and Williamsburg (CD1),Annual Average 2012,12/01/2011,10.38,
179850,641,Boiler Emissions- Total PM2.5 Emissions,Number per km2,number,UHF42,309,Union Square - Lower East Side,2015,01/01/2015,2,
179737,642,Boiler Emissions- Total NOx Emissions,Number per km2,number,UHF42,209,Bensonhurst - Bay Ridge,2015,01/01/2015,26.1,
179833,641,Boiler Emissions- Total PM2.5 Emissions,Number per km2,number,UHF42,209,Bensonhurst - Bay Ridge,2015,01/01/2015,0.2,
179722,642,Boiler Emissions- Total NOx Emissions,Number per km2,number,UHF42,410,Rockaways,2015,01/01/2015,6.1,
179857,641,Boiler Emissions- Total PM2.5 Emissions,Number per km2,number,Borough,3,Manhattan,2015,01/01/2015,3.7,
179754,642,Boiler Emissions- Total NOx Emissions,Number per km2,number,UHF42,309,Union Square - Lower East Side,2015,01/01/2015,117.5,
179846,641,Boiler Emissions- Total PM2.5 Emissions,Number per km2,number,UHF42,106,High Bridge - Morrisania,2015,01/01/2015,1.9,
179761,642,Boiler Emissions- Total NOx Emissions,Number per km2,number,Borough,3,Manhattan,2015,01/01/2015,142.8,
173140,365,Fine particles (PM 2.5),Mean,mcg/m3,UHF34,303,East Harlem,Winter 2009-10,12/01/2009,10.79,
173208,365,Fine particles (PM 2.5),Mean,mcg/m3,UHF34,303,East Harlem,Winter 2011-12,12/01/2011,10.54,
212079,365,Fine particles (PM 2.5),Mean,mcg/m3,UHF34,303,East Harlem,Annual Average 2014,12/01/2013,9.84,
547545,365,Fine particles (PM 2.5),Mean,mcg/m3,UHF34,303,East Harlem,Summer 2017,06/01/2017,10.05,
547547,365,Fine particles (PM 2.5),Mean,mcg/m3,UHF34,303,East Harlem,Winter 2016-17,12/01/2016,8.45,
605841,365,Fine particles (PM 2.5),Mean,mcg/m3,UHF34,303,East Harlem,Summer 2018,06/01/2018,8.72,
170354,365,Fine particles (PM 2.5),Mean,mcg/m3,CD,202,Hunts Point and Longwood (CD2),Annual Average 2012,12/01/2011,10.25,
170342,365,Fine particles (PM 2.5),Mean,mcg/m3,CD,102,Greenwich Village and Soho (CD2),Annual Average 2012,12/01/2011,11.05,
170341,365,Fine particles (PM 2.5),Mean,mcg/m3,CD,101,Financial District (CD1),Annual Average 2012,12/01/2011,11.3,
338278,386,Ozone (O3),Mean,ppb,CD,306,Park Slope and Carroll Gardens (CD6),Summer 2015,06/01/2015,30.03,
338280,386,Ozone (O3),Mean,ppb,CD,308,Crown Heights and Prospect Heights (CD8),Summer 2015,06/01/2015,30.67,
651030,386,Ozone (O3),Mean,ppb,CD,308,Crown Heights and Prospect Heights (CD8),Summer 2019,06/01/2019,29.74,
651028,386,Ozone (O3),Mean,ppb,CD,306,Park Slope and Carroll Gardens (CD6),Summer 2019,06/01/2019,27.6,
651016,386,Ozone (O3),Mean,ppb,CD,206,Belmont and East Tremont (CD6),Summer 2019,06/01/2019,29.49,
176657,375,Nitrogen dioxide (NO2),Mean,ppb,UHF42,305,Upper East Side,Annual Average 2012,12/01/2011,29.5,
176646,375,Nitrogen dioxide (NO2),Mean,ppb,UHF42,205,Sunset Park,Annual Average 2012,12/01/2011,21.09,
176644,375,Nitrogen dioxide (NO2),Mean,ppb,UHF42,203,Bedford Stuyvesant - Crown Heights,Annual Average 2012,12/01/2011,22.88,
176637,375,Nitrogen dioxide (NO2),Mean,ppb,UHF42,103,Fordham - Bronx Pk,Annual Average 2012,12/01/2011,21.01,
175932,375,Nitrogen dioxide (NO2),Mean,ppb,UHF42,205,Sunset Park,Summer 2010,06/01/2010,19.51,
168649,365,Fine particles (PM 2.5),Mean,mcg/m3,CD,208,Riverdale and Fieldston (CD8),Winter 2012-13,12/01/2012,11.32,
170242,365,Fine particles (PM 2.5),Mean,mcg/m3,CD,208,Riverdale and Fieldston (CD8),Annual Average 2010,12/01/2009,10.09,
334241,365,Fine particles (PM 2.5),Mean,mcg/m3,CD,208,Riverdale and Fieldston (CD8),Summer 2015,06/01/2015,9.62,
649952,365,Fine particles (PM 2.5),Mean,mcg/m3,CD,208,Riverdale and Fieldston (CD8),Summer 2019,06/01/2019,7.75,
669866,365,Fine particles (PM 2.5),Mean,mcg/m3,CD,208,Riverdale and Fieldston (CD8),Winter 2019-20,12/01/2019,6.33,
168633,365,Fine particles (PM 2.5),Mean,mcg/m3,CD,104,Clinton and Chelsea (CD4),Winter 2012-13,12/01/2012,13.33,
170226,365,Fine particles (PM 2.5),Mean,mcg/m3,CD,104,Clinton and Chelsea (CD4),Annual Average 2010,12/01/2009,11.95,
649904,365,Fine particles (PM 2.5),Mean,mcg/m3,CD,104,Clinton and Chelsea (CD4),Summer 2019,06/01/2019,10.41,
669597,365,Fine particles (PM 2.5),Mean,mcg/m3,CD,104,Clinton and Chelsea (CD4),Winter 2019-20,12/01/2019,10.55,
179806,640,Boiler Emissions- Total SO2 Emissions,Number per km2,number,UHF42,305,Upper East Side,2015,01/01/2015,39.4,
179775,640,Boiler Emissions- Total SO2 Emissions,Number per km2,number,UHF42,205,Sunset Park,2015,01/01/2015,0.5,
179788,640,Boiler Emissions- Total SO2 Emissions,Number per km2,number,UHF42,203,Bedford Stuyvesant - Crown Heights,2015,01/01/2015,1,
179797,640,Boiler Emissions- Total SO2 Emissions,Number per km2,number,UHF42,103,Fordham - Bronx Pk,2015,01/01/2015,16.6,
130497,642,Boiler Emissions- Total NOx Emissions,Number per km2,number,UHF42,105,Crotona -Tremont,2013,01/01/2013,62.5,
130449,641,Boiler Emissions- Total PM2.5 Emissions,Number per km2,number,UHF42,105,Crotona -Tremont,2013,01/01/2013,2,
130406,640,Boiler Emissions- Total SO2 Emissions,Number per km2,number,UHF42,203,Bedford Stuyvesant - Crown Heights,2013,01/01/2013,0.9,
178471,365,Fine particles (PM 2.5),Mean,mcg/m3,UHF42,403,Flushing - Clearview,Annual Average 2010,12/01/2009,9.34,
649730,365,Fine particles (PM 2.5),Mean,mcg/m3,UHF42,305,Upper East Side,Summer 2019,06/01/2019,9.14,
649724,365,Fine particles (PM 2.5),Mean,mcg/m3,UHF42,303,East Harlem,Summer 2019,06/01/2019,8.27,
178463,365,Fine particles (PM 2.5),Mean,mcg/m3,UHF42,305,Upper East Side,Annual Average 2010,12/01/2009,11.83,
177318,365,Fine particles (PM 2.5),Mean,mcg/m3,UHF42,205,Sunset Park,Winter 2012-13,12/01/2012,10.78,
333986,365,Fine particles (PM 2.5),Mean,mcg/m3,UHF42,205,Sunset Park,Summer 2015,06/01/2015,9.99,
174226,365,Fine particles (PM 2.5),Mean,mcg/m3,UHF34,301,Washington Heights,Annual Average 2012,12/01/2011,9.89,
174233,365,Fine particles (PM 2.5),Mean,mcg/m3,UHF34,405,Ridgewood - Forest Hills,Annual Average 2012,12/01/2011,8.83,
174231,365,Fine particles (PM 2.5),Mean,mcg/m3,UHF34,402,West Queens,Annual Average 2012,12/01/2011,9.46,
174227,365,Fine particles (PM 2.5),Mean,mcg/m3,UHF34,302,Central Harlem - Morningside Heights,Annual Average 2012,12/01/2011,9.99,
173111,365,Fine particles (PM 2.5),Mean,mcg/m3,UHF34,405,Ridgewood - Forest Hills,Winter 2008-09,12/01/2008,13.29,
211880,365,Fine particles (PM 2.5),Mean,mcg/m3,UHF34,405,Ridgewood - Forest Hills,Winter 2013-14,12/01/2013,11.63,
168645,365,Fine particles (PM 2.5),Mean,mcg/m3,CD,204,Highbridge and Concourse (CD4),Winter 2012-13,12/01/2012,12.44,
334229,365,Fine particles (PM 2.5),Mean,mcg/m3,CD,204,Highbridge and Concourse (CD4),Summer 2015,06/01/2015,10.37,
669854,365,Fine particles (PM 2.5),Mean,mcg/m3,CD,204,Highbridge and Concourse (CD4),Winter 2019-20,12/01/2019,7.13,
649940,365,Fine particles (PM 2.5),Mean,mcg/m3,CD,204,Highbridge and Concourse (CD4),Summer 2019,06/01/2019,8.33,
649855,365,Fine particles (PM 2.5),Mean,mcg/m3,UHF34,405,Ridgewood - Forest Hills,Annual Average 2019,01/01/2019,6.56,
605857,365,Fine particles (PM 2.5),Mean,mcg/m3,UHF34,405,Ridgewood - Forest Hills,Winter 2017-18,12/01/2017,8.11,
211878,365,Fine particles (PM 2.5),Mean,mcg/m3,UHF34,402,West Queens,Winter 2013-14,12/01/2013,12.41,
649849,365,Fine particles (PM 2.5),Mean,mcg/m3,UHF34,402,West Queens,Annual Average 2019,01/01/2019,7.35,
605851,365,Fine particles (PM 2.5),Mean,mcg/m3,UHF34,402,West Queens,Winter 2017-18,12/01/2017,8.67,
227523,647,Outdoor Air Toxics - Formaldehyde,Annual average concentration,µg/m3,CD,203,Morrisania and Crotona (CD3),2011,01/01/2011,2,
227549,647,Outdoor Air Toxics - Formaldehyde,Annual average concentration,µg/m3,CD,317,East Flatbush (CD17),2011,01/01/2011,2.2,
227550,647,Outdoor Air Toxics - Formaldehyde,Annual average concentration,µg/m3,CD,318,Flatlands and Canarsie (CD18),2011,01/01/2011,1.8,
130758,647,Outdoor Air Toxics - Formaldehyde,Annual average concentration,µg/m3,UHF42,308,Greenwich Village - SoHo,2005,01/01/2005,4,
130757,647,Outdoor Air Toxics - Formaldehyde,Annual average concentration,µg/m3,UHF42,307,Gramercy Park - Murray Hill,2005,01/01/2005,5.3,
130747,647,Outdoor Air Toxics - Formaldehyde,Annual average concentration,µg/m3,UHF42,208,Canarsie - Flatlands,2005,01/01/2005,2.8,
130746,647,Outdoor Air Toxics - Formaldehyde,Annual average concentration,µg/m3,UHF42,207,East Flatbush - Flatbush,2005,01/01/2005,2.8,
799839,647,Outdoor Air Toxics - Formaldehyde,Annual average concentration,µg/m3,UHF42,307,Gramercy Park - Murray Hill,2014,01/01/2014,1.74,
315662,647,Outdoor Air Toxics - Formaldehyde,Annual average concentration,µg/m3,UHF42,307,Gramercy Park - Murray Hill,2011,01/01/2011,2.8,
799829,647,Outdoor Air Toxics - Formaldehyde,Annual average concentration,µg/m3,UHF42,208,Canarsie - Flatlands,2014,01/01/2014,1.49,
799828,647,Outdoor Air Toxics - Formaldehyde,Annual average concentration,µg/m3,UHF42,207,East Flatbush - Flatbush,2014,01/01/2014,1.55,
799858,646,Outdoor Air Toxics - Benzene,Annual average concentration,µg/m3,Borough,2,Brooklyn,2014,01/01/2014,0.91,
315586,646,Outdoor Air Toxics - Benzene,Annual average concentration,µg/m3,Borough,2,Brooklyn,2011,01/01/2011,1.7,
315624,646,Outdoor Air Toxics - Benzene,Annual average concentration,µg/m3,UHF42,407,Southwest Queens,2011,01/01/2011,1.4,
315604,646,Outdoor Air Toxics - Benzene,Annual average concentration,µg/m3,UHF42,208,Canarsie - Flatlands,2011,01/01/2011,1.1,
315596,646,Outdoor Air Toxics - Benzene,Annual average concentration,µg/m3,UHF42,107,Hunts Point - Mott Haven,2011,01/01/2011,1.4,
799779,646,Outdoor Air Toxics - Benzene,Annual average concentration,µg/m3,UHF42,107,Hunts Point - Mott Haven,2014,01/01/2014,1.06,
130691,646,Outdoor Air Toxics - Benzene,Annual average concentration,µg/m3,UHF42,107,Hunts Point - Mott Haven,2005,01/01/2005,2.8,
130728,646,Outdoor Air Toxics - Benzene,Annual average concentration,µg/m3,Borough,1,Bronx,2005,01/01/2005,2.8,
799798,646,Outdoor Air Toxics - Benzene,Annual average concentration,µg/m3,UHF42,308,Greenwich Village - SoHo,2014,01/01/2014,0.94,
799857,646,Outdoor Air Toxics - Benzene,Annual average concentration,µg/m3,Borough,1,Bronx,2014,01/01/2014,0.94,
171632,375,Nitrogen dioxide (NO2),Mean,ppb,UHF34,202,Downtown - Heights - Slope,Winter 2010-11,12/01/2010,33,
549899,375,Nitrogen dioxide (NO2),Mean,ppb,UHF34,201,Greenpoint,Annual Average 2017,01/01/2017,21.19,
121684,386,Ozone (O3),Mean,ppb,CD,317,East Flatbush (CD17),2-Year Summer Average 2009-2010,06/01/2009,27.06,
549444,386,Ozone (O3),Mean,ppb,CD,317,East Flatbush (CD17),Summer 2017,06/01/2017,30.39,
605347,386,Ozone (O3),Mean,ppb,CD,317,East Flatbush (CD17),Summer 2018,06/01/2018,31.17,
121685,386,Ozone (O3),Mean,ppb,CD,318,Flatlands and Canarsie (CD18),2-Year Summer Average 2009-2010,06/01/2009,28.91,
605321,386,Ozone (O3),Mean,ppb,CD,203,Morrisania and Crotona (CD3),Summer 2018,06/01/2018,30.13,
121646,386,Ozone (O3),Mean,ppb,CD,103,Lower East Side and Chinatown (CD3),2-Year Summer Average 2009-2010,06/01/2009,24.36,
549406,386,Ozone (O3),Mean,ppb,CD,103,Lower East Side and Chinatown (CD3),Summer 2017,06/01/2017,25.91,
605309,386,Ozone (O3),Mean,ppb,CD,103,Lower East Side and Chinatown (CD3),Summer 2018,06/01/2018,27.12,
670900,386,Ozone (O3),Mean,ppb,CD,103,Lower East Side and Chinatown (CD3),Summer 2020,06/01/2020,28.97,
549430,386,Ozone (O3),Mean,ppb,CD,303,Bedford Stuyvesant (CD3),Summer 2017,06/01/2017,28.87,
605333,386,Ozone (O3),Mean,ppb,CD,303,Bedford Stuyvesant (CD3),Summer 2018,06/01/2018,29.68,
671121,386,Ozone (O3),Mean,ppb,CD,303,Bedford Stuyvesant (CD3),Summer 2020,06/01/2020,29.28,
338294,386,Ozone (O3),Mean,ppb,CD,404,Elmhurst and Corona (CD4),Summer 2015,06/01/2015,31.23,
176641,375,Nitrogen dioxide (NO2),Mean,ppb,UHF42,107,Hunts Point - Mott Haven,Annual Average 2012,12/01/2011,22.27,
175969,375,Nitrogen dioxide (NO2),Mean,ppb,UHF42,107,Hunts Point - Mott Haven,Summer 2011,06/01/2011,19.66,
412446,375,Nitrogen dioxide (NO2),Mean,ppb,UHF42,107,Hunts Point - Mott Haven,Summer 2016,06/01/2016,15.59,
740911,375,Nitrogen dioxide (NO2),Mean,ppb,UHF42,107,Hunts Point - Mott Haven,Winter 2020-21,12/01/2020,21.87,
168632,365,Fine particles (PM 2.5),Mean,mcg/m3,CD,103,Lower East Side and Chinatown (CD3),Winter 2012-13,12/01/2012,11.59,
170225,365,Fine particles (PM 2.5),Mean,mcg/m3,CD,103,Lower East Side and Chinatown (CD3),Annual Average 2010,12/01/2009,10.62,
334190,365,Fine particles (PM 2.5),Mean,mcg/m3,CD,103,Lower East Side and Chinatown (CD3),Summer 2015,06/01/2015,10.39,
334226,365,Fine particles (PM 2.5),Mean,mcg/m3,CD,203,Morrisania and Crotona (CD3),Summer 2015,06/01/2015,9.99,
179790,640,Boiler Emissions- Total SO2 Emissions,Number per km2,number,UHF42,207,East Flatbush - Flatbush,2015,01/01/2015,1.7,
130451,641,Boiler Emissions- Total PM2.5 Emissions,Number per km2,number,UHF42,107,Hunts Point - Mott Haven,2013,01/01/2013,0.4,
130499,642,Boiler Emissions- Total NOx Emissions,Number per km2,number,UHF42,107,Hunts Point - Mott Haven,2013,01/01/2013,36.8,
174160,365,Fine particles (PM 2.5),Mean,mcg/m3,UHF34,303,East Harlem,Annual Average 2010,12/01/2009,10.41,
173242,365,Fine particles (PM 2.5),Mean,mcg/m3,UHF34,303,East Harlem,Winter 2012-13,12/01/2012,11.98,
334130,365,Fine particles (PM 2.5),Mean,mcg/m3,UHF34,303,East Harlem,Summer 2015,06/01/2015,10.18,
649841,365,Fine particles (PM 2.5),Mean,mcg/m3,UHF34,303,East Harlem,Summer 2019,06/01/2019,8.27,
669660,365,Fine particles (PM 2.5),Mean,mcg/m3,UHF34,303,East Harlem,Winter 2019-20,12/01/2019,7.83,
170247,365,Fine particles (PM 2.5),Mean,mcg/m3,CD,301,Greenpoint and Williamsburg (CD1),Annual Average 2010,12/01/2009,10.73,
334256,365,Fine particles (PM 2.5),Mean,mcg/m3,CD,301,Greenpoint and Williamsburg (CD1),Summer 2015,06/01/2015,11.08,
649967,365,Fine particles (PM 2.5),Mean,mcg/m3,CD,301,Greenpoint and Williamsburg (CD1),Summer 2019,06/01/2019,9.99,
669881,365,Fine particles (PM 2.5),Mean,mcg/m3,CD,301,Greenpoint and Williamsburg (CD1),Winter 2019-20,12/01/2019,8.6,
173141,365,Fine particles (PM 2.5),Mean,mcg/m3,UHF34,304,Upper West Side,Winter 2009-10,12/01/2009,11.26,
212080,365,Fine particles (PM 2.5),Mean,mcg/m3,UHF34,304,Upper West Side,Annual Average 2014,12/01/2013,10.42,
547550,365,Fine particles (PM 2.5),Mean,mcg/m3,UHF34,304,Upper West Side,Winter 2016-17,12/01/2016,8.59,
547548,365,Fine particles (PM 2.5),Mean,mcg/m3,UHF34,304,Upper West Side,Summer 2017,06/01/2017,10.13,
605844,365,Fine particles (PM 2.5),Mean,mcg/m3,UHF34,304,Upper West Side,Summer 2018,06/01/2018,9.48,
669656,365,Fine particles (PM 2.5),Mean,mcg/m3,UHF34,304,Upper West Side,Summer 2020,06/01/2020,7.24,
173130,365,Fine particles (PM 2.5),Mean,mcg/m3,UHF34,204,East New York,Winter 2009-10,12/01/2009,10.2,
173198,365,Fine particles (PM 2.5),Mean,mcg/m3,UHF34,204,East New York,Winter 2011-12,12/01/2011,9.06,
173197,365,Fine particles (PM 2.5),Mean,mcg/m3,UHF34,203,Bedford Stuyvesant - Crown Heights,Winter 2011-12,12/01/2011,9.47,
212068,365,Fine particles (PM 2.5),Mean,mcg/m3,UHF34,203,Bedford Stuyvesant - Crown Heights,Annual Average 2014,12/01/2013,9.16,
605811,365,Fine particles (PM 2.5),Mean,mcg/m3,UHF34,204,East New York,Summer 2018,06/01/2018,8.41,
173651,365,Fine particles (PM 2.5),Mean,mcg/m3,UHF34,304,Upper West Side,Summer 2010,06/01/2010,13.03,
173685,365,Fine particles (PM 2.5),Mean,mcg/m3,UHF34,304,Upper West Side,Summer 2011,06/01/2011,12.46,
410915,365,Fine particles (PM 2.5),Mean,mcg/m3,UHF34,304,Upper West Side,Winter 2015-16,12/01/2015,8.85,
410916,365,Fine particles (PM 2.5),Mean,mcg/m3,UHF34,304,Upper West Side,Summer 2016,06/01/2016,9.12,
742342,365,Fine particles (PM 2.5),Mean,mcg/m3,UHF34,304,Upper West Side,Winter 2020-21,12/01/2020,6.84,
410883,365,Fine particles (PM 2.5),Mean,mcg/m3,UHF34,204,East New York,Summer 2016,06/01/2016,8.27,
410882,365,Fine particles (PM 2.5),Mean,mcg/m3,UHF34,204,East New York,Winter 2015-16,12/01/2015,8.42,
173639,365,Fine particles (PM 2.5),Mean,mcg/m3,UHF34,203,Bedford Stuyvesant - Crown Heights,Summer 2010,06/01/2010,11.96,
173673,365,Fine particles (PM 2.5),Mean,mcg/m3,UHF34,203,Bedford Stuyvesant - Crown Heights,Summer 2011,06/01/2011,11.54,
410879,365,Fine particles (PM 2.5),Mean,mcg/m3,UHF34,203,Bedford Stuyvesant - Crown Heights,Winter 2015-16,12/01/2015,8.75,
742309,365,Fine particles (PM 2.5),Mean,mcg/m3,UHF34,204,East New York,Winter 2020-21,12/01/2020,6.8,
742306,365,Fine particles (PM 2.5),Mean,mcg/m3,UHF34,203,Bedford Stuyvesant - Crown Heights,Winter 2020-21,12/01/2020,6.78,
173636,365,Fine particles (PM 2.5),Mean,mcg/m3,UHF34,104,Pelham - Throgs Neck,Summer 2010,06/01/2010,11.87,
649697,365,Fine particles (PM 2.5),Mean,mcg/m3,UHF42,205,Sunset Park,Summer 2019,06/01/2019,8.86,
333965,365,Fine particles (PM 2.5),Mean,mcg/m3,UHF42,105,Crotona -Tremont,Summer 2015,06/01/2015,10.33,
177316,365,Fine particles (PM 2.5),Mean,mcg/m3,UHF42,203,Bedford Stuyvesant - Crown Heights,Winter 2012-13,12/01/2012,10.35,
178450,365,Fine particles (PM 2.5),Mean,mcg/m3,UHF42,203,Bedford Stuyvesant - Crown Heights,Annual Average 2010,12/01/2009,9.93,
333980,365,Fine particles (PM 2.5),Mean,mcg/m3,UHF42,203,Bedford Stuyvesant - Crown Heights,Summer 2015,06/01/2015,9.49,
649691,365,Fine particles (PM 2.5),Mean,mcg/m3,UHF42,203,Bedford Stuyvesant - Crown Heights,Summer 2019,06/01/2019,8.11,
412460,375,Nitrogen dioxide (NO2),Mean,ppb,UHF42,205,Sunset Park,Winter 2015-16,12/01/2015,23.69,
740926,375,Nitrogen dioxide (NO2),Mean,ppb,UHF42,205,Sunset Park,Winter 2020-21,12/01/2020,23.41,
412434,375,Nitrogen dioxide (NO2),Mean,ppb,UHF42,103,Fordham - Bronx Pk,Summer 2016,06/01/2016,14.79,
740920,375,Nitrogen dioxide (NO2),Mean,ppb,UHF42,203,Bedford Stuyvesant - Crown Heights,Winter 2020-21,12/01/2020,23.09,
412440,375,Nitrogen dioxide (NO2),Mean,ppb,UHF42,105,Crotona -Tremont,Summer 2016,06/01/2016,16.73,
412439,375,Nitrogen dioxide (NO2),Mean,ppb,UHF42,105,Crotona -Tremont,Winter 2015-16,12/01/2015,24.13,
175972,375,Nitrogen dioxide (NO2),Mean,ppb,UHF42,203,Bedford Stuyvesant - Crown Heights,Summer 2011,06/01/2011,20.67,
412455,375,Nitrogen dioxide (NO2),Mean,ppb,UHF42,203,Bedford Stuyvesant - Crown Heights,Summer 2016,06/01/2016,15.36,
412454,375,Nitrogen dioxide (NO2),Mean,ppb,UHF42,203,Bedford Stuyvesant - Crown Heights,Winter 2015-16,12/01/2015,24.83,
222642,386,Ozone (O3),Mean,ppb,UHF42,503,Willowbrook,Summer 2010,06/01/2010,34.45,
412034,386,Ozone (O3),Mean,ppb,UHF42,503,Willowbrook,Summer 2016,06/01/2016,34.68,
222643,386,Ozone (O3),Mean,ppb,UHF42,503,Willowbrook,Summer 2011,06/01/2011,33.13,
222523,386,Ozone (O3),Mean,ppb,UHF42,303,East Harlem,Summer 2011,06/01/2011,30.25,
222522,386,Ozone (O3),Mean,ppb,UHF42,303,East Harlem,Summer 2010,06/01/2010,30.52,
412014,386,Ozone (O3),Mean,ppb,UHF42,303,East Harlem,Summer 2016,06/01/2016,31.62,
222469,386,Ozone (O3),Mean,ppb,UHF42,205,Sunset Park,Summer 2011,06/01/2011,31.5,
222456,386,Ozone (O3),Mean,ppb,UHF42,203,Bedford Stuyvesant - Crown Heights,Summer 2010,06/01/2010,32.27,
176573,375,Nitrogen dioxide (NO2),Mean,ppb,UHF42,305,Upper East Side,Annual Average 2010,12/01/2009,31.02,
175439,375,Nitrogen dioxide (NO2),Mean,ppb,UHF42,305,Upper East Side,Winter 2012-13,12/01/2012,31.8,
743704,386,Ozone (O3),Mean,ppb,UHF42,305,Upper East Side,Summer 2021,06/01/2021,27.83,
743715,386,Ozone (O3),Mean,ppb,UHF42,205,Sunset Park,Summer 2021,06/01/2021,29.02,
222416,386,Ozone (O3),Mean,ppb,UHF42,103,Fordham - Bronx Pk,Summer 2012,06/01/2012,34.08,
743724,386,Ozone (O3),Mean,ppb,UHF42,103,Fordham - Bronx Pk,Summer 2021,06/01/2021,30,
175293,375,Nitrogen dioxide (NO2),Mean,ppb,UHF42,103,Fordham - Bronx Pk,Winter 2009-10,12/01/2009,23.87,
549772,375,Nitrogen dioxide (NO2),Mean,ppb,UHF42,105,Crotona -Tremont,Summer 2017,06/01/2017,17.12,
667083,375,Nitrogen dioxide (NO2),Mean,ppb,UHF42,105,Crotona -Tremont,Summer 2020,06/01/2020,14.53,
602715,375,Nitrogen dioxide (NO2),Mean,ppb,UHF42,105,Crotona -Tremont,Summer 2018,06/01/2018,15.18,
175295,375,Nitrogen dioxide (NO2),Mean,ppb,UHF42,105,Crotona -Tremont,Winter 2009-10,12/01/2009,27.02,
175379,375,Nitrogen dioxide (NO2),Mean,ppb,UHF42,105,Crotona -Tremont,Winter 2011-12,12/01/2011,25.96,
173670,365,Fine particles (PM 2.5),Mean,mcg/m3,UHF34,104,Pelham - Throgs Neck,Summer 2011,06/01/2011,11.46,
410871,365,Fine particles (PM 2.5),Mean,mcg/m3,UHF34,104,Pelham - Throgs Neck,Summer 2016,06/01/2016,8.06,
410870,365,Fine particles (PM 2.5),Mean,mcg/m3,UHF34,104,Pelham - Throgs Neck,Winter 2015-16,12/01/2015,8.07,
173753,365,Fine particles (PM 2.5),Mean,mcg/m3,UHF34,304,Upper West Side,Summer 2013,06/01/2013,11.38,
742343,365,Fine particles (PM 2.5),Mean,mcg/m3,UHF34,304,Upper West Side,Summer 2021,06/01/2021,8.71,
173742,365,Fine particles (PM 2.5),Mean,mcg/m3,UHF34,204,East New York,Summer 2013,06/01/2013,10.36,
410884,365,Fine particles (PM 2.5),Mean,mcg/m3,UHF34,204,East New York,Annual Average 2016,12/31/2015,7.8,
173707,365,Fine particles (PM 2.5),Mean,mcg/m3,UHF34,203,Bedford Stuyvesant - Crown Heights,Summer 2012,06/01/2012,10.41,
173741,365,Fine particles (PM 2.5),Mean,mcg/m3,UHF34,203,Bedford Stuyvesant - Crown Heights,Summer 2013,06/01/2013,10.32,
410881,365,Fine particles (PM 2.5),Mean,mcg/m3,UHF34,203,Bedford Stuyvesant - Crown Heights,Annual Average 2016,12/31/2015,7.94,
605810,365,Fine particles (PM 2.5),Mean,mcg/m3,UHF34,204,East New York,Annual Average 2018,01/01/2018,7.06,
742310,365,Fine particles (PM 2.5),Mean,mcg/m3,UHF34,204,East New York,Summer 2021,06/01/2021,8.31,
605807,365,Fine particles (PM 2.5),Mean,mcg/m3,UHF34,203,Bedford Stuyvesant - Crown Heights,Annual Average 2018,01/01/2018,7.27,
742307,365,Fine particles (PM 2.5),Mean,mcg/m3,UHF34,203,Bedford Stuyvesant - Crown Heights,Summer 2021,06/01/2021,8.49,
174238,365,Fine particles (PM 2.5),Mean,mcg/m3,UHF34,305307,Upper East Side-Gramercy,Annual Average 2012,12/01/2011,12.14,
174239,365,Fine particles (PM 2.5),Mean,mcg/m3,UHF34,306308,Chelsea-Village,Annual Average 2012,12/01/2011,11.94,
174232,365,Fine particles (PM 2.5),Mean,mcg/m3,UHF34,403,Flushing - Clearview,Annual Average 2012,12/01/2011,8.9,
174228,365,Fine particles (PM 2.5),Mean,mcg/m3,UHF34,303,East Harlem,Annual Average 2012,12/01/2011,9.98,
174229,365,Fine particles (PM 2.5),Mean,mcg/m3,UHF34,304,Upper West Side,Annual Average 2012,12/01/2011,10.46,
174218,365,Fine particles (PM 2.5),Mean,mcg/m3,UHF34,204,East New York,Annual Average 2012,12/01/2011,8.94,
174217,365,Fine particles (PM 2.5),Mean,mcg/m3,UHF34,203,Bedford Stuyvesant - Crown Heights,Annual Average 2012,12/01/2011,9.13,
605854,365,Fine particles (PM 2.5),Mean,mcg/m3,UHF34,403,Flushing - Clearview,Winter 2017-18,12/01/2017,7.94,
649852,365,Fine particles (PM 2.5),Mean,mcg/m3,UHF34,403,Flushing - Clearview,Annual Average 2019,01/01/2019,6.61,
211875,365,Fine particles (PM 2.5),Mean,mcg/m3,UHF34,303,East Harlem,Winter 2013-14,12/01/2013,13.12,
173117,365,Fine particles (PM 2.5),Mean,mcg/m3,UHF34,306308,Chelsea-Village,Winter 2008-09,12/01/2008,16.17,
211886,365,Fine particles (PM 2.5),Mean,mcg/m3,UHF34,306308,Chelsea-Village,Winter 2013-14,12/01/2013,15.31,
649873,365,Fine particles (PM 2.5),Mean,mcg/m3,UHF34,306308,Chelsea-Village,Annual Average 2019,01/01/2019,10.02,
605875,365,Fine particles (PM 2.5),Mean,mcg/m3,UHF34,306308,Chelsea-Village,Winter 2017-18,12/01/2017,10.88,
211885,365,Fine particles (PM 2.5),Mean,mcg/m3,UHF34,305307,Upper East Side-Gramercy,Winter 2013-14,12/01/2013,15.35,
669586,365,Fine particles (PM 2.5),Mean,mcg/m3,CD,201,Mott Haven and Melrose (CD1),Winter 2019-20,12/01/2019,7.25,
173116,365,Fine particles (PM 2.5),Mean,mcg/m3,UHF34,305307,Upper East Side-Gramercy,Winter 2008-09,12/01/2008,16.38,
605872,365,Fine particles (PM 2.5),Mean,mcg/m3,UHF34,305307,Upper East Side-Gramercy,Winter 2017-18,12/01/2017,10.57,
649870,365,Fine particles (PM 2.5),Mean,mcg/m3,UHF34,305307,Upper East Side-Gramercy,Annual Average 2019,01/01/2019,8.98,
173110,365,Fine particles (PM 2.5),Mean,mcg/m3,UHF34,403,Flushing - Clearview,Winter 2008-09,12/01/2008,12.74,
211879,365,Fine particles (PM 2.5),Mean,mcg/m3,UHF34,403,Flushing - Clearview,Winter 2013-14,12/01/2013,11.46,
173617,365,Fine particles (PM 2.5),Mean,mcg/m3,UHF34,304,Upper West Side,Summer 2009,06/01/2009,12.13,
547549,365,Fine particles (PM 2.5),Mean,mcg/m3,UHF34,304,Upper West Side,Annual Average 2017,01/01/2017,8.33,
742344,365,Fine particles (PM 2.5),Mean,mcg/m3,UHF34,304,Upper West Side,Annual Average 2021,01/01/2021,6.8,
173164,365,Fine particles (PM 2.5),Mean,mcg/m3,UHF34,204,East New York,Winter 2010-11,12/01/2010,12.41,
174252,365,Fine particles (PM 2.5),Mean,mcg/m3,UHF34,204,East New York,Annual Average 2013,12/01/2012,8.69,
173163,365,Fine particles (PM 2.5),Mean,mcg/m3,UHF34,203,Bedford Stuyvesant - Crown Heights,Winter 2010-11,12/01/2010,12.79,
174251,365,Fine particles (PM 2.5),Mean,mcg/m3,UHF34,203,Bedford Stuyvesant - Crown Heights,Annual Average 2013,12/01/2012,8.75,
334098,365,Fine particles (PM 2.5),Mean,mcg/m3,UHF34,203,Bedford Stuyvesant - Crown Heights,Winter 2014-15,12/01/2014,9.14,
227521,647,Outdoor Air Toxics - Formaldehyde,Annual average concentration,µg/m3,CD,201,Mott Haven and Melrose (CD1),2011,01/01/2011,2.2,
130759,647,Outdoor Air Toxics - Formaldehyde,Annual average concentration,µg/m3,UHF42,309,Union Square - Lower East Side,2005,01/01/2005,4,
799827,647,Outdoor Air Toxics - Formaldehyde,Annual average concentration,µg/m3,UHF42,206,Borough Park,2014,01/01/2014,1.58,
130722,646,Outdoor Air Toxics - Benzene,Annual average concentration,µg/m3,UHF42,410,Rockaways,2005,01/01/2005,1.4,
130730,646,Outdoor Air Toxics - Benzene,Annual average concentration,µg/m3,Borough,3,Manhattan,2005,01/01/2005,4.7,
799778,646,Outdoor Air Toxics - Benzene,Annual average concentration,µg/m3,UHF42,106,High Bridge - Morrisania,2014,01/01/2014,1.08,
315617,646,Outdoor Air Toxics - Benzene,Annual average concentration,µg/m3,UHF42,310,Lower Manhattan,2011,01/01/2011,2.1,
799800,646,Outdoor Air Toxics - Benzene,Annual average concentration,µg/m3,UHF42,310,Lower Manhattan,2014,01/01/2014,0.85,
315616,646,Outdoor Air Toxics - Benzene,Annual average concentration,µg/m3,UHF42,309,Union Square - Lower East Side,2011,01/01/2011,2.3,
315605,646,Outdoor Air Toxics - Benzene,Annual average concentration,µg/m3,UHF42,209,Bensonhurst - Bay Ridge,2011,01/01/2011,1.6,
315587,646,Outdoor Air Toxics - Benzene,Annual average concentration,µg/m3,Borough,3,Manhattan,2011,01/01/2011,2.1,
315626,646,Outdoor Air Toxics - Benzene,Annual average concentration,µg/m3,UHF42,409,Southeast Queens,2011,01/01/2011,1.1,
315595,646,Outdoor Air Toxics - Benzene,Annual average concentration,µg/m3,UHF42,106,High Bridge - Morrisania,2011,01/01/2011,1.6,
799842,647,Outdoor Air Toxics - Formaldehyde,Annual average concentration,µg/m3,UHF42,310,Lower Manhattan,2014,01/01/2014,1.48,
315653,647,Outdoor Air Toxics - Formaldehyde,Annual average concentration,µg/m3,UHF42,209,Bensonhurst - Bay Ridge,2011,01/01/2011,2,
130760,647,Outdoor Air Toxics - Formaldehyde,Annual average concentration,µg/m3,UHF42,310,Lower Manhattan,2005,01/01/2005,4.2,
130745,647,Outdoor Air Toxics - Formaldehyde,Annual average concentration,µg/m3,UHF42,206,Borough Park,2005,01/01/2005,2.9,
130738,647,Outdoor Air Toxics - Formaldehyde,Annual average concentration,µg/m3,UHF42,106,High Bridge - Morrisania,2005,01/01/2005,3.6,
605332,386,Ozone (O3),Mean,ppb,CD,302,Fort Greene and Brooklyn Heights (CD2),Summer 2018,06/01/2018,28.47,
671122,386,Ozone (O3),Mean,ppb,CD,302,Fort Greene and Brooklyn Heights (CD2),Summer 2020,06/01/2020,28.93,
130489,641,Boiler Emissions- Total PM2.5 Emissions,Number per km2,number,Borough,2,Brooklyn,2013,01/01/2013,0.1,
333992,365,Fine particles (PM 2.5),Mean,mcg/m3,UHF42,207,East Flatbush - Flatbush,Summer 2015,06/01/2015,9.29,
649703,365,Fine particles (PM 2.5),Mean,mcg/m3,UHF42,207,East Flatbush - Flatbush,Summer 2019,06/01/2019,7.87,
669798,365,Fine particles (PM 2.5),Mean,mcg/m3,UHF42,207,East Flatbush - Flatbush,Winter 2019-20,12/01/2019,7.47,
334025,365,Fine particles (PM 2.5),Mean,mcg/m3,UHF42,307,Gramercy Park - Murray Hill,Summer 2015,06/01/2015,12.47,
177313,365,Fine particles (PM 2.5),Mean,mcg/m3,UHF42,107,Hunts Point - Mott Haven,Winter 2012-13,12/01/2012,9.82,
178447,365,Fine particles (PM 2.5),Mean,mcg/m3,UHF42,107,Hunts Point - Mott Haven,Annual Average 2010,12/01/2009,10.48,
333971,365,Fine particles (PM 2.5),Mean,mcg/m3,UHF42,107,Hunts Point - Mott Haven,Summer 2015,06/01/2015,10.35,
669819,365,Fine particles (PM 2.5),Mean,mcg/m3,UHF42,107,Hunts Point - Mott Haven,Winter 2019-20,12/01/2019,7.34,
177321,365,Fine particles (PM 2.5),Mean,mcg/m3,UHF42,208,Canarsie - Flatlands,Winter 2012-13,12/01/2012,9.83,
174249,365,Fine particles (PM 2.5),Mean,mcg/m3,UHF34,201,Greenpoint,Annual Average 2013,12/01/2012,10,
173603,365,Fine particles (PM 2.5),Mean,mcg/m3,UHF34,201,Greenpoint,Summer 2009,06/01/2009,12.17,
547507,365,Fine particles (PM 2.5),Mean,mcg/m3,UHF34,201,Greenpoint,Annual Average 2017,01/01/2017,8.98,
173158,365,Fine particles (PM 2.5),Mean,mcg/m3,UHF34,102,Northeast Bronx,Winter 2010-11,12/01/2010,13.35,
173172,365,Fine particles (PM 2.5),Mean,mcg/m3,UHF34,301,Washington Heights,Winter 2010-11,12/01/2010,14.6,
174260,365,Fine particles (PM 2.5),Mean,mcg/m3,UHF34,301,Washington Heights,Annual Average 2013,12/01/2012,9.48,
222480,386,Ozone (O3),Mean,ppb,UHF42,207,East Flatbush - Flatbush,Summer 2010,06/01/2010,33.33,
222546,386,Ozone (O3),Mean,ppb,UHF42,307,Gramercy Park - Murray Hill,Summer 2010,06/01/2010,23.9,
222547,386,Ozone (O3),Mean,ppb,UHF42,307,Gramercy Park - Murray Hill,Summer 2011,06/01/2011,22.59,
412007,386,Ozone (O3),Mean,ppb,UHF42,207,East Flatbush - Flatbush,Summer 2016,06/01/2016,33.66,
336563,375,Nitrogen dioxide (NO2),Mean,ppb,UHF42,307,Gramercy Park - Murray Hill,Summer 2015,06/01/2015,27.72,
222441,386,Ozone (O3),Mean,ppb,UHF42,107,Hunts Point - Mott Haven,Summer 2013,06/01/2013,31.59,
222440,386,Ozone (O3),Mean,ppb,UHF42,107,Hunts Point - Mott Haven,Summer 2012,06/01/2012,34.98,
173162,365,Fine particles (PM 2.5),Mean,mcg/m3,UHF34,202,Downtown - Heights - Slope,Winter 2010-11,12/01/2010,13.85,
173604,365,Fine particles (PM 2.5),Mean,mcg/m3,UHF34,202,Downtown - Heights - Slope,Summer 2009,06/01/2009,11.71,
174250,365,Fine particles (PM 2.5),Mean,mcg/m3,UHF34,202,Downtown - Heights - Slope,Annual Average 2013,12/01/2012,9.46,
334095,365,Fine particles (PM 2.5),Mean,mcg/m3,UHF34,202,Downtown - Heights - Slope,Winter 2014-15,12/01/2014,10.05,
742305,365,Fine particles (PM 2.5),Mean,mcg/m3,UHF34,202,Downtown - Heights - Slope,Annual Average 2021,01/01/2021,7.1,
174246,365,Fine particles (PM 2.5),Mean,mcg/m3,UHF34,102,Northeast Bronx,Annual Average 2013,12/01/2012,8.73,
173195,365,Fine particles (PM 2.5),Mean,mcg/m3,UHF34,201,Greenpoint,Winter 2011-12,12/01/2011,10.37,
173127,365,Fine particles (PM 2.5),Mean,mcg/m3,UHF34,201,Greenpoint,Winter 2009-10,12/01/2009,10.22,
212066,365,Fine particles (PM 2.5),Mean,mcg/m3,UHF34,201,Greenpoint,Annual Average 2014,12/01/2013,10.54,
173138,365,Fine particles (PM 2.5),Mean,mcg/m3,UHF34,301,Washington Heights,Winter 2009-10,12/01/2009,12.13,
121668,386,Ozone (O3),Mean,ppb,CD,301,Greenpoint and Williamsburg (CD1),2-Year Summer Average 2009-2010,06/01/2009,27.07,
605331,386,Ozone (O3),Mean,ppb,CD,301,Greenpoint and Williamsburg (CD1),Summer 2018,06/01/2018,28.94,
670878,386,Ozone (O3),Mean,ppb,CD,301,Greenpoint and Williamsburg (CD1),Summer 2020,06/01/2020,29.57,
121656,386,Ozone (O3),Mean,ppb,CD,201,Mott Haven and Melrose (CD1),2-Year Summer Average 2009-2010,06/01/2009,26.96,
605319,386,Ozone (O3),Mean,ppb,CD,201,Mott Haven and Melrose (CD1),Summer 2018,06/01/2018,29.7,
670890,386,Ozone (O3),Mean,ppb,CD,201,Mott Haven and Melrose (CD1),Summer 2020,06/01/2020,30.55,
121645,386,Ozone (O3),Mean,ppb,CD,102,Greenwich Village and Soho (CD2),2-Year Summer Average 2009-2010,06/01/2009,23.68,
121644,386,Ozone (O3),Mean,ppb,CD,101,Financial District (CD1),2-Year Summer Average 2009-2010,06/01/2009,22.87,
338306,386,Ozone (O3),Mean,ppb,CD,502,South Beach and Willowbrook (CD2),Summer 2015,06/01/2015,32.47,
651056,386,Ozone (O3),Mean,ppb,CD,502,South Beach and Willowbrook (CD2),Summer 2019,06/01/2019,29.51,
176651,375,Nitrogen dioxide (NO2),Mean,ppb,UHF42,210,Coney Island - Sheepshead Bay,Annual Average 2012,12/01/2011,17.21,
168643,365,Fine particles (PM 2.5),Mean,mcg/m3,CD,202,Hunts Point and Longwood (CD2),Winter 2012-13,12/01/2012,11.88,
170236,365,Fine particles (PM 2.5),Mean,mcg/m3,CD,202,Hunts Point and Longwood (CD2),Annual Average 2010,12/01/2009,10.71,
649934,365,Fine particles (PM 2.5),Mean,mcg/m3,CD,202,Hunts Point and Longwood (CD2),Summer 2019,06/01/2019,9,
669589,365,Fine particles (PM 2.5),Mean,mcg/m3,CD,202,Hunts Point and Longwood (CD2),Winter 2019-20,12/01/2019,7.52,
168631,365,Fine particles (PM 2.5),Mean,mcg/m3,CD,102,Greenwich Village and Soho (CD2),Winter 2012-13,12/01/2012,12.67,
179782,640,Boiler Emissions- Total SO2 Emissions,Number per km2,number,UHF42,210,Coney Island - Sheepshead Bay,2015,01/01/2015,0.7,
130413,640,Boiler Emissions- Total SO2 Emissions,Number per km2,number,UHF42,210,Coney Island - Sheepshead Bay,2013,01/01/2013,0.9,
649700,365,Fine particles (PM 2.5),Mean,mcg/m3,UHF42,206,Borough Park,Summer 2019,06/01/2019,7.91,
669801,365,Fine particles (PM 2.5),Mean,mcg/m3,UHF42,206,Borough Park,Winter 2019-20,12/01/2019,7.49,
177322,365,Fine particles (PM 2.5),Mean,mcg/m3,UHF42,209,Bensonhurst - Bay Ridge,Winter 2012-13,12/01/2012,9.88,
669822,365,Fine particles (PM 2.5),Mean,mcg/m3,UHF42,106,High Bridge - Morrisania,Winter 2019-20,12/01/2019,7.11,
669792,365,Fine particles (PM 2.5),Mean,mcg/m3,UHF42,209,Bensonhurst - Bay Ridge,Winter 2019-20,12/01/2019,7.56,
649709,365,Fine particles (PM 2.5),Mean,mcg/m3,UHF42,209,Bensonhurst - Bay Ridge,Summer 2019,06/01/2019,7.79,
177323,365,Fine particles (PM 2.5),Mean,mcg/m3,UHF42,210,Coney Island - Sheepshead Bay,Winter 2012-13,12/01/2012,9.75,
173602,365,Fine particles (PM 2.5),Mean,mcg/m3,UHF34,104,Pelham - Throgs Neck,Summer 2009,06/01/2009,10.44,
742308,365,Fine particles (PM 2.5),Mean,mcg/m3,UHF34,203,Bedford Stuyvesant - Crown Heights,Annual Average 2021,01/01/2021,6.61,
740938,375,Nitrogen dioxide (NO2),Mean,ppb,UHF42,209,Bensonhurst - Bay Ridge,Winter 2020-21,12/01/2020,22.26,
175937,375,Nitrogen dioxide (NO2),Mean,ppb,UHF42,210,Coney Island - Sheepshead Bay,Summer 2010,06/01/2010,14.02,
175979,375,Nitrogen dioxide (NO2),Mean,ppb,UHF42,210,Coney Island - Sheepshead Bay,Summer 2011,06/01/2011,14.22,
222564,386,Ozone (O3),Mean,ppb,UHF42,310,Lower Manhattan,Summer 2010,06/01/2010,26.89,
222565,386,Ozone (O3),Mean,ppb,UHF42,310,Lower Manhattan,Summer 2011,06/01/2011,25.07,
412021,386,Ozone (O3),Mean,ppb,UHF42,310,Lower Manhattan,Summer 2016,06/01/2016,29.73,
222492,386,Ozone (O3),Mean,ppb,UHF42,209,Bensonhurst - Bay Ridge,Summer 2010,06/01/2010,34.5,
222493,386,Ozone (O3),Mean,ppb,UHF42,209,Bensonhurst - Bay Ridge,Summer 2011,06/01/2011,33.85,
174248,365,Fine particles (PM 2.5),Mean,mcg/m3,UHF34,104,Pelham - Throgs Neck,Annual Average 2013,12/01/2012,8.74,
334089,365,Fine particles (PM 2.5),Mean,mcg/m3,UHF34,104,Pelham - Throgs Neck,Winter 2014-15,12/01/2014,9.87,
547504,365,Fine particles (PM 2.5),Mean,mcg/m3,UHF34,104,Pelham - Throgs Neck,Annual Average 2017,01/01/2017,7.52,
742299,365,Fine particles (PM 2.5),Mean,mcg/m3,UHF34,104,Pelham - Throgs Neck,Annual Average 2021,01/01/2021,6.6,
547501,365,Fine particles (PM 2.5),Mean,mcg/m3,UHF34,103,Fordham - Bronx Pk,Annual Average 2017,01/01/2017,7.52,
742296,365,Fine particles (PM 2.5),Mean,mcg/m3,UHF34,103,Fordham - Bronx Pk,Annual Average 2021,01/01/2021,6.58,
547516,365,Fine particles (PM 2.5),Mean,mcg/m3,UHF34,204,East New York,Annual Average 2017,01/01/2017,7.52,
669689,365,Fine particles (PM 2.5),Mean,mcg/m3,UHF34,204,East New York,Summer 2020,06/01/2020,6.89,
547512,365,Fine particles (PM 2.5),Mean,mcg/m3,UHF34,203,Bedford Stuyvesant - Crown Heights,Summer 2017,06/01/2017,9.14,
547514,365,Fine particles (PM 2.5),Mean,mcg/m3,UHF34,203,Bedford Stuyvesant - Crown Heights,Winter 2016-17,12/01/2016,7.94,
605808,365,Fine particles (PM 2.5),Mean,mcg/m3,UHF34,203,Bedford Stuyvesant - Crown Heights,Summer 2018,06/01/2018,8.48,
173194,365,Fine particles (PM 2.5),Mean,mcg/m3,UHF34,104,Pelham - Throgs Neck,Winter 2011-12,12/01/2011,9.45,
212065,365,Fine particles (PM 2.5),Mean,mcg/m3,UHF34,104,Pelham - Throgs Neck,Annual Average 2014,12/01/2013,8.97,
669701,365,Fine particles (PM 2.5),Mean,mcg/m3,UHF34,104,Pelham - Throgs Neck,Summer 2020,06/01/2020,7.14,
605799,365,Fine particles (PM 2.5),Mean,mcg/m3,UHF34,104,Pelham - Throgs Neck,Summer 2018,06/01/2018,8.39,
547503,365,Fine particles (PM 2.5),Mean,mcg/m3,UHF34,104,Pelham - Throgs Neck,Summer 2017,06/01/2017,9.29,
547505,365,Fine particles (PM 2.5),Mean,mcg/m3,UHF34,104,Pelham - Throgs Neck,Winter 2016-17,12/01/2016,8.18,
547500,365,Fine particles (PM 2.5),Mean,mcg/m3,UHF34,103,Fordham - Bronx Pk,Summer 2017,06/01/2017,9.39,
605796,365,Fine particles (PM 2.5),Mean,mcg/m3,UHF34,103,Fordham - Bronx Pk,Summer 2018,06/01/2018,8.55,
669704,365,Fine particles (PM 2.5),Mean,mcg/m3,UHF34,103,Fordham - Bronx Pk,Summer 2020,06/01/2020,7.22,
547515,365,Fine particles (PM 2.5),Mean,mcg/m3,UHF34,204,East New York,Summer 2017,06/01/2017,9.05,
743721,386,Ozone (O3),Mean,ppb,UHF42,106,High Bridge - Morrisania,Summer 2021,06/01/2021,29.2,
743711,386,Ozone (O3),Mean,ppb,UHF42,209,Bensonhurst - Bay Ridge,Summer 2021,06/01/2021,30.41,
219980,386,Ozone (O3),Mean,ppb,Borough,3,Manhattan,Summer 2012,06/01/2012,29.21,
336527,375,Nitrogen dioxide (NO2),Mean,ppb,UHF42,206,Borough Park,Summer 2015,06/01/2015,14.55,
338208,386,Ozone (O3),Mean,ppb,UHF42,409,Southeast Queens,Summer 2015,06/01/2015,32.51,
212547,375,Nitrogen dioxide (NO2),Mean,ppb,UHF42,106,High Bridge - Morrisania,Annual Average 2014,12/01/2013,22.56,
549775,375,Nitrogen dioxide (NO2),Mean,ppb,UHF42,106,High Bridge - Morrisania,Summer 2017,06/01/2017,17.68,
549777,375,Nitrogen dioxide (NO2),Mean,ppb,UHF42,106,High Bridge - Morrisania,Winter 2016-17,12/01/2016,27.97,
602718,375,Nitrogen dioxide (NO2),Mean,ppb,UHF42,106,High Bridge - Morrisania,Summer 2018,06/01/2018,15.85,
173206,365,Fine particles (PM 2.5),Mean,mcg/m3,UHF34,301,Washington Heights,Winter 2011-12,12/01/2011,10.96,
212077,365,Fine particles (PM 2.5),Mean,mcg/m3,UHF34,301,Washington Heights,Annual Average 2014,12/01/2013,9.49,
173128,365,Fine particles (PM 2.5),Mean,mcg/m3,UHF34,202,Downtown - Heights - Slope,Winter 2009-10,12/01/2009,10.67,
173196,365,Fine particles (PM 2.5),Mean,mcg/m3,UHF34,202,Downtown - Heights - Slope,Winter 2011-12,12/01/2011,10.44,
212067,365,Fine particles (PM 2.5),Mean,mcg/m3,UHF34,202,Downtown - Heights - Slope,Annual Average 2014,12/01/2013,9.99,
669695,365,Fine particles (PM 2.5),Mean,mcg/m3,UHF34,202,Downtown - Heights - Slope,Summer 2020,06/01/2020,7.41,
743720,386,Ozone (O3),Mean,ppb,UHF42,107,Hunts Point - Mott Haven,Summer 2021,06/01/2021,29.45,
743730,386,Ozone (O3),Mean,ppb,Borough,2,Brooklyn,Summer 2021,06/01/2021,30.46,
219975,386,Ozone (O3),Mean,ppb,Borough,2,Brooklyn,Summer 2013,06/01/2013,31.13,
222489,386,Ozone (O3),Mean,ppb,UHF42,208,Canarsie - Flatlands,Summer 2013,06/01/2013,33.7,
222488,386,Ozone (O3),Mean,ppb,UHF42,208,Canarsie - Flatlands,Summer 2012,06/01/2012,36.6,
743731,386,Ozone (O3),Mean,ppb,Borough,1,Bronx,Summer 2021,06/01/2021,29.84,
219968,386,Ozone (O3),Mean,ppb,Borough,1,Bronx,Summer 2012,06/01/2012,34.61,
336530,375,Nitrogen dioxide (NO2),Mean,ppb,UHF42,207,East Flatbush - Flatbush,Summer 2015,06/01/2015,14.54,
667136,375,Nitrogen dioxide (NO2),Mean,ppb,UHF42,207,East Flatbush - Flatbush,Winter 2019-20,12/01/2019,26.13,
605805,365,Fine particles (PM 2.5),Mean,mcg/m3,UHF34,202,Downtown - Heights - Slope,Summer 2018,06/01/2018,8.91,
547511,365,Fine particles (PM 2.5),Mean,mcg/m3,UHF34,202,Downtown - Heights - Slope,Winter 2016-17,12/01/2016,8.52,
173124,365,Fine particles (PM 2.5),Mean,mcg/m3,UHF34,102,Northeast Bronx,Winter 2009-10,12/01/2009,10.23,
212063,365,Fine particles (PM 2.5),Mean,mcg/m3,UHF34,102,Northeast Bronx,Annual Average 2014,12/01/2013,9,
669707,365,Fine particles (PM 2.5),Mean,mcg/m3,UHF34,102,Northeast Bronx,Summer 2020,06/01/2020,7.17,
547497,365,Fine particles (PM 2.5),Mean,mcg/m3,UHF34,102,Northeast Bronx,Summer 2017,06/01/2017,9.25,
173123,365,Fine particles (PM 2.5),Mean,mcg/m3,UHF34,101,Kingsbridge - Riverdale,Winter 2009-10,12/01/2009,11.5,
173191,365,Fine particles (PM 2.5),Mean,mcg/m3,UHF34,101,Kingsbridge - Riverdale,Winter 2011-12,12/01/2011,9.89,
212062,365,Fine particles (PM 2.5),Mean,mcg/m3,UHF34,101,Kingsbridge - Riverdale,Annual Average 2014,12/01/2013,9,
547494,365,Fine particles (PM 2.5),Mean,mcg/m3,UHF34,101,Kingsbridge - Riverdale,Summer 2017,06/01/2017,9.46,
174159,365,Fine particles (PM 2.5),Mean,mcg/m3,UHF34,302,Central Harlem - Morningside Heights,Annual Average 2010,12/01/2009,10.62,
334127,365,Fine particles (PM 2.5),Mean,mcg/m3,UHF34,302,Central Harlem - Morningside Heights,Summer 2015,06/01/2015,9.99,
649802,365,Fine particles (PM 2.5),Mean,mcg/m3,UHF34,201,Greenpoint,Summer 2019,06/01/2019,9.93,
334091,365,Fine particles (PM 2.5),Mean,mcg/m3,UHF34,201,Greenpoint,Summer 2015,06/01/2015,11,
173638,365,Fine particles (PM 2.5),Mean,mcg/m3,UHF34,202,Downtown - Heights - Slope,Summer 2010,06/01/2010,12.73,
410876,365,Fine particles (PM 2.5),Mean,mcg/m3,UHF34,202,Downtown - Heights - Slope,Winter 2015-16,12/01/2015,9.84,
742303,365,Fine particles (PM 2.5),Mean,mcg/m3,UHF34,202,Downtown - Heights - Slope,Winter 2020-21,12/01/2020,7.31,
179283,375,Nitrogen dioxide (NO2),Mean,ppb,Borough,1,Bronx,Winter 2011-12,12/01/2011,23.48,
602691,375,Nitrogen dioxide (NO2),Mean,ppb,Borough,2,Brooklyn,Summer 2018,06/01/2018,12.54,
172073,375,Nitrogen dioxide (NO2),Mean,ppb,UHF34,201,Greenpoint,Summer 2009,06/01/2009,22.6,
171631,375,Nitrogen dioxide (NO2),Mean,ppb,UHF34,201,Greenpoint,Winter 2010-11,12/01/2010,32.23,
172719,375,Nitrogen dioxide (NO2),Mean,ppb,UHF34,201,Greenpoint,Annual Average 2013,12/01/2012,22.85,
171598,375,Nitrogen dioxide (NO2),Mean,ppb,UHF34,202,Downtown - Heights - Slope,Winter 2009-10,12/01/2009,29.32,
549898,375,Nitrogen dioxide (NO2),Mean,ppb,UHF34,201,Greenpoint,Summer 2017,06/01/2017,16.36,
549900,375,Nitrogen dioxide (NO2),Mean,ppb,UHF34,201,Greenpoint,Winter 2016-17,12/01/2016,26.74,
602841,375,Nitrogen dioxide (NO2),Mean,ppb,UHF34,201,Greenpoint,Summer 2018,06/01/2018,17.47,
171665,375,Nitrogen dioxide (NO2),Mean,ppb,UHF34,201,Greenpoint,Winter 2011-12,12/01/2011,26.94,
171597,375,Nitrogen dioxide (NO2),Mean,ppb,UHF34,201,Greenpoint,Winter 2009-10,12/01/2009,28.07,
211760,375,Nitrogen dioxide (NO2),Mean,ppb,UHF34,201,Greenpoint,Annual Average 2014,12/01/2013,22.43,
171711,375,Nitrogen dioxide (NO2),Mean,ppb,UHF34,302,Central Harlem - Morningside Heights,Winter 2012-13,12/01/2012,29.88,
172629,375,Nitrogen dioxide (NO2),Mean,ppb,UHF34,302,Central Harlem - Morningside Heights,Annual Average 2010,12/01/2009,27.83,
336665,375,Nitrogen dioxide (NO2),Mean,ppb,UHF34,302,Central Harlem - Morningside Heights,Summer 2015,06/01/2015,19.02,
643493,375,Nitrogen dioxide (NO2),Mean,ppb,UHF34,302,Central Harlem - Morningside Heights,Summer 2019,06/01/2019,16.78,
667406,375,Nitrogen dioxide (NO2),Mean,ppb,UHF34,302,Central Harlem - Morningside Heights,Winter 2019-20,12/01/2019,26.6,
667400,375,Nitrogen dioxide (NO2),Mean,ppb,UHF34,301,Washington Heights,Winter 2019-20,12/01/2019,24.61,
643490,375,Nitrogen dioxide (NO2),Mean,ppb,UHF34,301,Washington Heights,Summer 2019,06/01/2019,14.03,
741031,375,Nitrogen dioxide (NO2),Mean,ppb,UHF34,201,Greenpoint,Winter 2020-21,12/01/2020,24.77,
412565,375,Nitrogen dioxide (NO2),Mean,ppb,UHF34,201,Greenpoint,Winter 2015-16,12/01/2015,25.71,
412566,375,Nitrogen dioxide (NO2),Mean,ppb,UHF34,201,Greenpoint,Summer 2016,06/01/2016,16.59,
172141,375,Nitrogen dioxide (NO2),Mean,ppb,UHF34,201,Greenpoint,Summer 2011,06/01/2011,21.34,
172107,375,Nitrogen dioxide (NO2),Mean,ppb,UHF34,201,Greenpoint,Summer 2010,06/01/2010,21.41,
172142,375,Nitrogen dioxide (NO2),Mean,ppb,UHF34,202,Downtown - Heights - Slope,Summer 2011,06/01/2011,22.21,
172108,375,Nitrogen dioxide (NO2),Mean,ppb,UHF34,202,Downtown - Heights - Slope,Summer 2010,06/01/2010,22.6,
412569,375,Nitrogen dioxide (NO2),Mean,ppb,UHF34,202,Downtown - Heights - Slope,Summer 2016,06/01/2016,17.32,
221814,386,Ozone (O3),Mean,ppb,UHF34,201,Greenpoint,Summer 2010,06/01/2010,32.54,
221815,386,Ozone (O3),Mean,ppb,UHF34,201,Greenpoint,Summer 2011,06/01/2011,31.61,
412040,386,Ozone (O3),Mean,ppb,UHF34,201,Greenpoint,Summer 2016,06/01/2016,32.96,
221887,386,Ozone (O3),Mean,ppb,UHF34,302,Central Harlem - Morningside Heights,Summer 2011,06/01/2011,29.4,
221886,386,Ozone (O3),Mean,ppb,UHF34,302,Central Harlem - Morningside Heights,Summer 2010,06/01/2010,29.75,
221880,386,Ozone (O3),Mean,ppb,UHF34,301,Washington Heights,Summer 2010,06/01/2010,30.54,
605236,386,Ozone (O3),Mean,ppb,UHF42,107,Hunts Point - Mott Haven,Summer 2018,06/01/2018,30.62,
549333,386,Ozone (O3),Mean,ppb,UHF42,107,Hunts Point - Mott Haven,Summer 2017,06/01/2017,29.41,
670973,386,Ozone (O3),Mean,ppb,UHF42,107,Hunts Point - Mott Haven,Summer 2020,06/01/2020,31.49,
605226,386,Ozone (O3),Mean,ppb,Borough,2,Brooklyn,Summer 2018,06/01/2018,30.87,
411057,365,Fine particles (PM 2.5),Mean,mcg/m3,CD,307,Sunset Park (CD7),Summer 2016,06/01/2016,9,
411056,365,Fine particles (PM 2.5),Mean,mcg/m3,CD,307,Sunset Park (CD7),Winter 2015-16,12/01/2015,9.47,
742483,365,Fine particles (PM 2.5),Mean,mcg/m3,CD,307,Sunset Park (CD7),Winter 2020-21,12/01/2020,7.28,
177306,365,Fine particles (PM 2.5),Mean,mcg/m3,UHF42,504,South Beach - Tottenville,Winter 2011-12,12/01/2011,8.5,
742447,365,Fine particles (PM 2.5),Mean,mcg/m3,CD,207,Kingsbridge Heights and Bedford (CD7),Winter 2020-21,12/01/2020,6.49,
177852,365,Fine particles (PM 2.5),Mean,mcg/m3,UHF42,504,South Beach - Tottenville,Summer 2010,06/01/2010,11.25,
177828,365,Fine particles (PM 2.5),Mean,mcg/m3,UHF42,211,Williamsburg - Bushwick,Summer 2010,06/01/2010,13.92,
177870,365,Fine particles (PM 2.5),Mean,mcg/m3,UHF42,211,Williamsburg - Bushwick,Summer 2011,06/01/2011,13.48,
410786,365,Fine particles (PM 2.5),Mean,mcg/m3,UHF42,211,Williamsburg - Bushwick,Winter 2015-16,12/01/2015,9.44,
177198,365,Fine particles (PM 2.5),Mean,mcg/m3,UHF42,211,Williamsburg - Bushwick,Winter 2009-10,12/01/2009,11.25,
212937,365,Fine particles (PM 2.5),Mean,mcg/m3,UHF42,211,Williamsburg - Bushwick,Annual Average 2014,12/01/2013,9.84,
547421,365,Fine particles (PM 2.5),Mean,mcg/m3,UHF42,211,Williamsburg - Bushwick,Winter 2016-17,12/01/2016,8.62,
547432,365,Fine particles (PM 2.5),Mean,mcg/m3,UHF42,304,Upper West Side,Annual Average 2017,01/01/2017,8.33,
178500,365,Fine particles (PM 2.5),Mean,mcg/m3,UHF42,211,Williamsburg - Bushwick,Annual Average 2011,12/01/2010,10.88,
178416,365,Fine particles (PM 2.5),Mean,mcg/m3,UHF42,211,Williamsburg - Bushwick,Annual Average 2009,12/01/2008,11.36,
212811,365,Fine particles (PM 2.5),Mean,mcg/m3,UHF42,211,Williamsburg - Bushwick,Summer 2014,06/01/2014,10.93,
334003,365,Fine particles (PM 2.5),Mean,mcg/m3,UHF42,211,Williamsburg - Bushwick,Annual Average 2015,01/01/2015,9.61,
178420,365,Fine particles (PM 2.5),Mean,mcg/m3,UHF42,304,Upper West Side,Annual Average 2009,12/01/2008,12.18,
669787,365,Fine particles (PM 2.5),Mean,mcg/m3,UHF42,211,Williamsburg - Bushwick,Annual Average 2020,01/01/2020,6.72,
130428,640,Boiler Emissions- Total SO2 Emissions,Number per km2,number,UHF42,404,Bayside - Little Neck,2013,01/01/2013,1.6,
177874,365,Fine particles (PM 2.5),Mean,mcg/m3,UHF42,304,Upper West Side,Summer 2011,06/01/2011,12.46,
177832,365,Fine particles (PM 2.5),Mean,mcg/m3,UHF42,304,Upper West Side,Summer 2010,06/01/2010,13.03,
742213,365,Fine particles (PM 2.5),Mean,mcg/m3,UHF42,211,Williamsburg - Bushwick,Winter 2020-21,12/01/2020,7.49,
130418,640,Boiler Emissions- Total SO2 Emissions,Number per km2,number,UHF42,304,Upper West Side,2013,01/01/2013,99.7,
130534,642,Boiler Emissions- Total NOx Emissions,Number per km2,number,UHF42,504,South Beach - Tottenville,2013,01/01/2013,2,
168471,365,Fine particles (PM 2.5),Mean,mcg/m3,CD,207,Kingsbridge Heights and Bedford (CD7),Winter 2009-10,12/01/2009,12.02,
214126,365,Fine particles (PM 2.5),Mean,mcg/m3,CD,207,Kingsbridge Heights and Bedford (CD7),Annual Average 2014,12/01/2013,9.48,
547655,365,Fine particles (PM 2.5),Mean,mcg/m3,CD,207,Kingsbridge Heights and Bedford (CD7),Winter 2016-17,12/01/2016,8.26,
547653,365,Fine particles (PM 2.5),Mean,mcg/m3,CD,207,Kingsbridge Heights and Bedford (CD7),Summer 2017,06/01/2017,9.6,
412551,375,Nitrogen dioxide (NO2),Mean,ppb,UHF42,504,South Beach - Tottenville,Summer 2016,06/01/2016,6.73,
741016,375,Nitrogen dioxide (NO2),Mean,ppb,UHF42,504,South Beach - Tottenville,Winter 2020-21,12/01/2020,17.54,
175994,375,Nitrogen dioxide (NO2),Mean,ppb,UHF42,404,Bayside - Little Neck,Summer 2011,06/01/2011,15.36,
174234,365,Fine particles (PM 2.5),Mean,mcg/m3,UHF34,407,Southwest Queens,Annual Average 2012,12/01/2011,8.32,
174221,365,Fine particles (PM 2.5),Mean,mcg/m3,UHF34,207,East Flatbush - Flatbush,Annual Average 2012,12/01/2011,8.98,
168646,365,Fine particles (PM 2.5),Mean,mcg/m3,CD,205,Fordham and University Heights (CD5),Winter 2012-13,12/01/2012,12.5,
170239,365,Fine particles (PM 2.5),Mean,mcg/m3,CD,205,Fordham and University Heights (CD5),Annual Average 2010,12/01/2009,11.4,
649943,365,Fine particles (PM 2.5),Mean,mcg/m3,CD,205,Fordham and University Heights (CD5),Summer 2019,06/01/2019,8.31,
669857,365,Fine particles (PM 2.5),Mean,mcg/m3,CD,205,Fordham and University Heights (CD5),Winter 2019-20,12/01/2019,7.22,
211881,365,Fine particles (PM 2.5),Mean,mcg/m3,UHF34,407,Southwest Queens,Winter 2013-14,12/01/2013,10.95,
130704,646,Outdoor Air Toxics - Benzene,Annual average concentration,µg/m3,UHF42,302,Central Harlem - Morningside Heights,2005,01/01/2005,3.9,
130708,646,Outdoor Air Toxics - Benzene,Annual average concentration,µg/m3,UHF42,306,Chelsea - Clinton,2005,01/01/2005,4.9,
315661,647,Outdoor Air Toxics - Formaldehyde,Annual average concentration,µg/m3,UHF42,306,Chelsea - Clinton,2011,01/01/2011,2.9,
315623,646,Outdoor Air Toxics - Benzene,Annual average concentration,µg/m3,UHF42,406,Fresh Meadows,2011,01/01/2011,1.3,
799806,646,Outdoor Air Toxics - Benzene,Annual average concentration,µg/m3,UHF42,406,Fresh Meadows,2014,01/01/2014,0.87,
315591,646,Outdoor Air Toxics - Benzene,Annual average concentration,µg/m3,UHF42,102,Northeast Bronx,2011,01/01/2011,1.4,
315598,646,Outdoor Air Toxics - Benzene,Annual average concentration,µg/m3,UHF42,202,Downtown - Heights - Slope,2011,01/01/2011,1.7,
799781,646,Outdoor Air Toxics - Benzene,Annual average concentration,µg/m3,UHF42,202,Downtown - Heights - Slope,2014,01/01/2014,1,
799774,646,Outdoor Air Toxics - Benzene,Annual average concentration,µg/m3,UHF42,102,Northeast Bronx,2014,01/01/2014,0.93,
799796,646,Outdoor Air Toxics - Benzene,Annual average concentration,µg/m3,UHF42,306,Chelsea - Clinton,2014,01/01/2014,1.08,
315657,647,Outdoor Air Toxics - Formaldehyde,Annual average concentration,µg/m3,UHF42,302,Central Harlem - Morningside Heights,2011,01/01/2011,2.6,
130766,647,Outdoor Air Toxics - Formaldehyde,Annual average concentration,µg/m3,UHF42,406,Fresh Meadows,2005,01/01/2005,2.3,
130741,647,Outdoor Air Toxics - Formaldehyde,Annual average concentration,µg/m3,UHF42,202,Downtown - Heights - Slope,2005,01/01/2005,3.2,
130734,647,Outdoor Air Toxics - Formaldehyde,Annual average concentration,µg/m3,UHF42,102,Northeast Bronx,2005,01/01/2005,3.2,
605346,386,Ozone (O3),Mean,ppb,CD,316,Brownsville (CD16),Summer 2018,06/01/2018,30.95,
549443,386,Ozone (O3),Mean,ppb,CD,316,Brownsville (CD16),Summer 2017,06/01/2017,30.27,
671108,386,Ozone (O3),Mean,ppb,CD,316,Brownsville (CD16),Summer 2020,06/01/2020,29.22,
338277,386,Ozone (O3),Mean,ppb,CD,305,East New York and Starrett City (CD5),Summer 2015,06/01/2015,32.92,
651027,386,Ozone (O3),Mean,ppb,CD,305,East New York and Starrett City (CD5),Summer 2019,06/01/2019,32.99,
651015,386,Ozone (O3),Mean,ppb,CD,205,Fordham and University Heights (CD5),Summer 2019,06/01/2019,28.72,
651038,386,Ozone (O3),Mean,ppb,CD,316,Brownsville (CD16),Summer 2019,06/01/2019,31.63,
176643,375,Nitrogen dioxide (NO2),Mean,ppb,UHF42,202,Downtown - Heights - Slope,Annual Average 2012,12/01/2011,23.98,
179791,640,Boiler Emissions- Total SO2 Emissions,Number per km2,number,UHF42,102,Northeast Bronx,2015,01/01/2015,1.6,
177330,365,Fine particles (PM 2.5),Mean,mcg/m3,UHF42,306,Chelsea - Clinton,Winter 2012-13,12/01/2012,14.31,
667089,375,Nitrogen dioxide (NO2),Mean,ppb,UHF42,106,High Bridge - Morrisania,Summer 2020,06/01/2020,14.75,
173243,365,Fine particles (PM 2.5),Mean,mcg/m3,UHF34,304,Upper West Side,Winter 2012-13,12/01/2012,12.6,
174161,365,Fine particles (PM 2.5),Mean,mcg/m3,UHF34,304,Upper West Side,Annual Average 2010,12/01/2009,11.01,
649844,365,Fine particles (PM 2.5),Mean,mcg/m3,UHF34,304,Upper West Side,Summer 2019,06/01/2019,8.55,
669657,365,Fine particles (PM 2.5),Mean,mcg/m3,UHF34,304,Upper West Side,Winter 2019-20,12/01/2019,7.87,
174150,365,Fine particles (PM 2.5),Mean,mcg/m3,UHF34,204,East New York,Annual Average 2010,12/01/2009,9.79,
173231,365,Fine particles (PM 2.5),Mean,mcg/m3,UHF34,203,Bedford Stuyvesant - Crown Heights,Winter 2012-13,12/01/2012,10.35,
742297,365,Fine particles (PM 2.5),Mean,mcg/m3,UHF34,104,Pelham - Throgs Neck,Winter 2020-21,12/01/2020,6.56,
742294,365,Fine particles (PM 2.5),Mean,mcg/m3,UHF34,103,Fordham - Bronx Pk,Winter 2020-21,12/01/2020,6.41,
179285,375,Nitrogen dioxide (NO2),Mean,ppb,Borough,3,Manhattan,Winter 2011-12,12/01/2011,30.21,
175296,375,Nitrogen dioxide (NO2),Mean,ppb,UHF42,106,High Bridge - Morrisania,Winter 2009-10,12/01/2009,28.03,
175380,375,Nitrogen dioxide (NO2),Mean,ppb,UHF42,106,High Bridge - Morrisania,Winter 2011-12,12/01/2011,26.85,
549805,375,Nitrogen dioxide (NO2),Mean,ppb,UHF42,209,Bensonhurst - Bay Ridge,Summer 2017,06/01/2017,12.75,
549807,375,Nitrogen dioxide (NO2),Mean,ppb,UHF42,209,Bensonhurst - Bay Ridge,Winter 2016-17,12/01/2016,23.78,
122010,386,Ozone (O3),Mean,ppb,UHF42,206,Borough Park,2-Year Summer Average 2009-2010,06/01/2009,27.1,
171713,375,Nitrogen dioxide (NO2),Mean,ppb,UHF34,304,Upper West Side,Winter 2012-13,12/01/2012,30.65,
172631,375,Nitrogen dioxide (NO2),Mean,ppb,UHF34,304,Upper West Side,Annual Average 2010,12/01/2009,28.66,
171712,375,Nitrogen dioxide (NO2),Mean,ppb,UHF34,303,East Harlem,Winter 2012-13,12/01/2012,29.27,
172630,375,Nitrogen dioxide (NO2),Mean,ppb,UHF34,303,East Harlem,Annual Average 2010,12/01/2009,27.07,
336668,375,Nitrogen dioxide (NO2),Mean,ppb,UHF34,303,East Harlem,Summer 2015,06/01/2015,18.63,
643496,375,Nitrogen dioxide (NO2),Mean,ppb,UHF34,303,East Harlem,Summer 2019,06/01/2019,16.73,
667412,375,Nitrogen dioxide (NO2),Mean,ppb,UHF34,303,East Harlem,Winter 2019-20,12/01/2019,26.76,
172620,375,Nitrogen dioxide (NO2),Mean,ppb,UHF34,204,East New York,Annual Average 2010,12/01/2009,22.49,
741040,375,Nitrogen dioxide (NO2),Mean,ppb,UHF34,204,East New York,Winter 2020-21,12/01/2020,22.24,
412575,375,Nitrogen dioxide (NO2),Mean,ppb,UHF34,204,East New York,Summer 2016,06/01/2016,13.07,
412574,375,Nitrogen dioxide (NO2),Mean,ppb,UHF34,204,East New York,Winter 2015-16,12/01/2015,23.34,
412571,375,Nitrogen dioxide (NO2),Mean,ppb,UHF34,203,Bedford Stuyvesant - Crown Heights,Winter 2015-16,12/01/2015,24.83,
412572,375,Nitrogen dioxide (NO2),Mean,ppb,UHF34,203,Bedford Stuyvesant - Crown Heights,Summer 2016,06/01/2016,15.36,
172106,375,Nitrogen dioxide (NO2),Mean,ppb,UHF34,104,Pelham - Throgs Neck,Summer 2010,06/01/2010,17.88,
172140,375,Nitrogen dioxide (NO2),Mean,ppb,UHF34,104,Pelham - Throgs Neck,Summer 2011,06/01/2011,17.17,
412562,375,Nitrogen dioxide (NO2),Mean,ppb,UHF34,104,Pelham - Throgs Neck,Winter 2015-16,12/01/2015,22.02,
412563,375,Nitrogen dioxide (NO2),Mean,ppb,UHF34,104,Pelham - Throgs Neck,Summer 2016,06/01/2016,14.25,
741037,375,Nitrogen dioxide (NO2),Mean,ppb,UHF34,203,Bedford Stuyvesant - Crown Heights,Winter 2020-21,12/01/2020,23.09,
221892,386,Ozone (O3),Mean,ppb,UHF34,303,East Harlem,Summer 2010,06/01/2010,30.52,
669783,365,Fine particles (PM 2.5),Mean,mcg/m3,UHF42,301,Washington Heights,Winter 2019-20,12/01/2019,7.35,
178441,365,Fine particles (PM 2.5),Mean,mcg/m3,UHF42,101,Kingsbridge - Riverdale,Annual Average 2010,12/01/2009,10.09,
177307,365,Fine particles (PM 2.5),Mean,mcg/m3,UHF42,101,Kingsbridge - Riverdale,Winter 2012-13,12/01/2012,11.33,
173171,365,Fine particles (PM 2.5),Mean,mcg/m3,UHF34,211,Williamsburg - Bushwick,Winter 2010-11,12/01/2010,13.37,
173613,365,Fine particles (PM 2.5),Mean,mcg/m3,UHF34,211,Williamsburg - Bushwick,Summer 2009,06/01/2009,11.52,
334122,365,Fine particles (PM 2.5),Mean,mcg/m3,UHF34,211,Williamsburg - Bushwick,Winter 2014-15,12/01/2014,9.96,
547537,365,Fine particles (PM 2.5),Mean,mcg/m3,UHF34,211,Williamsburg - Bushwick,Annual Average 2017,01/01/2017,8.22,
742332,365,Fine particles (PM 2.5),Mean,mcg/m3,UHF34,211,Williamsburg - Bushwick,Annual Average 2021,01/01/2021,7.25,
175963,375,Nitrogen dioxide (NO2),Mean,ppb,UHF42,101,Kingsbridge - Riverdale,Summer 2011,06/01/2011,16.27,
175921,375,Nitrogen dioxide (NO2),Mean,ppb,UHF42,101,Kingsbridge - Riverdale,Summer 2010,06/01/2010,18.07,
412428,375,Nitrogen dioxide (NO2),Mean,ppb,UHF42,101,Kingsbridge - Riverdale,Summer 2016,06/01/2016,12.99,
412427,375,Nitrogen dioxide (NO2),Mean,ppb,UHF42,101,Kingsbridge - Riverdale,Winter 2015-16,12/01/2015,19.54,
222570,386,Ozone (O3),Mean,ppb,UHF42,401,Long Island City - Astoria,Summer 2010,06/01/2010,33.01,
222571,386,Ozone (O3),Mean,ppb,UHF42,401,Long Island City - Astoria,Summer 2011,06/01/2011,32.66,
222510,386,Ozone (O3),Mean,ppb,UHF42,301,Washington Heights,Summer 2010,06/01/2010,30.54,
222511,386,Ozone (O3),Mean,ppb,UHF42,301,Washington Heights,Summer 2011,06/01/2011,30.13,
174257,365,Fine particles (PM 2.5),Mean,mcg/m3,UHF34,209,Bensonhurst - Bay Ridge,Annual Average 2013,12/01/2012,8.24,
173611,365,Fine particles (PM 2.5),Mean,mcg/m3,UHF34,209,Bensonhurst - Bay Ridge,Summer 2009,06/01/2009,10.59,
173169,365,Fine particles (PM 2.5),Mean,mcg/m3,UHF34,209,Bensonhurst - Bay Ridge,Winter 2010-11,12/01/2010,12.14,
334116,365,Fine particles (PM 2.5),Mean,mcg/m3,UHF34,209,Bensonhurst - Bay Ridge,Winter 2014-15,12/01/2014,8.48,
742326,365,Fine particles (PM 2.5),Mean,mcg/m3,UHF34,209,Bensonhurst - Bay Ridge,Annual Average 2021,01/01/2021,6.43,
173137,365,Fine particles (PM 2.5),Mean,mcg/m3,UHF34,211,Williamsburg - Bushwick,Winter 2009-10,12/01/2009,10.39,
173205,365,Fine particles (PM 2.5),Mean,mcg/m3,UHF34,211,Williamsburg - Bushwick,Winter 2011-12,12/01/2011,9.93,
212076,365,Fine particles (PM 2.5),Mean,mcg/m3,UHF34,211,Williamsburg - Bushwick,Annual Average 2014,12/01/2013,9.84,
669668,365,Fine particles (PM 2.5),Mean,mcg/m3,UHF34,211,Williamsburg - Bushwick,Summer 2020,06/01/2020,7.55,
743726,386,Ozone (O3),Mean,ppb,UHF42,101,Kingsbridge - Riverdale,Summer 2021,06/01/2021,29,
222446,386,Ozone (O3),Mean,ppb,UHF42,201,Greenpoint,Summer 2012,06/01/2012,32.73,
222447,386,Ozone (O3),Mean,ppb,UHF42,201,Greenpoint,Summer 2013,06/01/2013,29.77,
222404,386,Ozone (O3),Mean,ppb,UHF42,101,Kingsbridge - Riverdale,Summer 2012,06/01/2012,33.72,
222405,386,Ozone (O3),Mean,ppb,UHF42,101,Kingsbridge - Riverdale,Summer 2013,06/01/2013,30.37,
667166,375,Nitrogen dioxide (NO2),Mean,ppb,UHF42,301,Washington Heights,Winter 2019-20,12/01/2019,24.62,
643373,375,Nitrogen dioxide (NO2),Mean,ppb,UHF42,301,Washington Heights,Summer 2019,06/01/2019,14.03,
176569,375,Nitrogen dioxide (NO2),Mean,ppb,UHF42,301,Washington Heights,Annual Average 2010,12/01/2009,25.22,
175435,375,Nitrogen dioxide (NO2),Mean,ppb,UHF42,301,Washington Heights,Winter 2012-13,12/01/2012,27.68,
131838,386,Ozone (O3),Mean,ppb,Borough,1,Bronx,2-Year Summer Average 2009-2010,06/01/2009,23.7,
338207,386,Ozone (O3),Mean,ppb,UHF42,408,Jamaica,Summer 2015,06/01/2015,32.04,
650957,386,Ozone (O3),Mean,ppb,UHF42,408,Jamaica,Summer 2019,06/01/2019,32.83,
650946,386,Ozone (O3),Mean,ppb,UHF42,307,Gramercy Park - Murray Hill,Summer 2019,06/01/2019,23.96,
338185,386,Ozone (O3),Mean,ppb,UHF42,207,East Flatbush - Flatbush,Summer 2015,06/01/2015,32.2,
176557,375,Nitrogen dioxide (NO2),Mean,ppb,UHF42,107,Hunts Point - Mott Haven,Annual Average 2010,12/01/2009,24.1,
175423,375,Nitrogen dioxide (NO2),Mean,ppb,UHF42,107,Hunts Point - Mott Haven,Winter 2012-13,12/01/2012,26.07,
336509,375,Nitrogen dioxide (NO2),Mean,ppb,UHF42,107,Hunts Point - Mott Haven,Summer 2015,06/01/2015,16.47,
643337,375,Nitrogen dioxide (NO2),Mean,ppb,UHF42,107,Hunts Point - Mott Haven,Summer 2019,06/01/2019,15.52,
338289,386,Ozone (O3),Mean,ppb,CD,317,East Flatbush (CD17),Summer 2015,06/01/2015,32.39,
165990,375,Nitrogen dioxide (NO2),Mean,ppb,CD,204,Highbridge and Concourse (CD4),Winter 2012-13,12/01/2012,28.58,
167583,375,Nitrogen dioxide (NO2),Mean,ppb,CD,204,Highbridge and Concourse (CD4),Annual Average 2010,12/01/2009,26.64,
336767,375,Nitrogen dioxide (NO2),Mean,ppb,CD,204,Highbridge and Concourse (CD4),Summer 2015,06/01/2015,18.38,
643595,375,Nitrogen dioxide (NO2),Mean,ppb,CD,204,Highbridge and Concourse (CD4),Summer 2019,06/01/2019,15.39,
643592,375,Nitrogen dioxide (NO2),Mean,ppb,CD,203,Morrisania and Crotona (CD3),Summer 2019,06/01/2019,14.43,
667604,375,Nitrogen dioxide (NO2),Mean,ppb,CD,203,Morrisania and Crotona (CD3),Winter 2019-20,12/01/2019,24.69,
650928,386,Ozone (O3),Mean,ppb,UHF42,107,Hunts Point - Mott Haven,Summer 2019,06/01/2019,29.58,
650917,386,Ozone (O3),Mean,ppb,Borough,1,Bronx,Summer 2019,06/01/2019,29.87,
650918,386,Ozone (O3),Mean,ppb,Borough,2,Brooklyn,Summer 2019,06/01/2019,31.07,
338186,386,Ozone (O3),Mean,ppb,UHF42,208,Canarsie - Flatlands,Summer 2015,06/01/2015,34.7,
650936,386,Ozone (O3),Mean,ppb,UHF42,208,Canarsie - Flatlands,Summer 2019,06/01/2019,34.05,
602806,375,Nitrogen dioxide (NO2),Mean,ppb,UHF42,407,Southwest Queens,Winter 2017-18,12/01/2017,23.99,
175284,375,Nitrogen dioxide (NO2),Mean,ppb,UHF42,408,Jamaica,Winter 2008-09,12/01/2008,28.35,
212324,375,Nitrogen dioxide (NO2),Mean,ppb,UHF42,407,Southwest Queens,Winter 2013-14,12/01/2013,27.42,
222485,386,Ozone (O3),Mean,ppb,UHF42,208,Canarsie - Flatlands,Summer 2009,06/01/2009,28.97,
219971,386,Ozone (O3),Mean,ppb,Borough,2,Brooklyn,Summer 2009,06/01/2009,26.27,
219965,386,Ozone (O3),Mean,ppb,Borough,1,Bronx,Summer 2009,06/01/2009,25.3,
179343,375,Nitrogen dioxide (NO2),Mean,ppb,Borough,1,Bronx,Summer 2009,06/01/2009,20.83,
176691,375,Nitrogen dioxide (NO2),Mean,ppb,UHF42,208,Canarsie - Flatlands,Annual Average 2013,12/01/2012,16.65,
175893,375,Nitrogen dioxide (NO2),Mean,ppb,UHF42,208,Canarsie - Flatlands,Summer 2009,06/01/2009,15.47,
336534,375,Nitrogen dioxide (NO2),Mean,ppb,UHF42,208,Canarsie - Flatlands,Winter 2014-15,12/01/2014,23.07,
222481,386,Ozone (O3),Mean,ppb,UHF42,207,East Flatbush - Flatbush,Summer 2011,06/01/2011,32.67,
222438,386,Ozone (O3),Mean,ppb,UHF42,107,Hunts Point - Mott Haven,Summer 2010,06/01/2010,33.34,
222439,386,Ozone (O3),Mean,ppb,UHF42,107,Hunts Point - Mott Haven,Summer 2011,06/01/2011,33.42,
219972,386,Ozone (O3),Mean,ppb,Borough,2,Brooklyn,Summer 2010,06/01/2010,33.83,
411990,386,Ozone (O3),Mean,ppb,Borough,2,Brooklyn,Summer 2016,06/01/2016,33.98,
212546,375,Nitrogen dioxide (NO2),Mean,ppb,UHF42,105,Crotona -Tremont,Annual Average 2014,12/01/2013,21.87,
122007,386,Ozone (O3),Mean,ppb,UHF42,203,Bedford Stuyvesant - Crown Heights,2-Year Summer Average 2009-2010,06/01/2009,26.35,
122009,386,Ozone (O3),Mean,ppb,UHF42,205,Sunset Park,2-Year Summer Average 2009-2010,06/01/2009,27.71,
670970,386,Ozone (O3),Mean,ppb,UHF42,203,Bedford Stuyvesant - Crown Heights,Summer 2020,06/01/2020,29.16,
549347,386,Ozone (O3),Mean,ppb,UHF42,303,East Harlem,Summer 2017,06/01/2017,26.91,
605250,386,Ozone (O3),Mean,ppb,UHF42,303,East Harlem,Summer 2018,06/01/2018,28.83,
338212,386,Ozone (O3),Mean,ppb,UHF42,503,Willowbrook,Summer 2015,06/01/2015,31.66,
338192,386,Ozone (O3),Mean,ppb,UHF42,303,East Harlem,Summer 2015,06/01/2015,29.58,
650954,386,Ozone (O3),Mean,ppb,UHF42,405,Ridgewood - Forest Hills,Summer 2019,06/01/2019,31.3,
175428,375,Nitrogen dioxide (NO2),Mean,ppb,UHF42,205,Sunset Park,Winter 2012-13,12/01/2012,25.84,
176562,375,Nitrogen dioxide (NO2),Mean,ppb,UHF42,205,Sunset Park,Annual Average 2010,12/01/2009,23.77,
643352,375,Nitrogen dioxide (NO2),Mean,ppb,UHF42,205,Sunset Park,Summer 2019,06/01/2019,16.21,
667124,375,Nitrogen dioxide (NO2),Mean,ppb,UHF42,205,Sunset Park,Winter 2019-20,12/01/2019,26.36,
336497,375,Nitrogen dioxide (NO2),Mean,ppb,UHF42,103,Fordham - Bronx Pk,Summer 2015,06/01/2015,16.04,
643346,375,Nitrogen dioxide (NO2),Mean,ppb,UHF42,203,Bedford Stuyvesant - Crown Heights,Summer 2019,06/01/2019,14.34,
336503,375,Nitrogen dioxide (NO2),Mean,ppb,UHF42,105,Crotona -Tremont,Summer 2015,06/01/2015,17.85,
165980,375,Nitrogen dioxide (NO2),Mean,ppb,CD,106,Stuyvesant Town and Turtle Bay (CD6),Winter 2012-13,12/01/2012,35.39,
167573,375,Nitrogen dioxide (NO2),Mean,ppb,CD,106,Stuyvesant Town and Turtle Bay (CD6),Annual Average 2010,12/01/2009,36.22,
336737,375,Nitrogen dioxide (NO2),Mean,ppb,CD,106,Stuyvesant Town and Turtle Bay (CD6),Summer 2015,06/01/2015,25.57,
165978,375,Nitrogen dioxide (NO2),Mean,ppb,CD,104,Clinton and Chelsea (CD4),Winter 2012-13,12/01/2012,33.8,
167571,375,Nitrogen dioxide (NO2),Mean,ppb,CD,104,Clinton and Chelsea (CD4),Annual Average 2010,12/01/2009,32.87,
650931,386,Ozone (O3),Mean,ppb,UHF42,203,Bedford Stuyvesant - Crown Heights,Summer 2019,06/01/2019,30.46,
338176,386,Ozone (O3),Mean,ppb,UHF42,105,Crotona -Tremont,Summer 2015,06/01/2015,29.65,
175289,375,Nitrogen dioxide (NO2),Mean,ppb,UHF42,503,Willowbrook,Winter 2008-09,12/01/2008,22.46,
602824,375,Nitrogen dioxide (NO2),Mean,ppb,UHF42,503,Willowbrook,Winter 2017-18,12/01/2017,19.5,
212330,375,Nitrogen dioxide (NO2),Mean,ppb,UHF42,503,Willowbrook,Winter 2013-14,12/01/2013,21.86,
643438,375,Nitrogen dioxide (NO2),Mean,ppb,UHF42,503,Willowbrook,Annual Average 2019,01/01/2019,12.21,
602800,375,Nitrogen dioxide (NO2),Mean,ppb,UHF42,405,Ridgewood - Forest Hills,Winter 2017-18,12/01/2017,25.21,
643414,375,Nitrogen dioxide (NO2),Mean,ppb,UHF42,405,Ridgewood - Forest Hills,Annual Average 2019,01/01/2019,16.24,
222413,386,Ozone (O3),Mean,ppb,UHF42,103,Fordham - Bronx Pk,Summer 2009,06/01/2009,24.47,
222425,386,Ozone (O3),Mean,ppb,UHF42,105,Crotona -Tremont,Summer 2009,06/01/2009,23.08,
740907,375,Nitrogen dioxide (NO2),Mean,ppb,UHF42,105,Crotona -Tremont,Annual Average 2021,01/01/2021,17.64,
175883,375,Nitrogen dioxide (NO2),Mean,ppb,UHF42,105,Crotona -Tremont,Summer 2009,06/01/2009,24.99,
175337,375,Nitrogen dioxide (NO2),Mean,ppb,UHF42,105,Crotona -Tremont,Winter 2010-11,12/01/2010,30.97,
176681,375,Nitrogen dioxide (NO2),Mean,ppb,UHF42,105,Crotona -Tremont,Annual Average 2013,12/01/2012,22.67,
211891,365,Fine particles (PM 2.5),Mean,mcg/m3,UHF34,105106107,South Bronx,Winter 2013-14,12/01/2013,13.08,
211877,365,Fine particles (PM 2.5),Mean,mcg/m3,UHF34,401,Long Island City - Astoria,Winter 2013-14,12/01/2013,13.06,
173122,365,Fine particles (PM 2.5),Mean,mcg/m3,UHF34,105106107,South Bronx,Winter 2008-09,12/01/2008,14.74,
605890,365,Fine particles (PM 2.5),Mean,mcg/m3,UHF34,105106107,South Bronx,Winter 2017-18,12/01/2017,8.65,
649888,365,Fine particles (PM 2.5),Mean,mcg/m3,UHF34,105106107,South Bronx,Annual Average 2019,01/01/2019,7.33,
173113,365,Fine particles (PM 2.5),Mean,mcg/m3,UHF34,408,Jamaica,Winter 2008-09,12/01/2008,12.69,
211882,365,Fine particles (PM 2.5),Mean,mcg/m3,UHF34,408,Jamaica,Winter 2013-14,12/01/2013,10.93,
605863,365,Fine particles (PM 2.5),Mean,mcg/m3,UHF34,408,Jamaica,Winter 2017-18,12/01/2017,7.71,
649861,365,Fine particles (PM 2.5),Mean,mcg/m3,UHF34,408,Jamaica,Annual Average 2019,01/01/2019,6.24,
605848,365,Fine particles (PM 2.5),Mean,mcg/m3,UHF34,401,Long Island City - Astoria,Winter 2017-18,12/01/2017,9.27,
669923,365,Fine particles (PM 2.5),Mean,mcg/m3,CD,315,Sheepshead Bay (CD15),Winter 2019-20,12/01/2019,6.97,
650009,365,Fine particles (PM 2.5),Mean,mcg/m3,CD,315,Sheepshead Bay (CD15),Summer 2019,06/01/2019,7.66,
130731,646,Outdoor Air Toxics - Benzene,Annual average concentration,µg/m3,Borough,4,Queens,2005,01/01/2005,1.9,
799860,646,Outdoor Air Toxics - Benzene,Annual average concentration,µg/m3,Borough,4,Queens,2014,01/01/2014,0.84,
315588,646,Outdoor Air Toxics - Benzene,Annual average concentration,µg/m3,Borough,4,Queens,2011,01/01/2011,1.6,
"628579,651,Cardiovascular hospitalizations due to PM2.5 (age 40+),Estimated annual rate,""per 100,000 adults"",Borough,4,Queens,2015-2017,01/01/2015,15.5,"
549440,386,Ozone (O3),Mean,ppb,CD,313,Coney Island (CD13),Summer 2017,06/01/2017,32.41,
671111,386,Ozone (O3),Mean,ppb,CD,313,Coney Island (CD13),Summer 2020,06/01/2020,31.56,
121682,386,Ozone (O3),Mean,ppb,CD,315,Sheepshead Bay (CD15),2-Year Summer Average 2009-2010,06/01/2009,28.25,
742323,365,Fine particles (PM 2.5),Mean,mcg/m3,UHF34,208,Canarsie - Flatlands,Annual Average 2021,01/01/2021,6.27,
212073,365,Fine particles (PM 2.5),Mean,mcg/m3,UHF34,208,Canarsie - Flatlands,Annual Average 2014,12/01/2013,8.48,
605823,365,Fine particles (PM 2.5),Mean,mcg/m3,UHF34,208,Canarsie - Flatlands,Summer 2018,06/01/2018,8.05,
219986,386,Ozone (O3),Mean,ppb,Borough,4,Queens,Summer 2012,06/01/2012,34.5,
743728,386,Ozone (O3),Mean,ppb,Borough,4,Queens,Summer 2021,06/01/2021,30.94,
173234,365,Fine particles (PM 2.5),Mean,mcg/m3,UHF34,206,Borough Park,Winter 2012-13,12/01/2012,10.14,
174152,365,Fine particles (PM 2.5),Mean,mcg/m3,UHF34,206,Borough Park,Annual Average 2010,12/01/2009,9.61,
334106,365,Fine particles (PM 2.5),Mean,mcg/m3,UHF34,206,Borough Park,Summer 2015,06/01/2015,9.17,
649817,365,Fine particles (PM 2.5),Mean,mcg/m3,UHF34,206,Borough Park,Summer 2019,06/01/2019,7.91,
669684,365,Fine particles (PM 2.5),Mean,mcg/m3,UHF34,206,Borough Park,Winter 2019-20,12/01/2019,7.49,
179276,375,Nitrogen dioxide (NO2),Mean,ppb,Borough,4,Queens,Winter 2009-10,12/01/2009,25.02,
643517,375,Nitrogen dioxide (NO2),Mean,ppb,UHF34,408,Jamaica,Summer 2019,06/01/2019,13.06,
667454,375,Nitrogen dioxide (NO2),Mean,ppb,UHF34,408,Jamaica,Winter 2019-20,12/01/2019,22.29,
172632,375,Nitrogen dioxide (NO2),Mean,ppb,UHF34,401,Long Island City - Astoria,Annual Average 2010,12/01/2009,24.32,
336674,375,Nitrogen dioxide (NO2),Mean,ppb,UHF34,401,Long Island City - Astoria,Summer 2015,06/01/2015,16.67,
667424,375,Nitrogen dioxide (NO2),Mean,ppb,UHF34,401,Long Island City - Astoria,Winter 2019-20,12/01/2019,27.62,
168652,365,Fine particles (PM 2.5),Mean,mcg/m3,CD,211,Morris Park and Bronxdale (CD11),Winter 2012-13,12/01/2012,10.62,
211884,365,Fine particles (PM 2.5),Mean,mcg/m3,UHF34,410,Rockaways,Winter 2013-14,12/01/2013,9.87,
605869,365,Fine particles (PM 2.5),Mean,mcg/m3,UHF34,410,Rockaways,Winter 2017-18,12/01/2017,7,
649867,365,Fine particles (PM 2.5),Mean,mcg/m3,UHF34,410,Rockaways,Annual Average 2019,01/01/2019,5.59,
173170,365,Fine particles (PM 2.5),Mean,mcg/m3,UHF34,210,Coney Island - Sheepshead Bay,Winter 2010-11,12/01/2010,11.57,
174258,365,Fine particles (PM 2.5),Mean,mcg/m3,UHF34,210,Coney Island - Sheepshead Bay,Annual Average 2013,12/01/2012,8.11,
173612,365,Fine particles (PM 2.5),Mean,mcg/m3,UHF34,210,Coney Island - Sheepshead Bay,Summer 2009,06/01/2009,10.38,
334250,365,Fine particles (PM 2.5),Mean,mcg/m3,CD,211,Morris Park and Bronxdale (CD11),Summer 2015,06/01/2015,9.59,
669875,365,Fine particles (PM 2.5),Mean,mcg/m3,CD,211,Morris Park and Bronxdale (CD11),Winter 2019-20,12/01/2019,6.85,
170243,365,Fine particles (PM 2.5),Mean,mcg/m3,CD,209,Parkchester and Soundview (CD9),Annual Average 2010,12/01/2009,9.96,
227531,647,Outdoor Air Toxics - Formaldehyde,Annual average concentration,µg/m3,CD,211,Morris Park and Bronxdale (CD11),2011,01/01/2011,2.1,
227543,647,Outdoor Air Toxics - Formaldehyde,Annual average concentration,µg/m3,CD,311,Bensonhurst (CD11),2011,01/01/2011,2,
227529,647,Outdoor Air Toxics - Formaldehyde,Annual average concentration,µg/m3,CD,209,Parkchester and Soundview (CD9),2011,01/01/2011,2.1,
130772,647,Outdoor Air Toxics - Formaldehyde,Annual average concentration,µg/m3,UHF42,502,Stapleton - St. George,2005,01/01/2005,2.3,
130762,647,Outdoor Air Toxics - Formaldehyde,Annual average concentration,µg/m3,UHF42,402,West Queens,2005,01/01/2005,3.4,
130724,646,Outdoor Air Toxics - Benzene,Annual average concentration,µg/m3,UHF42,502,Stapleton - St. George,2005,01/01/2005,1.3,
130714,646,Outdoor Air Toxics - Benzene,Annual average concentration,µg/m3,UHF42,402,West Queens,2005,01/01/2005,2.2,
799854,647,Outdoor Air Toxics - Formaldehyde,Annual average concentration,µg/m3,UHF42,502,Stapleton - St. George,2014,01/01/2014,1.3,
799844,647,Outdoor Air Toxics - Formaldehyde,Annual average concentration,µg/m3,UHF42,402,West Queens,2014,01/01/2014,1.74,
315629,646,Outdoor Air Toxics - Benzene,Annual average concentration,µg/m3,UHF42,502,Stapleton - St. George,2011,01/01/2011,1.1,
799812,646,Outdoor Air Toxics - Benzene,Annual average concentration,µg/m3,UHF42,502,Stapleton - St. George,2014,01/01/2014,0.68,
799802,646,Outdoor Air Toxics - Benzene,Annual average concentration,µg/m3,UHF42,402,West Queens,2014,01/01/2014,1.08,
651031,386,Ozone (O3),Mean,ppb,CD,309,South Crown Heights and Lefferts Gardens (CD9),Summer 2019,06/01/2019,30.57,
549438,386,Ozone (O3),Mean,ppb,CD,311,Bensonhurst (CD11),Summer 2017,06/01/2017,30.53,
671113,386,Ozone (O3),Mean,ppb,CD,311,Bensonhurst (CD11),Summer 2020,06/01/2020,30.22,
605315,386,Ozone (O3),Mean,ppb,CD,109,Morningside Heights and Hamilton Heights (CD9),Summer 2018,06/01/2018,28.29,
121654,386,Ozone (O3),Mean,ppb,CD,111,East Harlem (CD11),2-Year Summer Average 2009-2010,06/01/2009,25.75,
605317,386,Ozone (O3),Mean,ppb,CD,111,East Harlem (CD11),Summer 2018,06/01/2018,28.83,
121652,386,Ozone (O3),Mean,ppb,CD,109,Morningside Heights and Hamilton Heights (CD9),2-Year Summer Average 2009-2010,06/01/2009,25.6,
549424,386,Ozone (O3),Mean,ppb,CD,209,Parkchester and Soundview (CD9),Summer 2017,06/01/2017,29.33,
605327,386,Ozone (O3),Mean,ppb,CD,209,Parkchester and Soundview (CD9),Summer 2018,06/01/2018,31.07,
177315,365,Fine particles (PM 2.5),Mean,mcg/m3,UHF42,202,Downtown - Heights - Slope,Winter 2012-13,12/01/2012,11.11,
222600,386,Ozone (O3),Mean,ppb,UHF42,406,Fresh Meadows,Summer 2010,06/01/2010,33.23,
222541,386,Ozone (O3),Mean,ppb,UHF42,306,Chelsea - Clinton,Summer 2011,06/01/2011,24.2,
412017,386,Ozone (O3),Mean,ppb,UHF42,306,Chelsea - Clinton,Summer 2016,06/01/2016,28.76,
222517,386,Ozone (O3),Mean,ppb,UHF42,302,Central Harlem - Morningside Heights,Summer 2011,06/01/2011,29.4,
412013,386,Ozone (O3),Mean,ppb,UHF42,302,Central Harlem - Morningside Heights,Summer 2016,06/01/2016,31.35,
743718,386,Ozone (O3),Mean,ppb,UHF42,202,Downtown - Heights - Slope,Summer 2021,06/01/2021,28.7,
222410,386,Ozone (O3),Mean,ppb,UHF42,102,Northeast Bronx,Summer 2012,06/01/2012,35.09,
222452,386,Ozone (O3),Mean,ppb,UHF42,202,Downtown - Heights - Slope,Summer 2012,06/01/2012,30.66,
222453,386,Ozone (O3),Mean,ppb,UHF42,202,Downtown - Heights - Slope,Summer 2013,06/01/2013,28.04,
743725,386,Ozone (O3),Mean,ppb,UHF42,102,Northeast Bronx,Summer 2021,06/01/2021,30.37,
643343,375,Nitrogen dioxide (NO2),Mean,ppb,UHF42,202,Downtown - Heights - Slope,Summer 2019,06/01/2019,17.99,
667106,375,Nitrogen dioxide (NO2),Mean,ppb,UHF42,202,Downtown - Heights - Slope,Winter 2019-20,12/01/2019,28.64,
175299,375,Nitrogen dioxide (NO2),Mean,ppb,UHF42,202,Downtown - Heights - Slope,Winter 2009-10,12/01/2009,29.32,
175292,375,Nitrogen dioxide (NO2),Mean,ppb,UHF42,102,Northeast Bronx,Winter 2009-10,12/01/2009,22.66,
175376,375,Nitrogen dioxide (NO2),Mean,ppb,UHF42,102,Northeast Bronx,Winter 2011-12,12/01/2011,22.15,
212543,375,Nitrogen dioxide (NO2),Mean,ppb,UHF42,102,Northeast Bronx,Annual Average 2014,12/01/2013,18.97,
174153,365,Fine particles (PM 2.5),Mean,mcg/m3,UHF34,207,East Flatbush - Flatbush,Annual Average 2010,12/01/2009,9.8,
173235,365,Fine particles (PM 2.5),Mean,mcg/m3,UHF34,207,East Flatbush - Flatbush,Winter 2012-13,12/01/2012,10.24,
334109,365,Fine particles (PM 2.5),Mean,mcg/m3,UHF34,207,East Flatbush - Flatbush,Summer 2015,06/01/2015,9.29,
549346,386,Ozone (O3),Mean,ppb,UHF42,302,Central Harlem - Morningside Heights,Summer 2017,06/01/2017,26.51,
605249,386,Ozone (O3),Mean,ppb,UHF42,302,Central Harlem - Morningside Heights,Summer 2018,06/01/2018,28.41,
670960,386,Ozone (O3),Mean,ppb,UHF42,302,Central Harlem - Morningside Heights,Summer 2020,06/01/2020,29.52,
549335,386,Ozone (O3),Mean,ppb,UHF42,202,Downtown - Heights - Slope,Summer 2017,06/01/2017,27.92,
670971,386,Ozone (O3),Mean,ppb,UHF42,202,Downtown - Heights - Slope,Summer 2020,06/01/2020,28.79,
605238,386,Ozone (O3),Mean,ppb,UHF42,202,Downtown - Heights - Slope,Summer 2018,06/01/2018,28.54,
171671,375,Nitrogen dioxide (NO2),Mean,ppb,UHF34,207,East Flatbush - Flatbush,Winter 2011-12,12/01/2011,24.1,
211766,375,Nitrogen dioxide (NO2),Mean,ppb,UHF34,207,East Flatbush - Flatbush,Annual Average 2014,12/01/2013,20.47,
172147,375,Nitrogen dioxide (NO2),Mean,ppb,UHF34,207,East Flatbush - Flatbush,Summer 2011,06/01/2011,18.77,
412584,375,Nitrogen dioxide (NO2),Mean,ppb,UHF34,207,East Flatbush - Flatbush,Summer 2016,06/01/2016,13.98,
122006,386,Ozone (O3),Mean,ppb,UHF42,202,Downtown - Heights - Slope,2-Year Summer Average 2009-2010,06/01/2009,26.11,
121999,386,Ozone (O3),Mean,ppb,UHF42,102,Northeast Bronx,2-Year Summer Average 2009-2010,06/01/2009,28.64,
338195,386,Ozone (O3),Mean,ppb,UHF42,306,Chelsea - Clinton,Summer 2015,06/01/2015,26.11,
175424,375,Nitrogen dioxide (NO2),Mean,ppb,UHF42,201,Greenpoint,Winter 2012-13,12/01/2012,27.66,
176558,375,Nitrogen dioxide (NO2),Mean,ppb,UHF42,201,Greenpoint,Annual Average 2010,12/01/2009,25.08,
173135,365,Fine particles (PM 2.5),Mean,mcg/m3,UHF34,209,Bensonhurst - Bay Ridge,Winter 2009-10,12/01/2009,9.49,
173203,365,Fine particles (PM 2.5),Mean,mcg/m3,UHF34,209,Bensonhurst - Bay Ridge,Winter 2011-12,12/01/2011,8.64,
212074,365,Fine particles (PM 2.5),Mean,mcg/m3,UHF34,209,Bensonhurst - Bay Ridge,Annual Average 2014,12/01/2013,8.62,
547532,365,Fine particles (PM 2.5),Mean,mcg/m3,UHF34,209,Bensonhurst - Bay Ridge,Winter 2016-17,12/01/2016,7.4,
669674,365,Fine particles (PM 2.5),Mean,mcg/m3,UHF34,209,Bensonhurst - Bay Ridge,Summer 2020,06/01/2020,6.69,
549345,386,Ozone (O3),Mean,ppb,UHF42,301,Washington Heights,Summer 2017,06/01/2017,26.92,
605237,386,Ozone (O3),Mean,ppb,UHF42,201,Greenpoint,Summer 2018,06/01/2018,28.98,
172115,375,Nitrogen dioxide (NO2),Mean,ppb,UHF34,209,Bensonhurst - Bay Ridge,Summer 2010,06/01/2010,16.91,
172149,375,Nitrogen dioxide (NO2),Mean,ppb,UHF34,209,Bensonhurst - Bay Ridge,Summer 2011,06/01/2011,16.98,
412589,375,Nitrogen dioxide (NO2),Mean,ppb,UHF34,209,Bensonhurst - Bay Ridge,Winter 2015-16,12/01/2015,22.68,
412590,375,Nitrogen dioxide (NO2),Mean,ppb,UHF34,209,Bensonhurst - Bay Ridge,Summer 2016,06/01/2016,13.27,
121998,386,Ozone (O3),Mean,ppb,UHF42,101,Kingsbridge - Riverdale,2-Year Summer Average 2009-2010,06/01/2009,28.37,
338200,386,Ozone (O3),Mean,ppb,UHF42,401,Long Island City - Astoria,Summer 2015,06/01/2015,31.43,
650950,386,Ozone (O3),Mean,ppb,UHF42,401,Long Island City - Astoria,Summer 2019,06/01/2019,28.36,
336512,375,Nitrogen dioxide (NO2),Mean,ppb,UHF42,201,Greenpoint,Summer 2015,06/01/2015,17.04,
167579,375,Nitrogen dioxide (NO2),Mean,ppb,CD,112,Washington Heights and Inwood (CD12),Annual Average 2010,12/01/2009,24.66,
165982,375,Nitrogen dioxide (NO2),Mean,ppb,CD,108,Upper East Side (CD8),Winter 2012-13,12/01/2012,31.91,
167575,375,Nitrogen dioxide (NO2),Mean,ppb,CD,108,Upper East Side (CD8),Annual Average 2010,12/01/2009,31.17,
643571,375,Nitrogen dioxide (NO2),Mean,ppb,CD,108,Upper East Side (CD8),Summer 2019,06/01/2019,20.15,
667562,375,Nitrogen dioxide (NO2),Mean,ppb,CD,108,Upper East Side (CD8),Winter 2019-20,12/01/2019,29.87,
336755,375,Nitrogen dioxide (NO2),Mean,ppb,CD,112,Washington Heights and Inwood (CD12),Summer 2015,06/01/2015,16.89,
643583,375,Nitrogen dioxide (NO2),Mean,ppb,CD,112,Washington Heights and Inwood (CD12),Summer 2019,06/01/2019,13.59,
338190,386,Ozone (O3),Mean,ppb,UHF42,301,Washington Heights,Summer 2015,06/01/2015,28.95,
650929,386,Ozone (O3),Mean,ppb,UHF42,201,Greenpoint,Summer 2019,06/01/2019,27.77,
338179,386,Ozone (O3),Mean,ppb,UHF42,201,Greenpoint,Summer 2015,06/01/2015,30.97,
338172,386,Ozone (O3),Mean,ppb,UHF42,101,Kingsbridge - Riverdale,Summer 2015,06/01/2015,28.72,
650922,386,Ozone (O3),Mean,ppb,UHF42,101,Kingsbridge - Riverdale,Summer 2019,06/01/2019,28.43,
175287,375,Nitrogen dioxide (NO2),Mean,ppb,UHF42,501,Port Richmond,Winter 2008-09,12/01/2008,26.45,
222401,386,Ozone (O3),Mean,ppb,UHF42,101,Kingsbridge - Riverdale,Summer 2009,06/01/2009,23.67,
222445,386,Ozone (O3),Mean,ppb,UHF42,201,Greenpoint,Summer 2011,06/01/2011,31.61,
222444,386,Ozone (O3),Mean,ppb,UHF42,201,Greenpoint,Summer 2010,06/01/2010,32.54,
222403,386,Ozone (O3),Mean,ppb,UHF42,101,Kingsbridge - Riverdale,Summer 2011,06/01/2011,31.24,
411994,386,Ozone (O3),Mean,ppb,UHF42,101,Kingsbridge - Riverdale,Summer 2016,06/01/2016,32.46,
175952,375,Nitrogen dioxide (NO2),Mean,ppb,UHF42,404,Bayside - Little Neck,Summer 2010,06/01/2010,16.02,
412520,375,Nitrogen dioxide (NO2),Mean,ppb,UHF42,404,Bayside - Little Neck,Winter 2015-16,12/01/2015,20.9,
412521,375,Nitrogen dioxide (NO2),Mean,ppb,UHF42,404,Bayside - Little Neck,Summer 2016,06/01/2016,12.73,
740986,375,Nitrogen dioxide (NO2),Mean,ppb,UHF42,404,Bayside - Little Neck,Winter 2020-21,12/01/2020,18.62,
176004,375,Nitrogen dioxide (NO2),Mean,ppb,UHF42,504,South Beach - Tottenville,Summer 2011,06/01/2011,8.54,
175962,375,Nitrogen dioxide (NO2),Mean,ppb,UHF42,504,South Beach - Tottenville,Summer 2010,06/01/2010,9.5,
176550,375,Nitrogen dioxide (NO2),Mean,ppb,UHF42,504,South Beach - Tottenville,Annual Average 2009,12/01/2008,14.71,
212457,375,Nitrogen dioxide (NO2),Mean,ppb,UHF42,504,South Beach - Tottenville,Summer 2014,06/01/2014,7.39,
336613,375,Nitrogen dioxide (NO2),Mean,ppb,UHF42,504,South Beach - Tottenville,Annual Average 2015,01/01/2015,11.91,
643443,375,Nitrogen dioxide (NO2),Mean,ppb,UHF42,504,South Beach - Tottenville,Winter 2018-19,12/01/2018,14.25,
176624,375,Nitrogen dioxide (NO2),Mean,ppb,UHF42,404,Bayside - Little Neck,Annual Average 2011,12/01/2010,19.48,
176540,375,Nitrogen dioxide (NO2),Mean,ppb,UHF42,404,Bayside - Little Neck,Annual Average 2009,12/01/2008,20.05,
643413,375,Nitrogen dioxide (NO2),Mean,ppb,UHF42,404,Bayside - Little Neck,Winter 2018-19,12/01/2018,18.18,
667243,375,Nitrogen dioxide (NO2),Mean,ppb,UHF42,404,Bayside - Little Neck,Annual Average 2020,01/01/2020,13.16,
"518631,655,Asthma hospitalizations due to Ozone,Estimated annual rate (under age 18),""per 100,000 children"",UHF42,404,Bayside - Little Neck,2012-2014,01/02/2012,8.3,"
"130818,648,Asthma emergency department visits due to PM2.5,Estimated annual rate (under age 18),""per 100,000 children"",UHF42,404,Bayside - Little Neck,2005-2007,01/01/2005,26.7,"
"628900,653,Asthma emergency departments visits due to Ozone,Estimated annual rate (under age 18),""per 100,000 children"",UHF42,404,Bayside - Little Neck,2015-2017,01/01/2015,19,"
"628996,655,Asthma hospitalizations due to Ozone,Estimated annual rate (under age 18),""per 100,000 children"",UHF42,404,Bayside - Little Neck,2015-2017,01/01/2015,4.4,"
176634,375,Nitrogen dioxide (NO2),Mean,ppb,UHF42,504,South Beach - Tottenville,Annual Average 2011,12/01/2010,13.5,
222424,386,Ozone (O3),Mean,ppb,UHF42,104,Pelham - Throgs Neck,Summer 2014,06/01/2014,31.93,
222652,386,Ozone (O3),Mean,ppb,UHF42,504,South Beach - Tottenville,Summer 2014,06/01/2014,31.96,
222592,386,Ozone (O3),Mean,ppb,UHF42,404,Bayside - Little Neck,Summer 2014,06/01/2014,32.26,
222532,386,Ozone (O3),Mean,ppb,UHF42,304,Upper West Side,Summer 2014,06/01/2014,27.4,
222508,386,Ozone (O3),Mean,ppb,UHF42,211,Williamsburg - Bushwick,Summer 2014,06/01/2014,30.41,
175980,375,Nitrogen dioxide (NO2),Mean,ppb,UHF42,211,Williamsburg - Bushwick,Summer 2011,06/01/2011,21.19,
175938,375,Nitrogen dioxide (NO2),Mean,ppb,UHF42,211,Williamsburg - Bushwick,Summer 2010,06/01/2010,21.25,
412478,375,Nitrogen dioxide (NO2),Mean,ppb,UHF42,211,Williamsburg - Bushwick,Winter 2015-16,12/01/2015,25.28,
412479,375,Nitrogen dioxide (NO2),Mean,ppb,UHF42,211,Williamsburg - Bushwick,Summer 2016,06/01/2016,15.94,
412491,375,Nitrogen dioxide (NO2),Mean,ppb,UHF42,304,Upper West Side,Summer 2016,06/01/2016,19.1,
412490,375,Nitrogen dioxide (NO2),Mean,ppb,UHF42,304,Upper West Side,Winter 2015-16,12/01/2015,26.42,
740956,375,Nitrogen dioxide (NO2),Mean,ppb,UHF42,304,Upper West Side,Winter 2020-21,12/01/2020,22.81,
"518521,653,Asthma emergency departments visits due to Ozone,Estimated annual rate (under age 18),""per 100,000 children"",UHF42,211,Williamsburg - Bushwick,2012-2014,01/02/2012,196.9,"
"518617,655,Asthma hospitalizations due to Ozone,Estimated annual rate (under age 18),""per 100,000 children"",UHF42,211,Williamsburg - Bushwick,2012-2014,01/02/2012,33.4,"
"628982,655,Asthma hospitalizations due to Ozone,Estimated annual rate (under age 18),""per 100,000 children"",UHF42,211,Williamsburg - Bushwick,2015-2017,01/01/2015,20.5,"
"628886,653,Asthma emergency departments visits due to Ozone,Estimated annual rate (under age 18),""per 100,000 children"",UHF42,211,Williamsburg - Bushwick,2015-2017,01/01/2015,145.3,"
"518610,655,Asthma hospitalizations due to Ozone,Estimated annual rate (under age 18),""per 100,000 children"",UHF42,204,East New York,2012-2014,01/02/2012,36.1,"
"518514,653,Asthma emergency departments visits due to Ozone,Estimated annual rate (under age 18),""per 100,000 children"",UHF42,204,East New York,2012-2014,01/02/2012,182.4,"
"628879,653,Asthma emergency departments visits due to Ozone,Estimated annual rate (under age 18),""per 100,000 children"",UHF42,204,East New York,2015-2017,01/01/2015,163.6,"
"628975,655,Asthma hospitalizations due to Ozone,Estimated annual rate (under age 18),""per 100,000 children"",UHF42,204,East New York,2015-2017,01/01/2015,34.4,"
"518603,655,Asthma hospitalizations due to Ozone,Estimated annual rate (under age 18),""per 100,000 children"",UHF42,104,Pelham - Throgs Neck,2012-2014,01/02/2012,36.5,"
"518507,653,Asthma emergency departments visits due to Ozone,Estimated annual rate (under age 18),""per 100,000 children"",UHF42,104,Pelham - Throgs Neck,2012-2014,01/02/2012,164.3,"
"628968,655,Asthma hospitalizations due to Ozone,Estimated annual rate (under age 18),""per 100,000 children"",UHF42,104,Pelham - Throgs Neck,2015-2017,01/01/2015,28.7,"
"628872,653,Asthma emergency departments visits due to Ozone,Estimated annual rate (under age 18),""per 100,000 children"",UHF42,104,Pelham - Throgs Neck,2015-2017,01/01/2015,131.3,"
"518545,653,Asthma emergency departments visits due to Ozone,Estimated annual rate (under age 18),""per 100,000 children"",UHF42,504,South Beach - Tottenville,2012-2014,01/02/2012,29,"
"518641,655,Asthma hospitalizations due to Ozone,Estimated annual rate (under age 18),""per 100,000 children"",UHF42,504,South Beach - Tottenville,2012-2014,01/02/2012,6.4,"
"628910,653,Asthma emergency departments visits due to Ozone,Estimated annual rate (under age 18),""per 100,000 children"",UHF42,504,South Beach - Tottenville,2015-2017,01/01/2015,19.3,"
"629006,655,Asthma hospitalizations due to Ozone,Estimated annual rate (under age 18),""per 100,000 children"",UHF42,504,South Beach - Tottenville,2015-2017,01/01/2015,5.1,"
605949,365,Fine particles (PM 2.5),Mean,mcg/m3,CD,207,Kingsbridge Heights and Bedford (CD7),Summer 2018,06/01/2018,8.75,
669864,365,Fine particles (PM 2.5),Mean,mcg/m3,CD,207,Kingsbridge Heights and Bedford (CD7),Summer 2020,06/01/2020,7.26,
177202,365,Fine particles (PM 2.5),Mean,mcg/m3,UHF42,304,Upper West Side,Winter 2009-10,12/01/2009,11.26,
669785,365,Fine particles (PM 2.5),Mean,mcg/m3,UHF42,211,Williamsburg - Bushwick,Summer 2020,06/01/2020,7.55,
168619,365,Fine particles (PM 2.5),Mean,mcg/m3,CD,407,Flushing and Whitestone (CD7),Winter 2011-12,12/01/2011,9.26,
214156,365,Fine particles (PM 2.5),Mean,mcg/m3,CD,407,Flushing and Whitestone (CD7),Annual Average 2014,12/01/2013,8.69,
"518525,653,Asthma emergency departments visits due to Ozone,Estimated annual rate (under age 18),""per 100,000 children"",UHF42,304,Upper West Side,2012-2014,01/02/2012,69.6,"
"518621,655,Asthma hospitalizations due to Ozone,Estimated annual rate (under age 18),""per 100,000 children"",UHF42,304,Upper West Side,2012-2014,01/02/2012,9.1,"
"628986,655,Asthma hospitalizations due to Ozone,Estimated annual rate (under age 18),""per 100,000 children"",UHF42,304,Upper West Side,2015-2017,01/01/2015,6.6,"
"628890,653,Asthma emergency departments visits due to Ozone,Estimated annual rate (under age 18),""per 100,000 children"",UHF42,304,Upper West Side,2015-2017,01/01/2015,60.6,"
"131432,648,Asthma emergency department visits due to PM2.5,Estimated annual rate (under age 18),""per 100,000 children"",UHF42,304,Upper West Side,2009-2011,01/01/2009,74.2,"
"151472,653,Asthma emergency departments visits due to Ozone,Estimated annual rate (under age 18),""per 100,000 children"",UHF42,504,South Beach - Tottenville,2009-2011,01/01/2009,29.8,"
"151448,653,Asthma emergency departments visits due to Ozone,Estimated annual rate (under age 18),""per 100,000 children"",UHF42,211,Williamsburg - Bushwick,2009-2011,01/01/2009,185.8,"
175942,375,Nitrogen dioxide (NO2),Mean,ppb,UHF42,304,Upper West Side,Summer 2010,06/01/2010,26.72,
740923,375,Nitrogen dioxide (NO2),Mean,ppb,UHF42,204,East New York,Winter 2020-21,12/01/2020,22.24,
"518857,651,Cardiovascular hospitalizations due to PM2.5 (age 40+),Estimated annual rate,""per 100,000 adults"",UHF42,211,Williamsburg - Bushwick,2012-2014,01/02/2012,19.2,"
"628598,651,Cardiovascular hospitalizations due to PM2.5 (age 40+),Estimated annual rate,""per 100,000 adults"",UHF42,211,Williamsburg - Bushwick,2015-2017,01/01/2015,21,"
"628580,651,Cardiovascular hospitalizations due to PM2.5 (age 40+),Estimated annual rate,""per 100,000 adults"",Borough,5,Staten Island,2015-2017,01/01/2015,17,"
"518850,651,Cardiovascular hospitalizations due to PM2.5 (age 40+),Estimated annual rate,""per 100,000 adults"",UHF42,204,East New York,2012-2014,01/02/2012,16.93,"
"628591,651,Cardiovascular hospitalizations due to PM2.5 (age 40+),Estimated annual rate,""per 100,000 adults"",UHF42,204,East New York,2015-2017,01/01/2015,22.8,"
"518843,651,Cardiovascular hospitalizations due to PM2.5 (age 40+),Estimated annual rate,""per 100,000 adults"",UHF42,104,Pelham - Throgs Neck,2012-2014,01/02/2012,13.9,"
"628584,651,Cardiovascular hospitalizations due to PM2.5 (age 40+),Estimated annual rate,""per 100,000 adults"",UHF42,104,Pelham - Throgs Neck,2015-2017,01/01/2015,19.2,"
"518881,651,Cardiovascular hospitalizations due to PM2.5 (age 40+),Estimated annual rate,""per 100,000 adults"",UHF42,504,South Beach - Tottenville,2012-2014,01/02/2012,11.39,"
"518861,651,Cardiovascular hospitalizations due to PM2.5 (age 40+),Estimated annual rate,""per 100,000 adults"",UHF42,304,Upper West Side,2012-2014,01/02/2012,9.57,"
"628602,651,Cardiovascular hospitalizations due to PM2.5 (age 40+),Estimated annual rate,""per 100,000 adults"",UHF42,304,Upper West Side,2015-2017,01/01/2015,12.3,"
740944,375,Nitrogen dioxide (NO2),Mean,ppb,UHF42,211,Williamsburg - Bushwick,Winter 2020-21,12/01/2020,24.12,
212433,375,Nitrogen dioxide (NO2),Mean,ppb,UHF42,211,Williamsburg - Bushwick,Summer 2014,06/01/2014,17,
336541,375,Nitrogen dioxide (NO2),Mean,ppb,UHF42,211,Williamsburg - Bushwick,Annual Average 2015,01/01/2015,21.27,
336553,375,Nitrogen dioxide (NO2),Mean,ppb,UHF42,304,Upper West Side,Annual Average 2015,01/01/2015,23.86,
667117,375,Nitrogen dioxide (NO2),Mean,ppb,UHF42,204,East New York,Annual Average 2020,01/01/2020,15.74,
643350,375,Nitrogen dioxide (NO2),Mean,ppb,UHF42,204,East New York,Winter 2018-19,12/01/2018,21.57,
667159,375,Nitrogen dioxide (NO2),Mean,ppb,UHF42,211,Williamsburg - Bushwick,Annual Average 2020,01/01/2020,18.5,
643371,375,Nitrogen dioxide (NO2),Mean,ppb,UHF42,211,Williamsburg - Bushwick,Winter 2018-19,12/01/2018,25.25,
165964,375,Nitrogen dioxide (NO2),Mean,ppb,CD,407,Flushing and Whitestone (CD7),Winter 2011-12,12/01/2011,22.78,
213625,375,Nitrogen dioxide (NO2),Mean,ppb,CD,407,Flushing and Whitestone (CD7),Annual Average 2014,12/01/2013,19.42,
"629198,652,Cardiac and respiratory deaths due to Ozone,Estimated annual rate,""per 100,000"",UHF42,504,South Beach - Tottenville,2015-2017,01/01/2015,7.7,"
"518727,652,Cardiac and respiratory deaths due to Ozone,Estimated annual rate,""per 100,000"",UHF42,404,Bayside - Little Neck,2012-2014,01/02/2012,4.8,"
"629188,652,Cardiac and respiratory deaths due to Ozone,Estimated annual rate,""per 100,000"",UHF42,404,Bayside - Little Neck,2015-2017,01/01/2015,5.3,"
"518706,652,Cardiac and respiratory deaths due to Ozone,Estimated annual rate,""per 100,000"",UHF42,204,East New York,2012-2014,01/02/2012,4,"
"629167,652,Cardiac and respiratory deaths due to Ozone,Estimated annual rate,""per 100,000"",UHF42,204,East New York,2015-2017,01/01/2015,4.1,"
"518699,652,Cardiac and respiratory deaths due to Ozone,Estimated annual rate,""per 100,000"",UHF42,104,Pelham - Throgs Neck,2012-2014,01/02/2012,5.5,"
"629160,652,Cardiac and respiratory deaths due to Ozone,Estimated annual rate,""per 100,000"",UHF42,104,Pelham - Throgs Neck,2015-2017,01/01/2015,4.8,"
"629178,652,Cardiac and respiratory deaths due to Ozone,Estimated annual rate,""per 100,000"",UHF42,304,Upper West Side,2015-2017,01/01/2015,4.6,"
"518737,652,Cardiac and respiratory deaths due to Ozone,Estimated annual rate,""per 100,000"",UHF42,504,South Beach - Tottenville,2012-2014,01/02/2012,7.2,"
"518717,652,Cardiac and respiratory deaths due to Ozone,Estimated annual rate,""per 100,000"",UHF42,304,Upper West Side,2012-2014,01/02/2012,4.8,"
165953,375,Nitrogen dioxide (NO2),Mean,ppb,CD,314,Flatbush and Midwood (CD14),Winter 2011-12,12/01/2011,23.16,
165835,375,Nitrogen dioxide (NO2),Mean,ppb,CD,314,Flatbush and Midwood (CD14),Winter 2009-10,12/01/2009,27.74,
213614,375,Nitrogen dioxide (NO2),Mean,ppb,CD,314,Flatbush and Midwood (CD14),Annual Average 2014,12/01/2013,20,
550102,375,Nitrogen dioxide (NO2),Mean,ppb,CD,314,Flatbush and Midwood (CD14),Summer 2017,06/01/2017,13.23,
603045,375,Nitrogen dioxide (NO2),Mean,ppb,CD,314,Flatbush and Midwood (CD14),Summer 2018,06/01/2018,11.74,
667743,375,Nitrogen dioxide (NO2),Mean,ppb,CD,314,Flatbush and Midwood (CD14),Summer 2020,06/01/2020,10.3,
175416,375,Nitrogen dioxide (NO2),Mean,ppb,UHF42,504,South Beach - Tottenville,Winter 2011-12,12/01/2011,15.98,
169386,365,Fine particles (PM 2.5),Mean,mcg/m3,CD,407,Flushing and Whitestone (CD7),Summer 2010,06/01/2010,11.62,
168667,365,Fine particles (PM 2.5),Mean,mcg/m3,CD,314,Flatbush and Midwood (CD14),Winter 2012-13,12/01/2012,10.19,
170260,365,Fine particles (PM 2.5),Mean,mcg/m3,CD,314,Flatbush and Midwood (CD14),Annual Average 2010,12/01/2009,9.72,
650006,365,Fine particles (PM 2.5),Mean,mcg/m3,CD,314,Flatbush and Midwood (CD14),Summer 2019,06/01/2019,7.78,
669920,365,Fine particles (PM 2.5),Mean,mcg/m3,CD,314,Flatbush and Midwood (CD14),Winter 2019-20,12/01/2019,7.45,
165828,375,Nitrogen dioxide (NO2),Mean,ppb,CD,307,Sunset Park (CD7),Winter 2009-10,12/01/2009,27.59,
165946,375,Nitrogen dioxide (NO2),Mean,ppb,CD,307,Sunset Park (CD7),Winter 2011-12,12/01/2011,24.36,
213607,375,Nitrogen dioxide (NO2),Mean,ppb,CD,307,Sunset Park (CD7),Annual Average 2014,12/01/2013,20.33,
550083,375,Nitrogen dioxide (NO2),Mean,ppb,CD,307,Sunset Park (CD7),Winter 2016-17,12/01/2016,24.43,
667701,375,Nitrogen dioxide (NO2),Mean,ppb,CD,307,Sunset Park (CD7),Summer 2020,06/01/2020,11.85,
175308,375,Nitrogen dioxide (NO2),Mean,ppb,UHF42,211,Williamsburg - Bushwick,Winter 2009-10,12/01/2009,28.63,
212559,375,Nitrogen dioxide (NO2),Mean,ppb,UHF42,211,Williamsburg - Bushwick,Annual Average 2014,12/01/2013,22.2,
549811,375,Nitrogen dioxide (NO2),Mean,ppb,UHF42,211,Williamsburg - Bushwick,Summer 2017,06/01/2017,15.73,
549813,375,Nitrogen dioxide (NO2),Mean,ppb,UHF42,211,Williamsburg - Bushwick,Winter 2016-17,12/01/2016,26.64,
667161,375,Nitrogen dioxide (NO2),Mean,ppb,UHF42,211,Williamsburg - Bushwick,Summer 2020,06/01/2020,13.24,
212563,375,Nitrogen dioxide (NO2),Mean,ppb,UHF42,304,Upper West Side,Annual Average 2014,12/01/2013,25.1,
549825,375,Nitrogen dioxide (NO2),Mean,ppb,UHF42,304,Upper West Side,Winter 2016-17,12/01/2016,28.64,
549823,375,Nitrogen dioxide (NO2),Mean,ppb,UHF42,304,Upper West Side,Summer 2017,06/01/2017,19.98,
602766,375,Nitrogen dioxide (NO2),Mean,ppb,UHF42,304,Upper West Side,Summer 2018,06/01/2018,18.4,
131842,386,Ozone (O3),Mean,ppb,Borough,5,Staten Island,2-Year Summer Average 2009-2010,06/01/2009,30,
549326,386,Ozone (O3),Mean,ppb,Borough,5,Staten Island,Summer 2017,06/01/2017,28.46,
549344,386,Ozone (O3),Mean,ppb,UHF42,211,Williamsburg - Bushwick,Summer 2017,06/01/2017,29.33,
605247,386,Ozone (O3),Mean,ppb,UHF42,211,Williamsburg - Bushwick,Summer 2018,06/01/2018,29.64,
121674,386,Ozone (O3),Mean,ppb,CD,307,Sunset Park (CD7),2-Year Summer Average 2009-2010,06/01/2009,27.57,
549434,386,Ozone (O3),Mean,ppb,CD,307,Sunset Park (CD7),Summer 2017,06/01/2017,29.19,
605337,386,Ozone (O3),Mean,ppb,CD,307,Sunset Park (CD7),Summer 2018,06/01/2018,29.43,
165816,375,Nitrogen dioxide (NO2),Mean,ppb,CD,207,Kingsbridge Heights and Bedford (CD7),Winter 2009-10,12/01/2009,25.37,
165934,375,Nitrogen dioxide (NO2),Mean,ppb,CD,207,Kingsbridge Heights and Bedford (CD7),Winter 2011-12,12/01/2011,24.77,
213595,375,Nitrogen dioxide (NO2),Mean,ppb,CD,207,Kingsbridge Heights and Bedford (CD7),Annual Average 2014,12/01/2013,20.73,
"628948,659,Asthma emergency departments visits due to Ozone,Estimated annual rate (age 18+),""per 100,000 adults"",UHF42,404,Bayside - Little Neck,2015-2017,01/01/2015,7,"
"518569,659,Asthma emergency departments visits due to Ozone,Estimated annual rate (age 18+),""per 100,000 adults"",UHF42,211,Williamsburg - Bushwick,2012-2014,01/02/2012,120.8,"
"628934,659,Asthma emergency departments visits due to Ozone,Estimated annual rate (age 18+),""per 100,000 adults"",UHF42,211,Williamsburg - Bushwick,2015-2017,01/01/2015,96.7,"
"151393,652,Cardiac and respiratory deaths due to Ozone,Estimated annual rate,""per 100,000"",UHF42,204,East New York,2009-2011,01/01/2009,3.5,"
"151386,652,Cardiac and respiratory deaths due to Ozone,Estimated annual rate,""per 100,000"",UHF42,104,Pelham - Throgs Neck,2009-2011,01/01/2009,4.5,"
"151414,652,Cardiac and respiratory deaths due to Ozone,Estimated annual rate,""per 100,000"",UHF42,404,Bayside - Little Neck,2009-2011,01/01/2009,4.5,"
325122,645,Annual vehicle miles travelled (trucks),million miles,per km2,UHF42,404,Bayside - Little Neck,2016,01/01/2016,1.9,
151729,645,Annual vehicle miles travelled (trucks),million miles,per km2,UHF42,204,East New York,2005,01/01/2005,2.3,
151640,643,Annual vehicle miles traveled,million miles,per km2,UHF42,211,Williamsburg - Bushwick,2005,01/01/2005,15.5,
178458,365,Fine particles (PM 2.5),Mean,mcg/m3,UHF42,211,Williamsburg - Bushwick,Annual Average 2010,12/01/2009,10.33,
177324,365,Fine particles (PM 2.5),Mean,mcg/m3,UHF42,211,Williamsburg - Bushwick,Winter 2012-13,12/01/2012,12.17,
334004,365,Fine particles (PM 2.5),Mean,mcg/m3,UHF42,211,Williamsburg - Bushwick,Summer 2015,06/01/2015,10.2,
130462,641,Boiler Emissions- Total PM2.5 Emissions,Number per km2,number,UHF42,211,Williamsburg - Bushwick,2013,01/01/2013,0.1,
130510,642,Boiler Emissions- Total NOx Emissions,Number per km2,number,UHF42,211,Williamsburg - Bushwick,2013,01/01/2013,27.8,
130503,642,Boiler Emissions- Total NOx Emissions,Number per km2,number,UHF42,204,East New York,2013,01/01/2013,14.7,
"131384,657,Asthma emergency department visits due to PM2.5,Estimated annual rate (age 18+),""per 100,000 adults"",UHF42,304,Upper West Side,2009-2011,01/01/2009,25.5,"
"131260,657,Asthma emergency department visits due to PM2.5,Estimated annual rate (age 18+),""per 100,000 adults"",UHF42,504,South Beach - Tottenville,2005-2007,01/01/2005,16.5,"
336887,375,Nitrogen dioxide (NO2),Mean,ppb,CD,414,Rockaway and Broad Channel (CD14),Summer 2015,06/01/2015,6.87,
667808,375,Nitrogen dioxide (NO2),Mean,ppb,CD,407,Flushing and Whitestone (CD7),Winter 2019-20,12/01/2019,22.99,
643694,375,Nitrogen dioxide (NO2),Mean,ppb,CD,407,Flushing and Whitestone (CD7),Summer 2019,06/01/2019,13.58,
166023,375,Nitrogen dioxide (NO2),Mean,ppb,CD,407,Flushing and Whitestone (CD7),Winter 2012-13,12/01/2012,22.11,
212328,375,Nitrogen dioxide (NO2),Mean,ppb,UHF42,501,Port Richmond,Winter 2013-14,12/01/2013,24.53,
212318,375,Nitrogen dioxide (NO2),Mean,ppb,UHF42,401,Long Island City - Astoria,Winter 2013-14,12/01/2013,29.39,
602788,375,Nitrogen dioxide (NO2),Mean,ppb,UHF42,401,Long Island City - Astoria,Winter 2017-18,12/01/2017,27.14,
175277,375,Nitrogen dioxide (NO2),Mean,ppb,UHF42,401,Long Island City - Astoria,Winter 2008-09,12/01/2008,31.39,
179106,375,Nitrogen dioxide (NO2),Mean,ppb,Citywide,1,New York City,Winter 2011-12,12/01/2011,22.54,
549988,375,Nitrogen dioxide (NO2),Mean,ppb,Citywide,1,New York City,Summer 2017,06/01/2017,13.4,
131837,386,Ozone (O3),Mean,ppb,Citywide,1,New York City,2-Year Summer Average 2009-2010,06/01/2009,28.1,
605306,386,Ozone (O3),Mean,ppb,Citywide,1,New York City,Summer 2018,06/01/2018,30.56,
549403,386,Ozone (O3),Mean,ppb,Citywide,1,New York City,Summer 2017,06/01/2017,29.54,
670903,386,Ozone (O3),Mean,ppb,Citywide,1,New York City,Summer 2020,06/01/2020,29.84,
667515,375,Nitrogen dioxide (NO2),Mean,ppb,Citywide,1,New York City,Summer 2020,06/01/2020,10.61,
211333,375,Nitrogen dioxide (NO2),Mean,ppb,Citywide,1,New York City,Annual Average 2014,12/01/2013,18.89,
549990,375,Nitrogen dioxide (NO2),Mean,ppb,Citywide,1,New York City,Winter 2016-17,12/01/2016,24.12,
602931,375,Nitrogen dioxide (NO2),Mean,ppb,Citywide,1,New York City,Summer 2018,06/01/2018,12.32,
179104,375,Nitrogen dioxide (NO2),Mean,ppb,Citywide,1,New York City,Winter 2009-10,12/01/2009,24.77,
219692,386,Ozone (O3),Mean,ppb,Citywide,1,New York City,Summer 2009,06/01/2009,26,
179105,375,Nitrogen dioxide (NO2),Mean,ppb,Citywide,1,New York City,Winter 2010-11,12/01/2010,28.07,
336720,375,Nitrogen dioxide (NO2),Mean,ppb,Citywide,1,New York City,Winter 2014-15,12/01/2014,23.74,
741123,375,Nitrogen dioxide (NO2),Mean,ppb,Citywide,1,New York City,Annual Average 2021,01/01/2021,15.68,
179118,375,Nitrogen dioxide (NO2),Mean,ppb,Citywide,1,New York City,Summer 2009,06/01/2009,18.9,
179137,375,Nitrogen dioxide (NO2),Mean,ppb,Citywide,1,New York City,Annual Average 2013,12/01/2012,18.83,
549989,375,Nitrogen dioxide (NO2),Mean,ppb,Citywide,1,New York City,Annual Average 2017,01/01/2017,17.77,
412656,375,Nitrogen dioxide (NO2),Mean,ppb,Citywide,1,New York City,Summer 2016,06/01/2016,13.2,
741121,375,Nitrogen dioxide (NO2),Mean,ppb,Citywide,1,New York City,Winter 2020-21,12/01/2020,20.9,
219693,386,Ozone (O3),Mean,ppb,Citywide,1,New York City,Summer 2010,06/01/2010,33.68,
219694,386,Ozone (O3),Mean,ppb,Citywide,1,New York City,Summer 2011,06/01/2011,33.1,
412070,386,Ozone (O3),Mean,ppb,Citywide,1,New York City,Summer 2016,06/01/2016,33.82,
179119,375,Nitrogen dioxide (NO2),Mean,ppb,Citywide,1,New York City,Summer 2010,06/01/2010,17.59,
412655,375,Nitrogen dioxide (NO2),Mean,ppb,Citywide,1,New York City,Winter 2015-16,12/01/2015,22.12,
179120,375,Nitrogen dioxide (NO2),Mean,ppb,Citywide,1,New York City,Summer 2011,06/01/2011,17.14,
740895,375,Nitrogen dioxide (NO2),Mean,ppb,UHF42,101,Kingsbridge - Riverdale,Annual Average 2021,01/01/2021,14.77,
605230,386,Ozone (O3),Mean,ppb,UHF42,101,Kingsbridge - Riverdale,Summer 2018,06/01/2018,29.8,
670979,386,Ozone (O3),Mean,ppb,UHF42,101,Kingsbridge - Riverdale,Summer 2020,06/01/2020,28.49,
667059,375,Nitrogen dioxide (NO2),Mean,ppb,UHF42,101,Kingsbridge - Riverdale,Summer 2020,06/01/2020,12.22,
165790,375,Nitrogen dioxide (NO2),Mean,ppb,CD,410,South Ozone Park and Howard Beach (CD10),Winter 2008-09,12/01/2008,28.57,
173645,365,Fine particles (PM 2.5),Mean,mcg/m3,UHF34,209,Bensonhurst - Bay Ridge,Summer 2010,06/01/2010,11.56,
122003,386,Ozone (O3),Mean,ppb,UHF42,106,High Bridge - Morrisania,2-Year Summer Average 2009-2010,06/01/2009,26.33,
605227,386,Ozone (O3),Mean,ppb,Borough,3,Manhattan,Summer 2018,06/01/2018,26.98,
650958,386,Ozone (O3),Mean,ppb,UHF42,409,Southeast Queens,Summer 2019,06/01/2019,33.42,
650959,386,Ozone (O3),Mean,ppb,UHF42,410,Rockaways,Summer 2019,06/01/2019,37.44,
338198,386,Ozone (O3),Mean,ppb,UHF42,309,Union Square - Lower East Side,Summer 2015,06/01/2015,27.73,
650948,386,Ozone (O3),Mean,ppb,UHF42,309,Union Square - Lower East Side,Summer 2019,06/01/2019,25.72,
338199,386,Ozone (O3),Mean,ppb,UHF42,310,Lower Manhattan,Summer 2015,06/01/2015,26.98,
650949,386,Ozone (O3),Mean,ppb,UHF42,310,Lower Manhattan,Summer 2019,06/01/2019,24.72,
643334,375,Nitrogen dioxide (NO2),Mean,ppb,UHF42,106,High Bridge - Morrisania,Summer 2019,06/01/2019,15.43,
667148,375,Nitrogen dioxide (NO2),Mean,ppb,UHF42,209,Bensonhurst - Bay Ridge,Winter 2019-20,12/01/2019,23.75,
338187,386,Ozone (O3),Mean,ppb,UHF42,209,Bensonhurst - Bay Ridge,Summer 2015,06/01/2015,32.83,
338184,386,Ozone (O3),Mean,ppb,UHF42,206,Borough Park,Summer 2015,06/01/2015,32.14,
650937,386,Ozone (O3),Mean,ppb,UHF42,209,Bensonhurst - Bay Ridge,Summer 2019,06/01/2019,30.83,
650919,386,Ozone (O3),Mean,ppb,Borough,3,Manhattan,Summer 2019,06/01/2019,25.85,
175286,375,Nitrogen dioxide (NO2),Mean,ppb,UHF42,410,Rockaways,Winter 2008-09,12/01/2008,21.03,
212327,375,Nitrogen dioxide (NO2),Mean,ppb,UHF42,410,Rockaways,Winter 2013-14,12/01/2013,22.68,
222431,386,Ozone (O3),Mean,ppb,UHF42,106,High Bridge - Morrisania,Summer 2009,06/01/2009,22.64,
219977,386,Ozone (O3),Mean,ppb,Borough,3,Manhattan,Summer 2009,06/01/2009,20.44,
549776,375,Nitrogen dioxide (NO2),Mean,ppb,UHF42,106,High Bridge - Morrisania,Annual Average 2017,01/01/2017,21.66,
175884,375,Nitrogen dioxide (NO2),Mean,ppb,UHF42,106,High Bridge - Morrisania,Summer 2009,06/01/2009,26.46,
175338,375,Nitrogen dioxide (NO2),Mean,ppb,UHF42,106,High Bridge - Morrisania,Winter 2010-11,12/01/2010,32.09,
549806,375,Nitrogen dioxide (NO2),Mean,ppb,UHF42,209,Bensonhurst - Bay Ridge,Annual Average 2017,01/01/2017,17.69,
222474,386,Ozone (O3),Mean,ppb,UHF42,206,Borough Park,Summer 2010,06/01/2010,33.38,
412006,386,Ozone (O3),Mean,ppb,UHF42,206,Borough Park,Summer 2016,06/01/2016,33.54,
411991,386,Ozone (O3),Mean,ppb,Borough,3,Manhattan,Summer 2016,06/01/2016,30.3,
219979,386,Ozone (O3),Mean,ppb,Borough,3,Manhattan,Summer 2011,06/01/2011,27.27,
222432,386,Ozone (O3),Mean,ppb,UHF42,106,High Bridge - Morrisania,Summer 2010,06/01/2010,31.25,
222433,386,Ozone (O3),Mean,ppb,UHF42,106,High Bridge - Morrisania,Summer 2011,06/01/2011,31.12,
411999,386,Ozone (O3),Mean,ppb,UHF42,106,High Bridge - Morrisania,Summer 2016,06/01/2016,32.34,
179350,375,Nitrogen dioxide (NO2),Mean,ppb,Borough,3,Manhattan,Summer 2010,06/01/2010,28.52,
179355,375,Nitrogen dioxide (NO2),Mean,ppb,Borough,3,Manhattan,Summer 2011,06/01/2011,27.72,
175285,375,Nitrogen dioxide (NO2),Mean,ppb,UHF42,409,Southeast Queens,Winter 2008-09,12/01/2008,25.88,
602815,375,Nitrogen dioxide (NO2),Mean,ppb,UHF42,410,Rockaways,Winter 2017-18,12/01/2017,14.41,
212316,375,Nitrogen dioxide (NO2),Mean,ppb,UHF42,309,Union Square - Lower East Side,Winter 2013-14,12/01/2013,32.79,
175276,375,Nitrogen dioxide (NO2),Mean,ppb,UHF42,310,Lower Manhattan,Winter 2008-09,12/01/2008,41.31,
643426,375,Nitrogen dioxide (NO2),Mean,ppb,UHF42,409,Southeast Queens,Annual Average 2019,01/01/2019,14.5,
222486,386,Ozone (O3),Mean,ppb,UHF42,208,Canarsie - Flatlands,Summer 2010,06/01/2010,36.12,
219967,386,Ozone (O3),Mean,ppb,Borough,1,Bronx,Summer 2011,06/01/2011,32.91,
219966,386,Ozone (O3),Mean,ppb,Borough,1,Bronx,Summer 2010,06/01/2010,33.16,
219973,386,Ozone (O3),Mean,ppb,Borough,2,Brooklyn,Summer 2011,06/01/2011,33.19,
179353,375,Nitrogen dioxide (NO2),Mean,ppb,Borough,1,Bronx,Summer 2011,06/01/2011,18.31,
602776,375,Nitrogen dioxide (NO2),Mean,ppb,UHF42,307,Gramercy Park - Murray Hill,Winter 2017-18,12/01/2017,33.05,
212325,375,Nitrogen dioxide (NO2),Mean,ppb,UHF42,408,Jamaica,Winter 2013-14,12/01/2013,26.89,
643423,375,Nitrogen dioxide (NO2),Mean,ppb,UHF42,408,Jamaica,Annual Average 2019,01/01/2019,15.51,
602779,375,Nitrogen dioxide (NO2),Mean,ppb,UHF42,308,Greenwich Village - SoHo,Winter 2017-18,12/01/2017,29.62,
175274,375,Nitrogen dioxide (NO2),Mean,ppb,UHF42,308,Greenwich Village - SoHo,Winter 2008-09,12/01/2008,39.62,
643390,375,Nitrogen dioxide (NO2),Mean,ppb,UHF42,307,Gramercy Park - Murray Hill,Annual Average 2019,01/01/2019,26.22,
175273,375,Nitrogen dioxide (NO2),Mean,ppb,UHF42,307,Gramercy Park - Murray Hill,Winter 2008-09,12/01/2008,47.43,
549803,375,Nitrogen dioxide (NO2),Mean,ppb,UHF42,208,Canarsie - Flatlands,Annual Average 2017,01/01/2017,15.64,
549746,375,Nitrogen dioxide (NO2),Mean,ppb,Borough,1,Bronx,Annual Average 2017,01/01/2017,19.35,
336477,375,Nitrogen dioxide (NO2),Mean,ppb,Borough,1,Bronx,Winter 2014-15,12/01/2014,23.92,
179279,375,Nitrogen dioxide (NO2),Mean,ppb,Borough,2,Brooklyn,Winter 2010-11,12/01/2010,29.66,
179344,375,Nitrogen dioxide (NO2),Mean,ppb,Borough,2,Brooklyn,Summer 2009,06/01/2009,20.14,
179439,375,Nitrogen dioxide (NO2),Mean,ppb,Borough,2,Brooklyn,Annual Average 2013,12/01/2012,19.92,
179278,375,Nitrogen dioxide (NO2),Mean,ppb,Borough,1,Bronx,Winter 2010-11,12/01/2010,28.19,
670983,386,Ozone (O3),Mean,ppb,Borough,2,Brooklyn,Summer 2020,06/01/2020,29.69,
131839,386,Ozone (O3),Mean,ppb,Borough,2,Brooklyn,2-Year Summer Average 2009-2010,06/01/2009,28,
549341,386,Ozone (O3),Mean,ppb,UHF42,208,Canarsie - Flatlands,Summer 2017,06/01/2017,32.45,
605244,386,Ozone (O3),Mean,ppb,UHF42,208,Canarsie - Flatlands,Summer 2018,06/01/2018,32.96,
670965,386,Ozone (O3),Mean,ppb,UHF42,208,Canarsie - Flatlands,Summer 2020,06/01/2020,30.36,
549323,386,Ozone (O3),Mean,ppb,Borough,2,Brooklyn,Summer 2017,06/01/2017,30.26,
122004,386,Ozone (O3),Mean,ppb,UHF42,107,Hunts Point - Mott Haven,2-Year Summer Average 2009-2010,06/01/2009,27.68,
549322,386,Ozone (O3),Mean,ppb,Borough,1,Bronx,Summer 2017,06/01/2017,28.85,
175305,375,Nitrogen dioxide (NO2),Mean,ppb,UHF42,208,Canarsie - Flatlands,Winter 2009-10,12/01/2009,24.61,
175389,375,Nitrogen dioxide (NO2),Mean,ppb,UHF42,208,Canarsie - Flatlands,Winter 2011-12,12/01/2011,20.3,
549804,375,Nitrogen dioxide (NO2),Mean,ppb,UHF42,208,Canarsie - Flatlands,Winter 2016-17,12/01/2016,22.76,
602745,375,Nitrogen dioxide (NO2),Mean,ppb,UHF42,208,Canarsie - Flatlands,Summer 2018,06/01/2018,9.05,
667143,375,Nitrogen dioxide (NO2),Mean,ppb,UHF42,208,Canarsie - Flatlands,Summer 2020,06/01/2020,8.63,
549748,375,Nitrogen dioxide (NO2),Mean,ppb,Borough,2,Brooklyn,Summer 2017,06/01/2017,13.44,
165783,375,Nitrogen dioxide (NO2),Mean,ppb,CD,403,Jackson Heights (CD3),Winter 2008-09,12/01/2008,30.68,
603067,375,Nitrogen dioxide (NO2),Mean,ppb,CD,403,Jackson Heights (CD3),Winter 2017-18,12/01/2017,26.1,
173634,365,Fine particles (PM 2.5),Mean,mcg/m3,UHF34,102,Northeast Bronx,Summer 2010,06/01/2010,11.83,
173668,365,Fine particles (PM 2.5),Mean,mcg/m3,UHF34,102,Northeast Bronx,Summer 2011,06/01/2011,11.39,
650945,386,Ozone (O3),Mean,ppb,UHF42,306,Chelsea - Clinton,Summer 2019,06/01/2019,23.84,
338191,386,Ozone (O3),Mean,ppb,UHF42,302,Central Harlem - Morningside Heights,Summer 2015,06/01/2015,28.98,
650941,386,Ozone (O3),Mean,ppb,UHF42,302,Central Harlem - Morningside Heights,Summer 2019,06/01/2019,27.07,
167584,375,Nitrogen dioxide (NO2),Mean,ppb,CD,205,Fordham and University Heights (CD5),Annual Average 2010,12/01/2009,26.53,
643598,375,Nitrogen dioxide (NO2),Mean,ppb,CD,205,Fordham and University Heights (CD5),Summer 2019,06/01/2019,14.89,
667616,375,Nitrogen dioxide (NO2),Mean,ppb,CD,205,Fordham and University Heights (CD5),Winter 2019-20,12/01/2019,25.45,
650930,386,Ozone (O3),Mean,ppb,UHF42,202,Downtown - Heights - Slope,Summer 2019,06/01/2019,27.61,
338173,386,Ozone (O3),Mean,ppb,UHF42,102,Northeast Bronx,Summer 2015,06/01/2015,29.93,
338180,386,Ozone (O3),Mean,ppb,UHF42,202,Downtown - Heights - Slope,Summer 2015,06/01/2015,29.76,
602803,375,Nitrogen dioxide (NO2),Mean,ppb,UHF42,406,Fresh Meadows,Winter 2017-18,12/01/2017,24.31,
643417,375,Nitrogen dioxide (NO2),Mean,ppb,UHF42,406,Fresh Meadows,Annual Average 2019,01/01/2019,15.36,
222449,386,Ozone (O3),Mean,ppb,UHF42,202,Downtown - Heights - Slope,Summer 2009,06/01/2009,23.08,
175880,375,Nitrogen dioxide (NO2),Mean,ppb,UHF42,102,Northeast Bronx,Summer 2009,06/01/2009,17.94,
176678,375,Nitrogen dioxide (NO2),Mean,ppb,UHF42,102,Northeast Bronx,Annual Average 2013,12/01/2012,18.37,
175334,375,Nitrogen dioxide (NO2),Mean,ppb,UHF42,102,Northeast Bronx,Winter 2010-11,12/01/2010,25.99,
336495,375,Nitrogen dioxide (NO2),Mean,ppb,UHF42,102,Northeast Bronx,Winter 2014-15,12/01/2014,23.37,
222408,386,Ozone (O3),Mean,ppb,UHF42,102,Northeast Bronx,Summer 2010,06/01/2010,33.96,
411995,386,Ozone (O3),Mean,ppb,UHF42,102,Northeast Bronx,Summer 2016,06/01/2016,33.21,
222450,386,Ozone (O3),Mean,ppb,UHF42,202,Downtown - Heights - Slope,Summer 2010,06/01/2010,30.94,
175971,375,Nitrogen dioxide (NO2),Mean,ppb,UHF42,202,Downtown - Heights - Slope,Summer 2011,06/01/2011,22.21,
175929,375,Nitrogen dioxide (NO2),Mean,ppb,UHF42,202,Downtown - Heights - Slope,Summer 2010,06/01/2010,22.6,
175964,375,Nitrogen dioxide (NO2),Mean,ppb,UHF42,102,Northeast Bronx,Summer 2011,06/01/2011,17.16,
175922,375,Nitrogen dioxide (NO2),Mean,ppb,UHF42,102,Northeast Bronx,Summer 2010,06/01/2010,17.86,
412430,375,Nitrogen dioxide (NO2),Mean,ppb,UHF42,102,Northeast Bronx,Winter 2015-16,12/01/2015,21.25,
412431,375,Nitrogen dioxide (NO2),Mean,ppb,UHF42,102,Northeast Bronx,Summer 2016,06/01/2016,14.6,
175282,375,Nitrogen dioxide (NO2),Mean,ppb,UHF42,406,Fresh Meadows,Winter 2008-09,12/01/2008,28.26,
175268,375,Nitrogen dioxide (NO2),Mean,ppb,UHF42,302,Central Harlem - Morningside Heights,Winter 2008-09,12/01/2008,35.28,
212313,375,Nitrogen dioxide (NO2),Mean,ppb,UHF42,306,Chelsea - Clinton,Winter 2013-14,12/01/2013,36.89,
602773,375,Nitrogen dioxide (NO2),Mean,ppb,UHF42,306,Chelsea - Clinton,Winter 2017-18,12/01/2017,31.91,
643387,375,Nitrogen dioxide (NO2),Mean,ppb,UHF42,306,Chelsea - Clinton,Annual Average 2019,01/01/2019,26.02,
176685,375,Nitrogen dioxide (NO2),Mean,ppb,UHF42,202,Downtown - Heights - Slope,Annual Average 2013,12/01/2012,23.41,
336516,375,Nitrogen dioxide (NO2),Mean,ppb,UHF42,202,Downtown - Heights - Slope,Winter 2014-15,12/01/2014,27.03,
549764,375,Nitrogen dioxide (NO2),Mean,ppb,UHF42,102,Northeast Bronx,Annual Average 2017,01/01/2017,18.87,
740898,375,Nitrogen dioxide (NO2),Mean,ppb,UHF42,102,Northeast Bronx,Annual Average 2021,01/01/2021,15.98,
411998,386,Ozone (O3),Mean,ppb,UHF42,105,Crotona -Tremont,Summer 2016,06/01/2016,32.31,
412003,386,Ozone (O3),Mean,ppb,UHF42,203,Bedford Stuyvesant - Crown Heights,Summer 2016,06/01/2016,32.98,
222457,386,Ozone (O3),Mean,ppb,UHF42,203,Bedford Stuyvesant - Crown Heights,Summer 2011,06/01/2011,31.43,
412005,386,Ozone (O3),Mean,ppb,UHF42,205,Sunset Park,Summer 2016,06/01/2016,33.28,
222415,386,Ozone (O3),Mean,ppb,UHF42,103,Fordham - Bronx Pk,Summer 2011,06/01/2011,32.08,
411996,386,Ozone (O3),Mean,ppb,UHF42,103,Fordham - Bronx Pk,Summer 2016,06/01/2016,32.78,
222535,386,Ozone (O3),Mean,ppb,UHF42,305,Upper East Side,Summer 2011,06/01/2011,27.52,
222534,386,Ozone (O3),Mean,ppb,UHF42,305,Upper East Side,Summer 2010,06/01/2010,28.21,
222426,386,Ozone (O3),Mean,ppb,UHF42,105,Crotona -Tremont,Summer 2010,06/01/2010,31.63,
222427,386,Ozone (O3),Mean,ppb,UHF42,105,Crotona -Tremont,Summer 2011,06/01/2011,31.46,
175923,375,Nitrogen dioxide (NO2),Mean,ppb,UHF42,103,Fordham - Bronx Pk,Summer 2010,06/01/2010,19.72,
175965,375,Nitrogen dioxide (NO2),Mean,ppb,UHF42,103,Fordham - Bronx Pk,Summer 2011,06/01/2011,18.38,
740905,375,Nitrogen dioxide (NO2),Mean,ppb,UHF42,105,Crotona -Tremont,Winter 2020-21,12/01/2020,20.94,
175967,375,Nitrogen dioxide (NO2),Mean,ppb,UHF42,105,Crotona -Tremont,Summer 2011,06/01/2011,20.95,
212320,375,Nitrogen dioxide (NO2),Mean,ppb,UHF42,403,Flushing - Clearview,Winter 2013-14,12/01/2013,26.95,
643408,375,Nitrogen dioxide (NO2),Mean,ppb,UHF42,403,Flushing - Clearview,Annual Average 2019,01/01/2019,16.26,
175281,375,Nitrogen dioxide (NO2),Mean,ppb,UHF42,405,Ridgewood - Forest Hills,Winter 2008-09,12/01/2008,29.88,
212322,375,Nitrogen dioxide (NO2),Mean,ppb,UHF42,405,Ridgewood - Forest Hills,Winter 2013-14,12/01/2013,27.94,
175279,375,Nitrogen dioxide (NO2),Mean,ppb,UHF42,403,Flushing - Clearview,Winter 2008-09,12/01/2008,27.65,
602764,375,Nitrogen dioxide (NO2),Mean,ppb,UHF42,303,East Harlem,Winter 2017-18,12/01/2017,26.75,
643378,375,Nitrogen dioxide (NO2),Mean,ppb,UHF42,303,East Harlem,Annual Average 2019,01/01/2019,19.4,
175269,375,Nitrogen dioxide (NO2),Mean,ppb,UHF42,303,East Harlem,Winter 2008-09,12/01/2008,34.29,
549773,375,Nitrogen dioxide (NO2),Mean,ppb,UHF42,105,Crotona -Tremont,Annual Average 2017,01/01/2017,21.12,
549767,375,Nitrogen dioxide (NO2),Mean,ppb,UHF42,103,Fordham - Bronx Pk,Annual Average 2017,01/01/2017,19.15,
549338,386,Ozone (O3),Mean,ppb,UHF42,205,Sunset Park,Summer 2017,06/01/2017,29.26,
605241,386,Ozone (O3),Mean,ppb,UHF42,205,Sunset Park,Summer 2018,06/01/2018,29.49,
670968,386,Ozone (O3),Mean,ppb,UHF42,205,Sunset Park,Summer 2020,06/01/2020,28.93,
549329,386,Ozone (O3),Mean,ppb,UHF42,103,Fordham - Bronx Pk,Summer 2017,06/01/2017,28.34,
605232,386,Ozone (O3),Mean,ppb,UHF42,103,Fordham - Bronx Pk,Summer 2018,06/01/2018,30.6,
670977,386,Ozone (O3),Mean,ppb,UHF42,103,Fordham - Bronx Pk,Summer 2020,06/01/2020,30.17,
549349,386,Ozone (O3),Mean,ppb,UHF42,305,Upper East Side,Summer 2017,06/01/2017,25.24,
670975,386,Ozone (O3),Mean,ppb,UHF42,105,Crotona -Tremont,Summer 2020,06/01/2020,30.15,
605234,386,Ozone (O3),Mean,ppb,UHF42,105,Crotona -Tremont,Summer 2018,06/01/2018,29.96,
122002,386,Ozone (O3),Mean,ppb,UHF42,105,Crotona -Tremont,2-Year Summer Average 2009-2010,06/01/2009,26.72,
549774,375,Nitrogen dioxide (NO2),Mean,ppb,UHF42,105,Crotona -Tremont,Winter 2016-17,12/01/2016,27.7,
650035,365,Fine particles (PM 2.5),Mean,mcg/m3,CD,406,Rego Park and Forest Hills (CD6),Annual Average 2019,01/01/2019,6.46,
173679,365,Fine particles (PM 2.5),Mean,mcg/m3,UHF34,209,Bensonhurst - Bay Ridge,Summer 2011,06/01/2011,11.19,
410897,365,Fine particles (PM 2.5),Mean,mcg/m3,UHF34,209,Bensonhurst - Bay Ridge,Winter 2015-16,12/01/2015,7.71,
410898,365,Fine particles (PM 2.5),Mean,mcg/m3,UHF34,209,Bensonhurst - Bay Ridge,Summer 2016,06/01/2016,7.94,
168445,365,Fine particles (PM 2.5),Mean,mcg/m3,CD,410,South Ozone Park and Howard Beach (CD10),Winter 2008-09,12/01/2008,12.6,
213805,365,Fine particles (PM 2.5),Mean,mcg/m3,CD,410,South Ozone Park and Howard Beach (CD10),Winter 2013-14,12/01/2013,10.74,
650047,365,Fine particles (PM 2.5),Mean,mcg/m3,CD,410,South Ozone Park and Howard Beach (CD10),Annual Average 2019,01/01/2019,6.05,
213807,365,Fine particles (PM 2.5),Mean,mcg/m3,CD,412,Jamaica and Hollis (CD12),Winter 2013-14,12/01/2013,10.88,
606055,365,Fine particles (PM 2.5),Mean,mcg/m3,CD,412,Jamaica and Hollis (CD12),Winter 2017-18,12/01/2017,7.72,
212706,365,Fine particles (PM 2.5),Mean,mcg/m3,UHF42,501,Port Richmond,Winter 2013-14,12/01/2013,12.27,
212696,365,Fine particles (PM 2.5),Mean,mcg/m3,UHF42,401,Long Island City - Astoria,Winter 2013-14,12/01/2013,13.06,
605749,365,Fine particles (PM 2.5),Mean,mcg/m3,UHF42,401,Long Island City - Astoria,Winter 2017-18,12/01/2017,9.27,
649747,365,Fine particles (PM 2.5),Mean,mcg/m3,UHF42,401,Long Island City - Astoria,Annual Average 2019,01/01/2019,7.99,
177167,365,Fine particles (PM 2.5),Mean,mcg/m3,UHF42,401,Long Island City - Astoria,Winter 2008-09,12/01/2008,13.59,
179151,365,Fine particles (PM 2.5),Mean,mcg/m3,Citywide,1,New York City,Winter 2011-12,12/01/2011,9.15,
211342,365,Fine particles (PM 2.5),Mean,mcg/m3,Citywide,1,New York City,Annual Average 2014,12/01/2013,8.93,
547596,365,Fine particles (PM 2.5),Mean,mcg/m3,Citywide,1,New York City,Summer 2017,06/01/2017,8.95,
547598,365,Fine particles (PM 2.5),Mean,mcg/m3,Citywide,1,New York City,Winter 2016-17,12/01/2016,7.89,
605892,365,Fine particles (PM 2.5),Mean,mcg/m3,Citywide,1,New York City,Summer 2018,06/01/2018,8.32,
179149,365,Fine particles (PM 2.5),Mean,mcg/m3,Citywide,1,New York City,Winter 2009-10,12/01/2009,9.86,
669608,365,Fine particles (PM 2.5),Mean,mcg/m3,Citywide,1,New York City,Summer 2020,06/01/2020,6.95,
179163,365,Fine particles (PM 2.5),Mean,mcg/m3,Citywide,1,New York City,Summer 2009,06/01/2009,10.7,
179150,365,Fine particles (PM 2.5),Mean,mcg/m3,Citywide,1,New York City,Winter 2010-11,12/01/2010,12.56,
334182,365,Fine particles (PM 2.5),Mean,mcg/m3,Citywide,1,New York City,Winter 2014-15,12/01/2014,9.14,
742392,365,Fine particles (PM 2.5),Mean,mcg/m3,Citywide,1,New York City,Annual Average 2021,01/01/2021,6.54,
213274,375,Nitrogen dioxide (NO2),Mean,ppb,CD,410,South Ozone Park and Howard Beach (CD10),Winter 2013-14,12/01/2013,26.92,
603094,375,Nitrogen dioxide (NO2),Mean,ppb,CD,412,Jamaica and Hollis (CD12),Winter 2017-18,12/01/2017,23.87,
643708,375,Nitrogen dioxide (NO2),Mean,ppb,CD,412,Jamaica and Hollis (CD12),Annual Average 2019,01/01/2019,15.66,
643702,375,Nitrogen dioxide (NO2),Mean,ppb,CD,410,South Ozone Park and Howard Beach (CD10),Annual Average 2019,01/01/2019,14.53,
165792,375,Nitrogen dioxide (NO2),Mean,ppb,CD,412,Jamaica and Hollis (CD12),Winter 2008-09,12/01/2008,28.46,
213276,375,Nitrogen dioxide (NO2),Mean,ppb,CD,412,Jamaica and Hollis (CD12),Winter 2013-14,12/01/2013,27,
216333,386,Ozone (O3),Mean,ppb,CD,110,Central Harlem (CD10),Summer 2010,06/01/2010,29.84,
216334,386,Ozone (O3),Mean,ppb,CD,110,Central Harlem (CD10),Summer 2011,06/01/2011,29.52,
412080,386,Ozone (O3),Mean,ppb,CD,110,Central Harlem (CD10),Summer 2016,06/01/2016,31.42,
212317,375,Nitrogen dioxide (NO2),Mean,ppb,UHF42,310,Lower Manhattan,Winter 2013-14,12/01/2013,34.47,
602785,375,Nitrogen dioxide (NO2),Mean,ppb,UHF42,310,Lower Manhattan,Winter 2017-18,12/01/2017,30.06,
643399,375,Nitrogen dioxide (NO2),Mean,ppb,UHF42,310,Lower Manhattan,Annual Average 2019,01/01/2019,24.17,
175275,375,Nitrogen dioxide (NO2),Mean,ppb,UHF42,309,Union Square - Lower East Side,Winter 2008-09,12/01/2008,37.72,
602782,375,Nitrogen dioxide (NO2),Mean,ppb,UHF42,309,Union Square - Lower East Side,Winter 2017-18,12/01/2017,28.12,
643396,375,Nitrogen dioxide (NO2),Mean,ppb,UHF42,309,Union Square - Lower East Side,Annual Average 2019,01/01/2019,21.57,
179440,375,Nitrogen dioxide (NO2),Mean,ppb,Borough,3,Manhattan,Annual Average 2013,12/01/2012,28.02,
549752,375,Nitrogen dioxide (NO2),Mean,ppb,Borough,3,Manhattan,Annual Average 2017,01/01/2017,24.55,
179280,375,Nitrogen dioxide (NO2),Mean,ppb,Borough,3,Manhattan,Winter 2010-11,12/01/2010,35.38,
740886,375,Nitrogen dioxide (NO2),Mean,ppb,Borough,3,Manhattan,Annual Average 2021,01/01/2021,19.97,
670964,386,Ozone (O3),Mean,ppb,UHF42,209,Bensonhurst - Bay Ridge,Summer 2020,06/01/2020,29.84,
605245,386,Ozone (O3),Mean,ppb,UHF42,209,Bensonhurst - Bay Ridge,Summer 2018,06/01/2018,30.9,
122013,386,Ozone (O3),Mean,ppb,UHF42,209,Bensonhurst - Bay Ridge,2-Year Summer Average 2009-2010,06/01/2009,27.97,
549324,386,Ozone (O3),Mean,ppb,Borough,3,Manhattan,Summer 2017,06/01/2017,25.33,
131840,386,Ozone (O3),Mean,ppb,Borough,3,Manhattan,2-Year Summer Average 2009-2010,06/01/2009,27.5,
670967,386,Ozone (O3),Mean,ppb,UHF42,206,Borough Park,Summer 2020,06/01/2020,29.38,
549332,386,Ozone (O3),Mean,ppb,UHF42,106,High Bridge - Morrisania,Summer 2017,06/01/2017,27.72,
605235,386,Ozone (O3),Mean,ppb,UHF42,106,High Bridge - Morrisania,Summer 2018,06/01/2018,29.68,
670974,386,Ozone (O3),Mean,ppb,UHF42,106,High Bridge - Morrisania,Summer 2020,06/01/2020,30.13,
549753,375,Nitrogen dioxide (NO2),Mean,ppb,Borough,3,Manhattan,Winter 2016-17,12/01/2016,29.74,
410867,365,Fine particles (PM 2.5),Mean,mcg/m3,UHF34,103,Fordham - Bronx Pk,Winter 2015-16,12/01/2015,8.33,
173669,365,Fine particles (PM 2.5),Mean,mcg/m3,UHF34,103,Fordham - Bronx Pk,Summer 2011,06/01/2011,11.48,
173193,365,Fine particles (PM 2.5),Mean,mcg/m3,UHF34,103,Fordham - Bronx Pk,Winter 2011-12,12/01/2011,9.88,
212064,365,Fine particles (PM 2.5),Mean,mcg/m3,UHF34,103,Fordham - Bronx Pk,Annual Average 2014,12/01/2013,9.19,
213810,365,Fine particles (PM 2.5),Mean,mcg/m3,CD,501,St. George and Stapleton (CD1),Winter 2013-14,12/01/2013,11.97,
606064,365,Fine particles (PM 2.5),Mean,mcg/m3,CD,501,St. George and Stapleton (CD1),Winter 2017-18,12/01/2017,8.02,
177175,365,Fine particles (PM 2.5),Mean,mcg/m3,UHF42,409,Southeast Queens,Winter 2008-09,12/01/2008,11.72,
212695,365,Fine particles (PM 2.5),Mean,mcg/m3,UHF42,310,Lower Manhattan,Winter 2013-14,12/01/2013,14.49,
605746,365,Fine particles (PM 2.5),Mean,mcg/m3,UHF42,310,Lower Manhattan,Winter 2017-18,12/01/2017,10.41,
649744,365,Fine particles (PM 2.5),Mean,mcg/m3,UHF42,310,Lower Manhattan,Annual Average 2019,01/01/2019,8.23,
177165,365,Fine particles (PM 2.5),Mean,mcg/m3,UHF42,309,Union Square - Lower East Side,Winter 2008-09,12/01/2008,14.47,
212694,365,Fine particles (PM 2.5),Mean,mcg/m3,UHF42,309,Union Square - Lower East Side,Winter 2013-14,12/01/2013,13.62,
605743,365,Fine particles (PM 2.5),Mean,mcg/m3,UHF42,309,Union Square - Lower East Side,Winter 2017-18,12/01/2017,9.55,
177166,365,Fine particles (PM 2.5),Mean,mcg/m3,UHF42,310,Lower Manhattan,Winter 2008-09,12/01/2008,15.79,
670882,386,Ozone (O3),Mean,ppb,CD,209,Parkchester and Soundview (CD9),Summer 2020,06/01/2020,31.72,
651049,386,Ozone (O3),Mean,ppb,CD,409,Kew Gardens and Woodhaven (CD9),Summer 2019,06/01/2019,32.37,
651051,386,Ozone (O3),Mean,ppb,CD,411,Bayside and Little Neck (CD11),Summer 2019,06/01/2019,31.78,
338281,386,Ozone (O3),Mean,ppb,CD,309,South Crown Heights and Lefferts Gardens (CD9),Summer 2015,06/01/2015,31.24,
338271,386,Ozone (O3),Mean,ppb,CD,211,Morris Park and Bronxdale (CD11),Summer 2015,06/01/2015,30.48,
651021,386,Ozone (O3),Mean,ppb,CD,211,Morris Park and Bronxdale (CD11),Summer 2019,06/01/2019,30.31,
168650,365,Fine particles (PM 2.5),Mean,mcg/m3,CD,209,Parkchester and Soundview (CD9),Winter 2012-13,12/01/2012,10.89,
334119,365,Fine particles (PM 2.5),Mean,mcg/m3,UHF34,210,Coney Island - Sheepshead Bay,Winter 2014-15,12/01/2014,8.1,
212075,365,Fine particles (PM 2.5),Mean,mcg/m3,UHF34,210,Coney Island - Sheepshead Bay,Annual Average 2014,12/01/2013,8.37,
649829,365,Fine particles (PM 2.5),Mean,mcg/m3,UHF34,210,Coney Island - Sheepshead Bay,Summer 2019,06/01/2019,7.64,
669672,365,Fine particles (PM 2.5),Mean,mcg/m3,UHF34,210,Coney Island - Sheepshead Bay,Winter 2019-20,12/01/2019,6.98,
173238,365,Fine particles (PM 2.5),Mean,mcg/m3,UHF34,210,Coney Island - Sheepshead Bay,Winter 2012-13,12/01/2012,9.75,
174156,365,Fine particles (PM 2.5),Mean,mcg/m3,UHF34,210,Coney Island - Sheepshead Bay,Annual Average 2010,12/01/2009,8.89,
410901,365,Fine particles (PM 2.5),Mean,mcg/m3,UHF34,210,Coney Island - Sheepshead Bay,Summer 2016,06/01/2016,7.66,
410900,365,Fine particles (PM 2.5),Mean,mcg/m3,UHF34,210,Coney Island - Sheepshead Bay,Winter 2015-16,12/01/2015,7.03,
643484,375,Nitrogen dioxide (NO2),Mean,ppb,UHF34,210,Coney Island - Sheepshead Bay,Summer 2019,06/01/2019,9.97,
667388,375,Nitrogen dioxide (NO2),Mean,ppb,UHF34,210,Coney Island - Sheepshead Bay,Winter 2019-20,12/01/2019,22.1,
412593,375,Nitrogen dioxide (NO2),Mean,ppb,UHF34,210,Coney Island - Sheepshead Bay,Summer 2016,06/01/2016,10.44,
167576,375,Nitrogen dioxide (NO2),Mean,ppb,CD,109,Morningside Heights and Hamilton Heights (CD9),Annual Average 2010,12/01/2009,27.64,
336746,375,Nitrogen dioxide (NO2),Mean,ppb,CD,109,Morningside Heights and Hamilton Heights (CD9),Summer 2015,06/01/2015,18.88,
643574,375,Nitrogen dioxide (NO2),Mean,ppb,CD,109,Morningside Heights and Hamilton Heights (CD9),Summer 2019,06/01/2019,16.34,
667568,375,Nitrogen dioxide (NO2),Mean,ppb,CD,109,Morningside Heights and Hamilton Heights (CD9),Winter 2019-20,12/01/2019,26.17,
667640,375,Nitrogen dioxide (NO2),Mean,ppb,CD,209,Parkchester and Soundview (CD9),Winter 2019-20,12/01/2019,23.28,
643610,375,Nitrogen dioxide (NO2),Mean,ppb,CD,209,Parkchester and Soundview (CD9),Summer 2019,06/01/2019,13.39,
212329,375,Nitrogen dioxide (NO2),Mean,ppb,UHF42,502,Stapleton - St. George,Winter 2013-14,12/01/2013,23.01,
602821,375,Nitrogen dioxide (NO2),Mean,ppb,UHF42,502,Stapleton - St. George,Winter 2017-18,12/01/2017,20.07,
175278,375,Nitrogen dioxide (NO2),Mean,ppb,UHF42,402,West Queens,Winter 2008-09,12/01/2008,31.11,
212319,375,Nitrogen dioxide (NO2),Mean,ppb,UHF42,402,West Queens,Winter 2013-14,12/01/2013,29.51,
602791,375,Nitrogen dioxide (NO2),Mean,ppb,UHF42,402,West Queens,Winter 2017-18,12/01/2017,26.84,
168446,365,Fine particles (PM 2.5),Mean,mcg/m3,CD,411,Bayside and Little Neck (CD11),Winter 2008-09,12/01/2008,12.18,
606052,365,Fine particles (PM 2.5),Mean,mcg/m3,CD,411,Bayside and Little Neck (CD11),Winter 2017-18,12/01/2017,7.56,
410864,365,Fine particles (PM 2.5),Mean,mcg/m3,UHF34,102,Northeast Bronx,Winter 2015-16,12/01/2015,8.31,
410865,365,Fine particles (PM 2.5),Mean,mcg/m3,UHF34,102,Northeast Bronx,Summer 2016,06/01/2016,7.93,
742291,365,Fine particles (PM 2.5),Mean,mcg/m3,UHF34,102,Northeast Bronx,Winter 2020-21,12/01/2020,6.32,
173633,365,Fine particles (PM 2.5),Mean,mcg/m3,UHF34,101,Kingsbridge - Riverdale,Summer 2010,06/01/2010,11.83,
173667,365,Fine particles (PM 2.5),Mean,mcg/m3,UHF34,101,Kingsbridge - Riverdale,Summer 2011,06/01/2011,11.3,
410862,365,Fine particles (PM 2.5),Mean,mcg/m3,UHF34,101,Kingsbridge - Riverdale,Summer 2016,06/01/2016,7.95,
605790,365,Fine particles (PM 2.5),Mean,mcg/m3,UHF34,101,Kingsbridge - Riverdale,Summer 2018,06/01/2018,8.25,
669710,365,Fine particles (PM 2.5),Mean,mcg/m3,UHF34,101,Kingsbridge - Riverdale,Summer 2020,06/01/2020,7.22,
213794,365,Fine particles (PM 2.5),Mean,mcg/m3,CD,317,East Flatbush (CD17),Winter 2013-14,12/01/2013,11.77,
606016,365,Fine particles (PM 2.5),Mean,mcg/m3,CD,317,East Flatbush (CD17),Winter 2017-18,12/01/2017,8.45,
650014,365,Fine particles (PM 2.5),Mean,mcg/m3,CD,317,East Flatbush (CD17),Annual Average 2019,01/01/2019,6.43,
606070,365,Fine particles (PM 2.5),Mean,mcg/m3,CD,503,Tottenville and Great Kills (CD3),Winter 2017-18,12/01/2017,7.58,
650068,365,Fine particles (PM 2.5),Mean,mcg/m3,CD,503,Tottenville and Great Kills (CD3),Annual Average 2019,01/01/2019,5.83,
168438,365,Fine particles (PM 2.5),Mean,mcg/m3,CD,403,Jackson Heights (CD3),Winter 2008-09,12/01/2008,12.78,
177173,365,Fine particles (PM 2.5),Mean,mcg/m3,UHF42,407,Southwest Queens,Winter 2008-09,12/01/2008,12.85,
605740,365,Fine particles (PM 2.5),Mean,mcg/m3,UHF42,308,Greenwich Village - SoHo,Winter 2017-18,12/01/2017,10.23,
649738,365,Fine particles (PM 2.5),Mean,mcg/m3,UHF42,308,Greenwich Village - SoHo,Annual Average 2019,01/01/2019,9.65,
177164,365,Fine particles (PM 2.5),Mean,mcg/m3,UHF42,308,Greenwich Village - SoHo,Winter 2008-09,12/01/2008,15.16,
212693,365,Fine particles (PM 2.5),Mean,mcg/m3,UHF42,308,Greenwich Village - SoHo,Winter 2013-14,12/01/2013,14.33,
605737,365,Fine particles (PM 2.5),Mean,mcg/m3,UHF42,307,Gramercy Park - Murray Hill,Winter 2017-18,12/01/2017,11.5,
649735,365,Fine particles (PM 2.5),Mean,mcg/m3,UHF42,307,Gramercy Park - Murray Hill,Annual Average 2019,01/01/2019,10.09,
130403,640,Boiler Emissions- Total SO2 Emissions,Number per km2,number,UHF42,107,Hunts Point - Mott Haven,2013,01/01/2013,3.3,
130440,640,Boiler Emissions- Total SO2 Emissions,Number per km2,number,Borough,1,Bronx,2013,01/01/2013,10.3,
177163,365,Fine particles (PM 2.5),Mean,mcg/m3,UHF42,307,Gramercy Park - Murray Hill,Winter 2008-09,12/01/2008,17.61,
212692,365,Fine particles (PM 2.5),Mean,mcg/m3,UHF42,307,Gramercy Park - Murray Hill,Winter 2013-14,12/01/2013,16.44,
603109,375,Nitrogen dioxide (NO2),Mean,ppb,CD,503,Tottenville and Great Kills (CD3),Winter 2017-18,12/01/2017,17.21,
216291,386,Ozone (O3),Mean,ppb,CD,103,Lower East Side and Chinatown (CD3),Summer 2010,06/01/2010,28.82,
412073,386,Ozone (O3),Mean,ppb,CD,103,Lower East Side and Chinatown (CD3),Summer 2016,06/01/2016,30.41,
412085,386,Ozone (O3),Mean,ppb,CD,203,Morrisania and Crotona (CD3),Summer 2016,06/01/2016,32.58,
412086,386,Ozone (O3),Mean,ppb,CD,204,Highbridge and Concourse (CD4),Summer 2016,06/01/2016,32.2,
166710,375,Nitrogen dioxide (NO2),Mean,ppb,CD,304,Bushwick (CD4),Summer 2010,06/01/2010,19.98,
166769,375,Nitrogen dioxide (NO2),Mean,ppb,CD,304,Bushwick (CD4),Summer 2011,06/01/2011,19.96,
670978,386,Ozone (O3),Mean,ppb,UHF42,102,Northeast Bronx,Summer 2020,06/01/2020,30.85,
605231,386,Ozone (O3),Mean,ppb,UHF42,102,Northeast Bronx,Summer 2018,06/01/2018,31.24,
213269,375,Nitrogen dioxide (NO2),Mean,ppb,CD,405,Ridgewood and Maspeth (CD5),Winter 2013-14,12/01/2013,28.03,
606013,365,Fine particles (PM 2.5),Mean,mcg/m3,CD,316,Brownsville (CD16),Winter 2017-18,12/01/2017,8.62,
650011,365,Fine particles (PM 2.5),Mean,mcg/m3,CD,316,Brownsville (CD16),Annual Average 2019,01/01/2019,6.65,
177158,365,Fine particles (PM 2.5),Mean,mcg/m3,UHF42,302,Central Harlem - Morningside Heights,Winter 2008-09,12/01/2008,14.56,
212687,365,Fine particles (PM 2.5),Mean,mcg/m3,UHF42,302,Central Harlem - Morningside Heights,Winter 2013-14,12/01/2013,13.1,
649720,365,Fine particles (PM 2.5),Mean,mcg/m3,UHF42,302,Central Harlem - Morningside Heights,Annual Average 2019,01/01/2019,7,
130398,640,Boiler Emissions- Total SO2 Emissions,Number per km2,number,UHF42,102,Northeast Bronx,2013,01/01/2013,2.2,
212691,365,Fine particles (PM 2.5),Mean,mcg/m3,UHF42,306,Chelsea - Clinton,Winter 2013-14,12/01/2013,15.8,
605734,365,Fine particles (PM 2.5),Mean,mcg/m3,UHF42,306,Chelsea - Clinton,Winter 2017-18,12/01/2017,11.21,
603073,375,Nitrogen dioxide (NO2),Mean,ppb,CD,405,Ridgewood and Maspeth (CD5),Winter 2017-18,12/01/2017,25.7,
643687,375,Nitrogen dioxide (NO2),Mean,ppb,CD,405,Ridgewood and Maspeth (CD5),Annual Average 2019,01/01/2019,17.13,
603052,375,Nitrogen dioxide (NO2),Mean,ppb,CD,316,Brownsville (CD16),Winter 2017-18,12/01/2017,25.7,
643666,375,Nitrogen dioxide (NO2),Mean,ppb,CD,316,Brownsville (CD16),Annual Average 2019,01/01/2019,17.02,
216304,386,Ozone (O3),Mean,ppb,CD,105,Midtown (CD5),Summer 2011,06/01/2011,21.01,
216303,386,Ozone (O3),Mean,ppb,CD,105,Midtown (CD5),Summer 2010,06/01/2010,22.47,
412075,386,Ozone (O3),Mean,ppb,CD,105,Midtown (CD5),Summer 2016,06/01/2016,26.92,
166687,375,Nitrogen dioxide (NO2),Mean,ppb,CD,105,Midtown (CD5),Summer 2010,06/01/2010,41.44,
166746,375,Nitrogen dioxide (NO2),Mean,ppb,CD,105,Midtown (CD5),Summer 2011,06/01/2011,41.53,
412670,375,Nitrogen dioxide (NO2),Mean,ppb,CD,105,Midtown (CD5),Winter 2015-16,12/01/2015,33.44,
412671,375,Nitrogen dioxide (NO2),Mean,ppb,CD,105,Midtown (CD5),Summer 2016,06/01/2016,28.83,
741136,375,Nitrogen dioxide (NO2),Mean,ppb,CD,105,Midtown (CD5),Winter 2020-21,12/01/2020,28.35,
165785,375,Nitrogen dioxide (NO2),Mean,ppb,CD,405,Ridgewood and Maspeth (CD5),Winter 2008-09,12/01/2008,29.91,
"130980,652,Cardiac and respiratory deaths due to Ozone,Estimated annual rate,""per 100,000"",UHF42,102,Northeast Bronx,2005-2007,01/01/2005,5.4,"
"130998,652,Cardiac and respiratory deaths due to Ozone,Estimated annual rate,""per 100,000"",UHF42,302,Central Harlem - Morningside Heights,2005-2007,01/01/2005,5,"
154446,645,Annual vehicle miles travelled (trucks),million miles,per km2,CD,105,Midtown (CD5),2005,01/01/2005,4.1,
165778,375,Nitrogen dioxide (NO2),Mean,ppb,CD,316,Brownsville (CD16),Winter 2008-09,12/01/2008,31.46,
213262,375,Nitrogen dioxide (NO2),Mean,ppb,CD,316,Brownsville (CD16),Winter 2013-14,12/01/2013,28.81,
165755,375,Nitrogen dioxide (NO2),Mean,ppb,CD,205,Fordham and University Heights (CD5),Winter 2008-09,12/01/2008,34.05,
165767,375,Nitrogen dioxide (NO2),Mean,ppb,CD,305,East New York and Starrett City (CD5),Winter 2008-09,12/01/2008,29.54,
603019,375,Nitrogen dioxide (NO2),Mean,ppb,CD,305,East New York and Starrett City (CD5),Winter 2017-18,12/01/2017,24.09,
216302,386,Ozone (O3),Mean,ppb,CD,105,Midtown (CD5),Summer 2009,06/01/2009,14.38,
649753,365,Fine particles (PM 2.5),Mean,mcg/m3,UHF42,403,Flushing - Clearview,Annual Average 2019,01/01/2019,6.61,
605755,365,Fine particles (PM 2.5),Mean,mcg/m3,UHF42,403,Flushing - Clearview,Winter 2017-18,12/01/2017,7.94,
212700,365,Fine particles (PM 2.5),Mean,mcg/m3,UHF42,405,Ridgewood - Forest Hills,Winter 2013-14,12/01/2013,11.63,
130401,640,Boiler Emissions- Total SO2 Emissions,Number per km2,number,UHF42,105,Crotona -Tremont,2013,01/01/2013,16.9,
605725,365,Fine particles (PM 2.5),Mean,mcg/m3,UHF42,303,East Harlem,Winter 2017-18,12/01/2017,8.36,
649723,365,Fine particles (PM 2.5),Mean,mcg/m3,UHF42,303,East Harlem,Annual Average 2019,01/01/2019,7.11,
177159,365,Fine particles (PM 2.5),Mean,mcg/m3,UHF42,303,East Harlem,Winter 2008-09,12/01/2008,13.58,
165786,375,Nitrogen dioxide (NO2),Mean,ppb,CD,406,Rego Park and Forest Hills (CD6),Winter 2008-09,12/01/2008,30.63,
213270,375,Nitrogen dioxide (NO2),Mean,ppb,CD,406,Rego Park and Forest Hills (CD6),Winter 2013-14,12/01/2013,28.68,
603076,375,Nitrogen dioxide (NO2),Mean,ppb,CD,406,Rego Park and Forest Hills (CD6),Winter 2017-18,12/01/2017,25.6,
643690,375,Nitrogen dioxide (NO2),Mean,ppb,CD,406,Rego Park and Forest Hills (CD6),Annual Average 2019,01/01/2019,16.35,
216297,386,Ozone (O3),Mean,ppb,CD,104,Clinton and Chelsea (CD4),Summer 2010,06/01/2010,27.33,
216298,386,Ozone (O3),Mean,ppb,CD,104,Clinton and Chelsea (CD4),Summer 2011,06/01/2011,25.95,
412074,386,Ozone (O3),Mean,ppb,CD,104,Clinton and Chelsea (CD4),Summer 2016,06/01/2016,29.76,
216382,386,Ozone (O3),Mean,ppb,CD,206,Belmont and East Tremont (CD6),Summer 2011,06/01/2011,31.89,
216381,386,Ozone (O3),Mean,ppb,CD,206,Belmont and East Tremont (CD6),Summer 2010,06/01/2010,32.07,
216310,386,Ozone (O3),Mean,ppb,CD,106,Stuyvesant Town and Turtle Bay (CD6),Summer 2011,06/01/2011,23.99,
216309,386,Ozone (O3),Mean,ppb,CD,106,Stuyvesant Town and Turtle Bay (CD6),Summer 2010,06/01/2010,25.27,
741139,375,Nitrogen dioxide (NO2),Mean,ppb,CD,106,Stuyvesant Town and Turtle Bay (CD6),Winter 2020-21,12/01/2020,25.88,
166761,375,Nitrogen dioxide (NO2),Mean,ppb,CD,208,Riverdale and Fieldston (CD8),Summer 2011,06/01/2011,16.31,
166702,375,Nitrogen dioxide (NO2),Mean,ppb,CD,208,Riverdale and Fieldston (CD8),Summer 2010,06/01/2010,18.09,
412716,375,Nitrogen dioxide (NO2),Mean,ppb,CD,208,Riverdale and Fieldston (CD8),Summer 2016,06/01/2016,13,
412715,375,Nitrogen dioxide (NO2),Mean,ppb,CD,208,Riverdale and Fieldston (CD8),Winter 2015-16,12/01/2015,19.54,
213272,375,Nitrogen dioxide (NO2),Mean,ppb,CD,408,Hillcrest and Fresh Meadows (CD8),Winter 2013-14,12/01/2013,26.71,
603082,375,Nitrogen dioxide (NO2),Mean,ppb,CD,408,Hillcrest and Fresh Meadows (CD8),Winter 2017-18,12/01/2017,23.97,
643696,375,Nitrogen dioxide (NO2),Mean,ppb,CD,408,Hillcrest and Fresh Meadows (CD8),Annual Average 2019,01/01/2019,15.14,
165768,375,Nitrogen dioxide (NO2),Mean,ppb,CD,306,Park Slope and Carroll Gardens (CD6),Winter 2008-09,12/01/2008,32.86,
"518700,652,Cardiac and respiratory deaths due to Ozone,Estimated annual rate,""per 100,000"",UHF42,105,Crotona -Tremont,2012-2014,01/02/2012,3.4,"
"629161,652,Cardiac and respiratory deaths due to Ozone,Estimated annual rate,""per 100,000"",UHF42,105,Crotona -Tremont,2015-2017,01/01/2015,3.4,"
"131011,652,Cardiac and respiratory deaths due to Ozone,Estimated annual rate,""per 100,000"",UHF42,405,Ridgewood - Forest Hills,2005-2007,01/01/2005,6.7,"
"130988,652,Cardiac and respiratory deaths due to Ozone,Estimated annual rate,""per 100,000"",UHF42,203,Bedford Stuyvesant - Crown Heights,2005-2007,01/01/2005,5.3,"
216321,386,Ozone (O3),Mean,ppb,CD,108,Upper East Side (CD8),Summer 2010,06/01/2010,28.14,
216322,386,Ozone (O3),Mean,ppb,CD,108,Upper East Side (CD8),Summer 2011,06/01/2011,27.44,
412078,386,Ozone (O3),Mean,ppb,CD,108,Upper East Side (CD8),Summer 2016,06/01/2016,30.12,
412082,386,Ozone (O3),Mean,ppb,CD,112,Washington Heights and Inwood (CD12),Summer 2016,06/01/2016,32.01,
"130997,652,Cardiac and respiratory deaths due to Ozone,Estimated annual rate,""per 100,000"",UHF42,301,Washington Heights,2005-2007,01/01/2005,3.1,"
"130986,652,Cardiac and respiratory deaths due to Ozone,Estimated annual rate,""per 100,000"",UHF42,201,Greenpoint,2005-2007,01/01/2005,3.5,"
643654,375,Nitrogen dioxide (NO2),Mean,ppb,CD,312,Borough Park (CD12),Annual Average 2019,01/01/2019,17.04,
213256,375,Nitrogen dioxide (NO2),Mean,ppb,CD,310,Bay Ridge and Dyker Heights (CD10),Winter 2013-14,12/01/2013,27.2,
643648,375,Nitrogen dioxide (NO2),Mean,ppb,CD,310,Bay Ridge and Dyker Heights (CD10),Annual Average 2019,01/01/2019,16.43,
165774,375,Nitrogen dioxide (NO2),Mean,ppb,CD,312,Borough Park (CD12),Winter 2008-09,12/01/2008,30.04,
213258,375,Nitrogen dioxide (NO2),Mean,ppb,CD,312,Borough Park (CD12),Winter 2013-14,12/01/2013,28.27,
165762,375,Nitrogen dioxide (NO2),Mean,ppb,CD,212,Williamsbridge and Baychester (CD12),Winter 2008-09,12/01/2008,27.32,
165760,375,Nitrogen dioxide (NO2),Mean,ppb,CD,210,Throgs Neck and Co-op City (CD10),Winter 2008-09,12/01/2008,26.29,
213244,375,Nitrogen dioxide (NO2),Mean,ppb,CD,210,Throgs Neck and Co-op City (CD10),Winter 2013-14,12/01/2013,25.08,
602998,375,Nitrogen dioxide (NO2),Mean,ppb,CD,210,Throgs Neck and Co-op City (CD10),Winter 2017-18,12/01/2017,21.6,
643612,375,Nitrogen dioxide (NO2),Mean,ppb,CD,210,Throgs Neck and Co-op City (CD10),Annual Average 2019,01/01/2019,14.61,
603004,375,Nitrogen dioxide (NO2),Mean,ppb,CD,212,Williamsbridge and Baychester (CD12),Winter 2017-18,12/01/2017,20.92,
216476,386,Ozone (O3),Mean,ppb,CD,310,Bay Ridge and Dyker Heights (CD10),Summer 2009,06/01/2009,25.56,
216488,386,Ozone (O3),Mean,ppb,CD,312,Borough Park (CD12),Summer 2009,06/01/2009,25.28,
216320,386,Ozone (O3),Mean,ppb,CD,108,Upper East Side (CD8),Summer 2009,06/01/2009,20.78,
"130805,648,Asthma emergency department visits due to PM2.5,Estimated annual rate (under age 18),""per 100,000 children"",UHF42,301,Washington Heights,2005-2007,01/01/2005,175.9,"
"131123,655,Asthma hospitalizations due to Ozone,Estimated annual rate (under age 18),""per 100,000 children"",UHF42,101,Kingsbridge - Riverdale,2005-2007,01/01/2005,19.4,"
"131034,653,Asthma emergency departments visits due to Ozone,Estimated annual rate (under age 18),""per 100,000 children"",UHF42,201,Greenpoint,2005-2007,01/01/2005,42.7,"
"131065,653,Asthma emergency departments visits due to Ozone,Estimated annual rate (under age 18),""per 100,000 children"",UHF42,501,Port Richmond,2005-2007,01/01/2005,92.9,"
"131161,655,Asthma hospitalizations due to Ozone,Estimated annual rate (under age 18),""per 100,000 children"",UHF42,501,Port Richmond,2005-2007,01/01/2005,20.4,"
"131055,653,Asthma emergency departments visits due to Ozone,Estimated annual rate (under age 18),""per 100,000 children"",UHF42,401,Long Island City - Astoria,2005-2007,01/01/2005,47.4,"
"131151,655,Asthma hospitalizations due to Ozone,Estimated annual rate (under age 18),""per 100,000 children"",UHF42,401,Long Island City - Astoria,2005-2007,01/01/2005,10.8,"
213232,375,Nitrogen dioxide (NO2),Mean,ppb,CD,110,Central Harlem (CD10),Winter 2013-14,12/01/2013,29.98,
602962,375,Nitrogen dioxide (NO2),Mean,ppb,CD,110,Central Harlem (CD10),Winter 2017-18,12/01/2017,27.64,
643576,375,Nitrogen dioxide (NO2),Mean,ppb,CD,110,Central Harlem (CD10),Annual Average 2019,01/01/2019,19.8,
649741,365,Fine particles (PM 2.5),Mean,mcg/m3,UHF42,309,Union Square - Lower East Side,Annual Average 2019,01/01/2019,8.87,
165796,375,Nitrogen dioxide (NO2),Mean,ppb,CD,502,South Beach and Willowbrook (CD2),Winter 2008-09,12/01/2008,21.43,
213280,375,Nitrogen dioxide (NO2),Mean,ppb,CD,502,South Beach and Willowbrook (CD2),Winter 2013-14,12/01/2013,21.46,
603106,375,Nitrogen dioxide (NO2),Mean,ppb,CD,502,South Beach and Willowbrook (CD2),Winter 2017-18,12/01/2017,18.74,
165795,375,Nitrogen dioxide (NO2),Mean,ppb,CD,501,St. George and Stapleton (CD1),Winter 2008-09,12/01/2008,25.69,
603103,375,Nitrogen dioxide (NO2),Mean,ppb,CD,501,St. George and Stapleton (CD1),Winter 2017-18,12/01/2017,21.9,
165782,375,Nitrogen dioxide (NO2),Mean,ppb,CD,402,Woodside and Sunnyside (CD2),Winter 2008-09,12/01/2008,31.32,
213266,375,Nitrogen dioxide (NO2),Mean,ppb,CD,402,Woodside and Sunnyside (CD2),Winter 2013-14,12/01/2013,29.49,
412095,386,Ozone (O3),Mean,ppb,CD,301,Greenpoint and Williamsburg (CD1),Summer 2016,06/01/2016,32.99,
216352,386,Ozone (O3),Mean,ppb,CD,201,Mott Haven and Melrose (CD1),Summer 2011,06/01/2011,32.12,
216280,386,Ozone (O3),Mean,ppb,CD,101,Financial District (CD1),Summer 2011,06/01/2011,25.23,
216279,386,Ozone (O3),Mean,ppb,CD,101,Financial District (CD1),Summer 2010,06/01/2010,27.04,
216285,386,Ozone (O3),Mean,ppb,CD,102,Greenwich Village and Soho (CD2),Summer 2010,06/01/2010,27.69,
216358,386,Ozone (O3),Mean,ppb,CD,202,Hunts Point and Longwood (CD2),Summer 2011,06/01/2011,33.77,
216357,386,Ozone (O3),Mean,ppb,CD,202,Hunts Point and Longwood (CD2),Summer 2010,06/01/2010,33.65,
412084,386,Ozone (O3),Mean,ppb,CD,202,Hunts Point and Longwood (CD2),Summer 2016,06/01/2016,33.74,
216286,386,Ozone (O3),Mean,ppb,CD,102,Greenwich Village and Soho (CD2),Summer 2011,06/01/2011,26.08,
412072,386,Ozone (O3),Mean,ppb,CD,102,Greenwich Village and Soho (CD2),Summer 2016,06/01/2016,29.87,
412697,375,Nitrogen dioxide (NO2),Mean,ppb,CD,202,Hunts Point and Longwood (CD2),Winter 2015-16,12/01/2015,23.94,
166683,375,Nitrogen dioxide (NO2),Mean,ppb,CD,101,Financial District (CD1),Summer 2010,06/01/2010,31.24,
166742,375,Nitrogen dioxide (NO2),Mean,ppb,CD,101,Financial District (CD1),Summer 2011,06/01/2011,31.02,
412658,375,Nitrogen dioxide (NO2),Mean,ppb,CD,101,Financial District (CD1),Winter 2015-16,12/01/2015,29.1,
412659,375,Nitrogen dioxide (NO2),Mean,ppb,CD,101,Financial District (CD1),Summer 2016,06/01/2016,22.85,
"130991,652,Cardiac and respiratory deaths due to Ozone,Estimated annual rate,""per 100,000"",UHF42,206,Borough Park,2005-2007,01/01/2005,6.4,"
"130984,652,Cardiac and respiratory deaths due to Ozone,Estimated annual rate,""per 100,000"",UHF42,106,High Bridge - Morrisania,2005-2007,01/01/2005,2.8,"
"131016,652,Cardiac and respiratory deaths due to Ozone,Estimated annual rate,""per 100,000"",UHF42,410,Rockaways,2005-2007,01/01/2005,11.7,"
"131015,652,Cardiac and respiratory deaths due to Ozone,Estimated annual rate,""per 100,000"",UHF42,409,Southeast Queens,2005-2007,01/01/2005,4.3,"
"130995,652,Cardiac and respiratory deaths due to Ozone,Estimated annual rate,""per 100,000"",UHF42,210,Coney Island - Sheepshead Bay,2005-2007,01/01/2005,9.6,"
325254,643,Annual vehicle miles traveled,million miles,per km2,CD,202,Hunts Point and Longwood (CD2),2016,01/01/2016,17.9,
325310,644,Annual vehicle miles travelled (cars),million miles,per km2,UHF42,106,High Bridge - Morrisania,2016,01/01/2016,27.9,
325127,645,Annual vehicle miles travelled (trucks),million miles,per km2,UHF42,409,Southeast Queens,2016,01/01/2016,0.8,
650050,365,Fine particles (PM 2.5),Mean,mcg/m3,CD,411,Bayside and Little Neck (CD11),Annual Average 2019,01/01/2019,6.19,
649780,365,Fine particles (PM 2.5),Mean,mcg/m3,UHF42,502,Stapleton - St. George,Annual Average 2019,01/01/2019,5.9,
177168,365,Fine particles (PM 2.5),Mean,mcg/m3,UHF42,402,West Queens,Winter 2008-09,12/01/2008,13.5,
212697,365,Fine particles (PM 2.5),Mean,mcg/m3,UHF42,402,West Queens,Winter 2013-14,12/01/2013,12.41,
605752,365,Fine particles (PM 2.5),Mean,mcg/m3,UHF42,402,West Queens,Winter 2017-18,12/01/2017,8.67,
165789,375,Nitrogen dioxide (NO2),Mean,ppb,CD,409,Kew Gardens and Woodhaven (CD9),Winter 2008-09,12/01/2008,30.2,
165791,375,Nitrogen dioxide (NO2),Mean,ppb,CD,411,Bayside and Little Neck (CD11),Winter 2008-09,12/01/2008,25.76,
213275,375,Nitrogen dioxide (NO2),Mean,ppb,CD,411,Bayside and Little Neck (CD11),Winter 2013-14,12/01/2013,25.44,
643705,375,Nitrogen dioxide (NO2),Mean,ppb,CD,411,Bayside and Little Neck (CD11),Annual Average 2019,01/01/2019,14.46,
216327,386,Ozone (O3),Mean,ppb,CD,109,Morningside Heights and Hamilton Heights (CD9),Summer 2010,06/01/2010,29.59,
216328,386,Ozone (O3),Mean,ppb,CD,109,Morningside Heights and Hamilton Heights (CD9),Summer 2011,06/01/2011,29.17,
412079,386,Ozone (O3),Mean,ppb,CD,109,Morningside Heights and Hamilton Heights (CD9),Summer 2016,06/01/2016,31.29,
216340,386,Ozone (O3),Mean,ppb,CD,111,East Harlem (CD11),Summer 2011,06/01/2011,30.29,
412081,386,Ozone (O3),Mean,ppb,CD,111,East Harlem (CD11),Summer 2016,06/01/2016,31.66,
412091,386,Ozone (O3),Mean,ppb,CD,209,Parkchester and Soundview (CD9),Summer 2016,06/01/2016,33.25,
741148,375,Nitrogen dioxide (NO2),Mean,ppb,CD,109,Morningside Heights and Hamilton Heights (CD9),Winter 2020-21,12/01/2020,21.53,
412718,375,Nitrogen dioxide (NO2),Mean,ppb,CD,209,Parkchester and Soundview (CD9),Winter 2015-16,12/01/2015,22.92,
412719,375,Nitrogen dioxide (NO2),Mean,ppb,CD,209,Parkchester and Soundview (CD9),Summer 2016,06/01/2016,14.9,
643699,375,Nitrogen dioxide (NO2),Mean,ppb,CD,409,Kew Gardens and Woodhaven (CD9),Annual Average 2019,01/01/2019,16.06,
603085,375,Nitrogen dioxide (NO2),Mean,ppb,CD,409,Kew Gardens and Woodhaven (CD9),Winter 2017-18,12/01/2017,25.27,
213255,375,Nitrogen dioxide (NO2),Mean,ppb,CD,309,South Crown Heights and Lefferts Gardens (CD9),Winter 2013-14,12/01/2013,29.27,
643645,375,Nitrogen dioxide (NO2),Mean,ppb,CD,309,South Crown Heights and Lefferts Gardens (CD9),Annual Average 2019,01/01/2019,17.38,
213257,375,Nitrogen dioxide (NO2),Mean,ppb,CD,311,Bensonhurst (CD11),Winter 2013-14,12/01/2013,27.55,
643651,375,Nitrogen dioxide (NO2),Mean,ppb,CD,311,Bensonhurst (CD11),Annual Average 2019,01/01/2019,15.89,
165759,375,Nitrogen dioxide (NO2),Mean,ppb,CD,209,Parkchester and Soundview (CD9),Winter 2008-09,12/01/2008,29.14,
213243,375,Nitrogen dioxide (NO2),Mean,ppb,CD,209,Parkchester and Soundview (CD9),Winter 2013-14,12/01/2013,26.81,
165761,375,Nitrogen dioxide (NO2),Mean,ppb,CD,211,Morris Park and Bronxdale (CD11),Winter 2008-09,12/01/2008,28.25,
216470,386,Ozone (O3),Mean,ppb,CD,309,South Crown Heights and Lefferts Gardens (CD9),Summer 2009,06/01/2009,24.18,
216482,386,Ozone (O3),Mean,ppb,CD,311,Bensonhurst (CD11),Summer 2009,06/01/2009,27.36,
216398,386,Ozone (O3),Mean,ppb,CD,209,Parkchester and Soundview (CD9),Summer 2009,06/01/2009,25.56,
216326,386,Ozone (O3),Mean,ppb,CD,109,Morningside Heights and Hamilton Heights (CD9),Summer 2009,06/01/2009,21.3,
643723,375,Nitrogen dioxide (NO2),Mean,ppb,CD,503,Tottenville and Great Kills (CD3),Annual Average 2019,01/01/2019,10.18,
603070,375,Nitrogen dioxide (NO2),Mean,ppb,CD,404,Elmhurst and Corona (CD4),Winter 2017-18,12/01/2017,27.07,
643684,375,Nitrogen dioxide (NO2),Mean,ppb,CD,404,Elmhurst and Corona (CD4),Annual Average 2019,01/01/2019,18.23,
165784,375,Nitrogen dioxide (NO2),Mean,ppb,CD,404,Elmhurst and Corona (CD4),Winter 2008-09,12/01/2008,32.15,
213268,375,Nitrogen dioxide (NO2),Mean,ppb,CD,404,Elmhurst and Corona (CD4),Winter 2013-14,12/01/2013,30.41,
643681,375,Nitrogen dioxide (NO2),Mean,ppb,CD,403,Jackson Heights (CD3),Annual Average 2019,01/01/2019,17.58,
165779,375,Nitrogen dioxide (NO2),Mean,ppb,CD,317,East Flatbush (CD17),Winter 2008-09,12/01/2008,30.61,
603055,375,Nitrogen dioxide (NO2),Mean,ppb,CD,317,East Flatbush (CD17),Winter 2017-18,12/01/2017,24.65,
643669,375,Nitrogen dioxide (NO2),Mean,ppb,CD,317,East Flatbush (CD17),Annual Average 2019,01/01/2019,16.35,
165780,375,Nitrogen dioxide (NO2),Mean,ppb,CD,318,Flatlands and Canarsie (CD18),Winter 2008-09,12/01/2008,25.9,
"629152,652,Cardiac and respiratory deaths due to Ozone,Estimated annual rate,""per 100,000"",Borough,1,Bronx,2015-2017,01/01/2015,4.6,"
"131004,652,Cardiac and respiratory deaths due to Ozone,Estimated annual rate,""per 100,000"",UHF42,308,Greenwich Village - SoHo,2005-2007,01/01/2005,3.1,"
"130992,652,Cardiac and respiratory deaths due to Ozone,Estimated annual rate,""per 100,000"",UHF42,207,East Flatbush - Flatbush,2005-2007,01/01/2005,4.1,"
"131014,652,Cardiac and respiratory deaths due to Ozone,Estimated annual rate,""per 100,000"",UHF42,408,Jamaica,2005-2007,01/01/2005,5.5,"
"131013,652,Cardiac and respiratory deaths due to Ozone,Estimated annual rate,""per 100,000"",UHF42,407,Southwest Queens,2005-2007,01/01/2005,3.9,"
"130993,652,Cardiac and respiratory deaths due to Ozone,Estimated annual rate,""per 100,000"",UHF42,208,Canarsie - Flatlands,2005-2007,01/01/2005,5.6,"
154574,643,Annual vehicle miles traveled,million miles,per km2,CD,203,Morrisania and Crotona (CD3),2005,01/01/2005,16.9,
325255,643,Annual vehicle miles traveled,million miles,per km2,CD,203,Morrisania and Crotona (CD3),2016,01/01/2016,13.9,
325115,645,Annual vehicle miles travelled (trucks),million miles,per km2,UHF42,307,Gramercy Park - Murray Hill,2016,01/01/2016,2.6,
325126,645,Annual vehicle miles travelled (trucks),million miles,per km2,UHF42,408,Jamaica,2016,01/01/2016,0.5,
213281,375,Nitrogen dioxide (NO2),Mean,ppb,CD,503,Tottenville and Great Kills (CD3),Winter 2013-14,12/01/2013,20.56,
165797,375,Nitrogen dioxide (NO2),Mean,ppb,CD,503,Tottenville and Great Kills (CD3),Winter 2008-09,12/01/2008,19.28,
603058,375,Nitrogen dioxide (NO2),Mean,ppb,CD,318,Flatlands and Canarsie (CD18),Winter 2017-18,12/01/2017,20.45,
643672,375,Nitrogen dioxide (NO2),Mean,ppb,CD,318,Flatlands and Canarsie (CD18),Annual Average 2019,01/01/2019,13.13,
213267,375,Nitrogen dioxide (NO2),Mean,ppb,CD,403,Jackson Heights (CD3),Winter 2013-14,12/01/2013,29.26,
603016,375,Nitrogen dioxide (NO2),Mean,ppb,CD,304,Bushwick (CD4),Winter 2017-18,12/01/2017,26.46,
603013,375,Nitrogen dioxide (NO2),Mean,ppb,CD,303,Bedford Stuyvesant (CD3),Winter 2017-18,12/01/2017,26.67,
165765,375,Nitrogen dioxide (NO2),Mean,ppb,CD,303,Bedford Stuyvesant (CD3),Winter 2008-09,12/01/2008,33.11,
165766,375,Nitrogen dioxide (NO2),Mean,ppb,CD,304,Bushwick (CD4),Winter 2008-09,12/01/2008,31.68,
216518,386,Ozone (O3),Mean,ppb,CD,317,East Flatbush (CD17),Summer 2009,06/01/2009,25.74,
216524,386,Ozone (O3),Mean,ppb,CD,318,Flatlands and Canarsie (CD18),Summer 2009,06/01/2009,28.95,
216434,386,Ozone (O3),Mean,ppb,CD,303,Bedford Stuyvesant (CD3),Summer 2009,06/01/2009,23.92,
165861,375,Nitrogen dioxide (NO2),Mean,ppb,CD,105,Midtown (CD5),Winter 2010-11,12/01/2010,44.18,
166628,375,Nitrogen dioxide (NO2),Mean,ppb,CD,105,Midtown (CD5),Summer 2009,06/01/2009,45,
167749,375,Nitrogen dioxide (NO2),Mean,ppb,CD,105,Midtown (CD5),Annual Average 2013,12/01/2012,38.71,
336735,375,Nitrogen dioxide (NO2),Mean,ppb,CD,105,Midtown (CD5),Winter 2014-15,12/01/2014,35.01,
550004,375,Nitrogen dioxide (NO2),Mean,ppb,CD,105,Midtown (CD5),Annual Average 2017,01/01/2017,32,
"131060,653,Asthma emergency departments visits due to Ozone,Estimated annual rate (under age 18),""per 100,000 children"",UHF42,406,Fresh Meadows,2005-2007,01/01/2005,49.7,"
"131156,655,Asthma hospitalizations due to Ozone,Estimated annual rate (under age 18),""per 100,000 children"",UHF42,406,Fresh Meadows,2005-2007,01/01/2005,12.2,"
"131275,659,Asthma emergency departments visits due to Ozone,Estimated annual rate (age 18+),""per 100,000 adults"",UHF42,202,Downtown - Heights - Slope,2005-2007,01/01/2005,51.4,"
"131300,659,Asthma emergency departments visits due to Ozone,Estimated annual rate (age 18+),""per 100,000 adults"",UHF42,406,Fresh Meadows,2005-2007,01/01/2005,21.1,"
"131286,659,Asthma emergency departments visits due to Ozone,Estimated annual rate (age 18+),""per 100,000 adults"",UHF42,302,Central Harlem - Morningside Heights,2005-2007,01/01/2005,156.1,"
"131268,659,Asthma emergency departments visits due to Ozone,Estimated annual rate (age 18+),""per 100,000 adults"",UHF42,102,Northeast Bronx,2005-2007,01/01/2005,58.3,"
213239,375,Nitrogen dioxide (NO2),Mean,ppb,CD,205,Fordham and University Heights (CD5),Winter 2013-14,12/01/2013,28.44,
643597,375,Nitrogen dioxide (NO2),Mean,ppb,CD,205,Fordham and University Heights (CD5),Annual Average 2019,01/01/2019,18.21,
121648,386,Ozone (O3),Mean,ppb,CD,105,Midtown (CD5),2-Year Summer Average 2009-2010,06/01/2009,17.77,
670898,386,Ozone (O3),Mean,ppb,CD,105,Midtown (CD5),Summer 2020,06/01/2020,26.94,
"131290,659,Asthma emergency departments visits due to Ozone,Estimated annual rate (age 18+),""per 100,000 adults"",UHF42,306,Chelsea - Clinton,2005-2007,01/01/2005,28.6,"
"131323,661,Asthma hospitalizations due to Ozone,Estimated annual rate (age 18+),""per 100,000 adults"",UHF42,202,Downtown - Heights - Slope,2005-2007,01/01/2005,7.9,"
"131316,661,Asthma hospitalizations due to Ozone,Estimated annual rate (age 18+),""per 100,000 adults"",UHF42,102,Northeast Bronx,2005-2007,01/01/2005,9,"
"151583,661,Asthma hospitalizations due to Ozone,Estimated annual rate (age 18+),""per 100,000 adults"",UHF42,202,Downtown - Heights - Slope,2009-2011,01/01/2009,6.6,"
"518667,661,Asthma hospitalizations due to Ozone,Estimated annual rate (age 18+),""per 100,000 adults"",UHF42,302,Central Harlem - Morningside Heights,2012-2014,01/02/2012,11.7,"
"629032,661,Asthma hospitalizations due to Ozone,Estimated annual rate (age 18+),""per 100,000 adults"",UHF42,302,Central Harlem - Morningside Heights,2015-2017,01/01/2015,6.1,"
167690,375,Nitrogen dioxide (NO2),Mean,ppb,CD,105,Midtown (CD5),Annual Average 2012,12/01/2011,39.98,
"518649,661,Asthma hospitalizations due to Ozone,Estimated annual rate (age 18+),""per 100,000 adults"",UHF42,102,Northeast Bronx,2012-2014,01/02/2012,10.3,"
"629014,661,Asthma hospitalizations due to Ozone,Estimated annual rate (age 18+),""per 100,000 adults"",UHF42,102,Northeast Bronx,2015-2017,01/01/2015,6.6,"
338253,386,Ozone (O3),Mean,ppb,CD,105,Midtown (CD5),Summer 2015,06/01/2015,24.3,
165979,375,Nitrogen dioxide (NO2),Mean,ppb,CD,105,Midtown (CD5),Winter 2012-13,12/01/2012,39.15,
167572,375,Nitrogen dioxide (NO2),Mean,ppb,CD,105,Midtown (CD5),Annual Average 2010,12/01/2009,42.07,
643562,375,Nitrogen dioxide (NO2),Mean,ppb,CD,105,Midtown (CD5),Summer 2019,06/01/2019,27.15,
667544,375,Nitrogen dioxide (NO2),Mean,ppb,CD,105,Midtown (CD5),Winter 2019-20,12/01/2019,36.18,
167537,375,Nitrogen dioxide (NO2),Mean,ppb,CD,305,East New York and Starrett City (CD5),Annual Average 2009,12/01/2008,23.39,
165859,375,Nitrogen dioxide (NO2),Mean,ppb,CD,103,Lower East Side and Chinatown (CD3),Winter 2010-11,12/01/2010,34.91,
167747,375,Nitrogen dioxide (NO2),Mean,ppb,CD,103,Lower East Side and Chinatown (CD3),Annual Average 2013,12/01/2012,26.63,
166626,375,Nitrogen dioxide (NO2),Mean,ppb,CD,103,Lower East Side and Chinatown (CD3),Summer 2009,06/01/2009,28.32,
336729,375,Nitrogen dioxide (NO2),Mean,ppb,CD,103,Lower East Side and Chinatown (CD3),Winter 2014-15,12/01/2014,28.66,
741132,375,Nitrogen dioxide (NO2),Mean,ppb,CD,103,Lower East Side and Chinatown (CD3),Annual Average 2021,01/01/2021,19.29,
"131167,655,Asthma hospitalizations due to Ozone,Estimated annual rate (under age 18),""per 100,000 children"",Borough,2,Brooklyn,2005-2007,01/01/2005,21.1,"
550034,375,Nitrogen dioxide (NO2),Mean,ppb,CD,203,Morrisania and Crotona (CD3),Annual Average 2017,01/01/2017,20.78,
"131291,659,Asthma emergency departments visits due to Ozone,Estimated annual rate (age 18+),""per 100,000 adults"",UHF42,307,Gramercy Park - Murray Hill,2005-2007,01/01/2005,19.6,"
"131281,659,Asthma emergency departments visits due to Ozone,Estimated annual rate (age 18+),""per 100,000 adults"",UHF42,208,Canarsie - Flatlands,2005-2007,01/01/2005,38.3,"
"131292,659,Asthma emergency departments visits due to Ozone,Estimated annual rate (age 18+),""per 100,000 adults"",UHF42,308,Greenwich Village - SoHo,2005-2007,01/01/2005,9.1,"
"131301,659,Asthma emergency departments visits due to Ozone,Estimated annual rate (age 18+),""per 100,000 adults"",UHF42,407,Southwest Queens,2005-2007,01/01/2005,27,"
"131310,659,Asthma emergency departments visits due to Ozone,Estimated annual rate (age 18+),""per 100,000 adults"",Borough,1,Bronx,2005-2007,01/01/2005,89.6,"
165754,375,Nitrogen dioxide (NO2),Mean,ppb,CD,204,Highbridge and Concourse (CD4),Winter 2008-09,12/01/2008,33.96,
213238,375,Nitrogen dioxide (NO2),Mean,ppb,CD,204,Highbridge and Concourse (CD4),Winter 2013-14,12/01/2013,28.71,
602980,375,Nitrogen dioxide (NO2),Mean,ppb,CD,204,Highbridge and Concourse (CD4),Winter 2017-18,12/01/2017,27.07,
643594,375,Nitrogen dioxide (NO2),Mean,ppb,CD,204,Highbridge and Concourse (CD4),Annual Average 2019,01/01/2019,18.72,
643591,375,Nitrogen dioxide (NO2),Mean,ppb,CD,203,Morrisania and Crotona (CD3),Annual Average 2019,01/01/2019,17.78,
165753,375,Nitrogen dioxide (NO2),Mean,ppb,CD,203,Morrisania and Crotona (CD3),Winter 2008-09,12/01/2008,32.04,
213237,375,Nitrogen dioxide (NO2),Mean,ppb,CD,203,Morrisania and Crotona (CD3),Winter 2013-14,12/01/2013,27.77,
549418,386,Ozone (O3),Mean,ppb,CD,203,Morrisania and Crotona (CD3),Summer 2017,06/01/2017,28.28,
121659,386,Ozone (O3),Mean,ppb,CD,204,Highbridge and Concourse (CD4),2-Year Summer Average 2009-2010,06/01/2009,26.09,
605322,386,Ozone (O3),Mean,ppb,CD,204,Highbridge and Concourse (CD4),Summer 2018,06/01/2018,29.53,
670887,386,Ozone (O3),Mean,ppb,CD,204,Highbridge and Concourse (CD4),Summer 2020,06/01/2020,29.89,
121671,386,Ozone (O3),Mean,ppb,CD,304,Bushwick (CD4),2-Year Summer Average 2009-2010,06/01/2009,27.13,
"131273,659,Asthma emergency departments visits due to Ozone,Estimated annual rate (age 18+),""per 100,000 adults"",UHF42,107,Hunts Point - Mott Haven,2005-2007,01/01/2005,130.1,"
"131311,659,Asthma emergency departments visits due to Ozone,Estimated annual rate (age 18+),""per 100,000 adults"",Borough,2,Brooklyn,2005-2007,01/01/2005,47.8,"
"131321,661,Asthma hospitalizations due to Ozone,Estimated annual rate (age 18+),""per 100,000 adults"",UHF42,107,Hunts Point - Mott Haven,2005-2007,01/01/2005,19.4,"
"131359,661,Asthma hospitalizations due to Ozone,Estimated annual rate (age 18+),""per 100,000 adults"",Borough,2,Brooklyn,2005-2007,01/01/2005,8,"
"151619,661,Asthma hospitalizations due to Ozone,Estimated annual rate (age 18+),""per 100,000 adults"",Borough,2,Brooklyn,2009-2011,01/01/2009,7.6,"
"130990,652,Cardiac and respiratory deaths due to Ozone,Estimated annual rate,""per 100,000"",UHF42,205,Sunset Park,2005-2007,01/01/2005,3.8,"
"131009,652,Cardiac and respiratory deaths due to Ozone,Estimated annual rate,""per 100,000"",UHF42,403,Flushing - Clearview,2005-2007,01/01/2005,5,"
154563,643,Annual vehicle miles traveled,million miles,per km2,CD,104,Clinton and Chelsea (CD4),2005,01/01/2005,47.6,
325327,644,Annual vehicle miles travelled (cars),million miles,per km2,UHF42,305,Upper East Side,2016,01/01/2016,49.2,
151675,644,Annual vehicle miles travelled (cars),million miles,per km2,UHF42,105,Crotona -Tremont,2005,01/01/2005,36.3,
325093,645,Annual vehicle miles travelled (trucks),million miles,per km2,UHF42,103,Fordham - Bronx Pk,2016,01/01/2016,0.8,
151721,645,Annual vehicle miles travelled (trucks),million miles,per km2,UHF42,103,Fordham - Bronx Pk,2005,01/01/2005,0.7,
165770,375,Nitrogen dioxide (NO2),Mean,ppb,CD,308,Crown Heights and Prospect Heights (CD8),Winter 2008-09,12/01/2008,33.2,
213254,375,Nitrogen dioxide (NO2),Mean,ppb,CD,308,Crown Heights and Prospect Heights (CD8),Winter 2013-14,12/01/2013,29.77,
603028,375,Nitrogen dioxide (NO2),Mean,ppb,CD,308,Crown Heights and Prospect Heights (CD8),Winter 2017-18,12/01/2017,26.53,
643642,375,Nitrogen dioxide (NO2),Mean,ppb,CD,308,Crown Heights and Prospect Heights (CD8),Annual Average 2019,01/01/2019,18.19,
643636,375,Nitrogen dioxide (NO2),Mean,ppb,CD,306,Park Slope and Carroll Gardens (CD6),Annual Average 2019,01/01/2019,20.08,
213252,375,Nitrogen dioxide (NO2),Mean,ppb,CD,306,Park Slope and Carroll Gardens (CD6),Winter 2013-14,12/01/2013,29.3,
603022,375,Nitrogen dioxide (NO2),Mean,ppb,CD,306,Park Slope and Carroll Gardens (CD6),Winter 2017-18,12/01/2017,27.29,
216392,386,Ozone (O3),Mean,ppb,CD,208,Riverdale and Fieldston (CD8),Summer 2009,06/01/2009,23.73,
216296,386,Ozone (O3),Mean,ppb,CD,104,Clinton and Chelsea (CD4),Summer 2009,06/01/2009,20.26,
216380,386,Ozone (O3),Mean,ppb,CD,206,Belmont and East Tremont (CD6),Summer 2009,06/01/2009,23.67,
216308,386,Ozone (O3),Mean,ppb,CD,106,Stuyvesant Town and Turtle Bay (CD6),Summer 2009,06/01/2009,17.76,
165876,375,Nitrogen dioxide (NO2),Mean,ppb,CD,208,Riverdale and Fieldston (CD8),Winter 2010-11,12/01/2010,25.49,
166643,375,Nitrogen dioxide (NO2),Mean,ppb,CD,208,Riverdale and Fieldston (CD8),Summer 2009,06/01/2009,19.53,
167764,375,Nitrogen dioxide (NO2),Mean,ppb,CD,208,Riverdale and Fieldston (CD8),Annual Average 2013,12/01/2012,18.24,
336780,375,Nitrogen dioxide (NO2),Mean,ppb,CD,208,Riverdale and Fieldston (CD8),Winter 2014-15,12/01/2014,21.2,
550049,375,Nitrogen dioxide (NO2),Mean,ppb,CD,208,Riverdale and Fieldston (CD8),Annual Average 2017,01/01/2017,17.3,
"130809,648,Asthma emergency department visits due to PM2.5,Estimated annual rate (under age 18),""per 100,000 children"",UHF42,305,Upper East Side,2005-2007,01/01/2005,39,"
"130798,648,Asthma emergency department visits due to PM2.5,Estimated annual rate (under age 18),""per 100,000 children"",UHF42,205,Sunset Park,2005-2007,01/01/2005,47,"
"130796,648,Asthma emergency department visits due to PM2.5,Estimated annual rate (under age 18),""per 100,000 children"",UHF42,203,Bedford Stuyvesant - Crown Heights,2005-2007,01/01/2005,195.4,"
"131036,653,Asthma emergency departments visits due to Ozone,Estimated annual rate (under age 18),""per 100,000 children"",UHF42,203,Bedford Stuyvesant - Crown Heights,2005-2007,01/01/2005,155.7,"
"131067,653,Asthma emergency departments visits due to Ozone,Estimated annual rate (under age 18),""per 100,000 children"",UHF42,503,Willowbrook,2005-2007,01/01/2005,28,"
"131047,653,Asthma emergency departments visits due to Ozone,Estimated annual rate (under age 18),""per 100,000 children"",UHF42,303,East Harlem,2005-2007,01/01/2005,224.8,"
643720,375,Nitrogen dioxide (NO2),Mean,ppb,CD,502,South Beach and Willowbrook (CD2),Annual Average 2019,01/01/2019,11.67,
603064,375,Nitrogen dioxide (NO2),Mean,ppb,CD,402,Woodside and Sunnyside (CD2),Winter 2017-18,12/01/2017,27.56,
643678,375,Nitrogen dioxide (NO2),Mean,ppb,CD,402,Woodside and Sunnyside (CD2),Annual Average 2019,01/01/2019,20.67,
165781,375,Nitrogen dioxide (NO2),Mean,ppb,CD,401,Long Island City and Astoria (CD1),Winter 2008-09,12/01/2008,30.35,
213265,375,Nitrogen dioxide (NO2),Mean,ppb,CD,401,Long Island City and Astoria (CD1),Winter 2013-14,12/01/2013,28.53,
213248,375,Nitrogen dioxide (NO2),Mean,ppb,CD,302,Fort Greene and Brooklyn Heights (CD2),Winter 2013-14,12/01/2013,30.49,
603010,375,Nitrogen dioxide (NO2),Mean,ppb,CD,302,Fort Greene and Brooklyn Heights (CD2),Winter 2017-18,12/01/2017,27.06,
643624,375,Nitrogen dioxide (NO2),Mean,ppb,CD,302,Fort Greene and Brooklyn Heights (CD2),Annual Average 2019,01/01/2019,19.94,
165763,375,Nitrogen dioxide (NO2),Mean,ppb,CD,301,Greenpoint and Williamsburg (CD1),Winter 2008-09,12/01/2008,32.58,
213247,375,Nitrogen dioxide (NO2),Mean,ppb,CD,301,Greenpoint and Williamsburg (CD1),Winter 2013-14,12/01/2013,29.92,
603007,375,Nitrogen dioxide (NO2),Mean,ppb,CD,301,Greenpoint and Williamsburg (CD1),Winter 2017-18,12/01/2017,28.41,
643621,375,Nitrogen dioxide (NO2),Mean,ppb,CD,301,Greenpoint and Williamsburg (CD1),Annual Average 2019,01/01/2019,21.51,
216350,386,Ozone (O3),Mean,ppb,CD,201,Mott Haven and Melrose (CD1),Summer 2009,06/01/2009,23.97,
216278,386,Ozone (O3),Mean,ppb,CD,101,Financial District (CD1),Summer 2009,06/01/2009,19.11,
216284,386,Ozone (O3),Mean,ppb,CD,102,Greenwich Village and Soho (CD2),Summer 2009,06/01/2009,20.46,
216356,386,Ozone (O3),Mean,ppb,CD,202,Hunts Point and Longwood (CD2),Summer 2009,06/01/2009,25.51,
165857,375,Nitrogen dioxide (NO2),Mean,ppb,CD,101,Financial District (CD1),Winter 2010-11,12/01/2010,37.93,
166624,375,Nitrogen dioxide (NO2),Mean,ppb,CD,101,Financial District (CD1),Summer 2009,06/01/2009,34.24,
167745,375,Nitrogen dioxide (NO2),Mean,ppb,CD,101,Financial District (CD1),Annual Average 2013,12/01/2012,30.28,
"130803,648,Asthma emergency department visits due to PM2.5,Estimated annual rate (under age 18),""per 100,000 children"",UHF42,210,Coney Island - Sheepshead Bay,2005-2007,01/01/2005,38.4,"
"130802,648,Asthma emergency department visits due to PM2.5,Estimated annual rate (under age 18),""per 100,000 children"",UHF42,209,Bensonhurst - Bay Ridge,2005-2007,01/01/2005,19.7,"
"131150,655,Asthma hospitalizations due to Ozone,Estimated annual rate (under age 18),""per 100,000 children"",UHF42,310,Lower Manhattan,2005-2007,01/01/2005,8.1,"
"131054,653,Asthma emergency departments visits due to Ozone,Estimated annual rate (under age 18),""per 100,000 children"",UHF42,310,Lower Manhattan,2005-2007,01/01/2005,57.2,"
"131149,655,Asthma hospitalizations due to Ozone,Estimated annual rate (under age 18),""per 100,000 children"",UHF42,309,Union Square - Lower East Side,2005-2007,01/01/2005,16.1,"
"131053,653,Asthma emergency departments visits due to Ozone,Estimated annual rate (under age 18),""per 100,000 children"",UHF42,309,Union Square - Lower East Side,2005-2007,01/01/2005,85.8,"
"131064,653,Asthma emergency departments visits due to Ozone,Estimated annual rate (under age 18),""per 100,000 children"",UHF42,410,Rockaways,2005-2007,01/01/2005,135.2,"
741165,375,Nitrogen dioxide (NO2),Mean,ppb,CD,202,Hunts Point and Longwood (CD2),Annual Average 2021,01/01/2021,19.31,
336726,375,Nitrogen dioxide (NO2),Mean,ppb,CD,102,Greenwich Village and Soho (CD2),Winter 2014-15,12/01/2014,30.18,
549995,375,Nitrogen dioxide (NO2),Mean,ppb,CD,102,Greenwich Village and Soho (CD2),Annual Average 2017,01/01/2017,25.68,
"131285,659,Asthma emergency departments visits due to Ozone,Estimated annual rate (age 18+),""per 100,000 adults"",UHF42,301,Washington Heights,2005-2007,01/01/2005,46.8,"
"131267,659,Asthma emergency departments visits due to Ozone,Estimated annual rate (age 18+),""per 100,000 adults"",UHF42,101,Kingsbridge - Riverdale,2005-2007,01/01/2005,30.1,"
"131305,659,Asthma emergency departments visits due to Ozone,Estimated annual rate (age 18+),""per 100,000 adults"",UHF42,501,Port Richmond,2005-2007,01/01/2005,57.9,"
"131274,659,Asthma emergency departments visits due to Ozone,Estimated annual rate (age 18+),""per 100,000 adults"",UHF42,201,Greenpoint,2005-2007,01/01/2005,27,"
"131295,659,Asthma emergency departments visits due to Ozone,Estimated annual rate (age 18+),""per 100,000 adults"",UHF42,401,Long Island City - Astoria,2005-2007,01/01/2005,12.5,"
165750,375,Nitrogen dioxide (NO2),Mean,ppb,CD,112,Washington Heights and Inwood (CD12),Winter 2008-09,12/01/2008,32.4,
213234,375,Nitrogen dioxide (NO2),Mean,ppb,CD,112,Washington Heights and Inwood (CD12),Winter 2013-14,12/01/2013,26.28,
165746,375,Nitrogen dioxide (NO2),Mean,ppb,CD,108,Upper East Side (CD8),Winter 2008-09,12/01/2008,38.83,
213230,375,Nitrogen dioxide (NO2),Mean,ppb,CD,108,Upper East Side (CD8),Winter 2013-14,12/01/2013,33.53,
602956,375,Nitrogen dioxide (NO2),Mean,ppb,CD,108,Upper East Side (CD8),Winter 2017-18,12/01/2017,28.64,
643570,375,Nitrogen dioxide (NO2),Mean,ppb,CD,108,Upper East Side (CD8),Annual Average 2019,01/01/2019,22.19,
643582,375,Nitrogen dioxide (NO2),Mean,ppb,CD,112,Washington Heights and Inwood (CD12),Annual Average 2019,01/01/2019,16.87,
602968,375,Nitrogen dioxide (NO2),Mean,ppb,CD,112,Washington Heights and Inwood (CD12),Winter 2017-18,12/01/2017,25.23,
"151575,661,Asthma hospitalizations due to Ozone,Estimated annual rate (age 18+),""per 100,000 adults"",UHF42,101,Kingsbridge - Riverdale,2009-2011,01/01/2009,7.5,"
"131363,657,Asthma emergency department visits due to PM2.5,Estimated annual rate (age 18+),""per 100,000 adults"",UHF42,101,Kingsbridge - Riverdale,2009-2011,01/01/2009,25.4,"
"629031,661,Asthma hospitalizations due to Ozone,Estimated annual rate (age 18+),""per 100,000 adults"",UHF42,301,Washington Heights,2015-2017,01/01/2015,3.6,"
"518666,661,Asthma hospitalizations due to Ozone,Estimated annual rate (age 18+),""per 100,000 adults"",UHF42,301,Washington Heights,2012-2014,01/02/2012,5.5,"
"518655,661,Asthma hospitalizations due to Ozone,Estimated annual rate (age 18+),""per 100,000 adults"",UHF42,201,Greenpoint,2012-2014,01/02/2012,3.6,"
651032,386,Ozone (O3),Mean,ppb,CD,310,Bay Ridge and Dyker Heights (CD10),Summer 2019,06/01/2019,29.74,
338284,386,Ozone (O3),Mean,ppb,CD,312,Borough Park (CD12),Summer 2015,06/01/2015,31.98,
651010,386,Ozone (O3),Mean,ppb,CD,112,Washington Heights and Inwood (CD12),Summer 2019,06/01/2019,27.79,
338258,386,Ozone (O3),Mean,ppb,CD,110,Central Harlem (CD10),Summer 2015,06/01/2015,29.07,
651008,386,Ozone (O3),Mean,ppb,CD,110,Central Harlem (CD10),Summer 2019,06/01/2019,27.3,
338256,386,Ozone (O3),Mean,ppb,CD,108,Upper East Side (CD8),Summer 2015,06/01/2015,28.01,
651006,386,Ozone (O3),Mean,ppb,CD,108,Upper East Side (CD8),Summer 2019,06/01/2019,25.85,
338260,386,Ozone (O3),Mean,ppb,CD,112,Washington Heights and Inwood (CD12),Summer 2015,06/01/2015,28.95,
"629013,661,Asthma hospitalizations due to Ozone,Estimated annual rate (age 18+),""per 100,000 adults"",UHF42,101,Kingsbridge - Riverdale,2015-2017,01/01/2015,4,"
167532,375,Nitrogen dioxide (NO2),Mean,ppb,CD,212,Williamsbridge and Baychester (CD12),Annual Average 2009,12/01/2008,22.05,
213421,375,Nitrogen dioxide (NO2),Mean,ppb,CD,210,Throgs Neck and Co-op City (CD10),Summer 2014,06/01/2014,14.33,
336784,375,Nitrogen dioxide (NO2),Mean,ppb,CD,210,Throgs Neck and Co-op City (CD10),Annual Average 2015,01/01/2015,18.76,
"131369,657,Asthma emergency department visits due to PM2.5,Estimated annual rate (age 18+),""per 100,000 adults"",UHF42,107,Hunts Point - Mott Haven,2009-2011,01/01/2009,138.1,"
"131407,657,Asthma emergency department visits due to PM2.5,Estimated annual rate (age 18+),""per 100,000 adults"",Borough,2,Brooklyn,2009-2011,01/01/2009,48.5,"
"131406,657,Asthma emergency department visits due to PM2.5,Estimated annual rate (age 18+),""per 100,000 adults"",Borough,1,Bronx,2009-2011,01/01/2009,67,"
165800,375,Nitrogen dioxide (NO2),Mean,ppb,CD,103,Lower East Side and Chinatown (CD3),Winter 2009-10,12/01/2009,31.44,
165918,375,Nitrogen dioxide (NO2),Mean,ppb,CD,103,Lower East Side and Chinatown (CD3),Winter 2011-12,12/01/2011,29.61,
549997,375,Nitrogen dioxide (NO2),Mean,ppb,CD,103,Lower East Side and Chinatown (CD3),Summer 2017,06/01/2017,19.88,
549999,375,Nitrogen dioxide (NO2),Mean,ppb,CD,103,Lower East Side and Chinatown (CD3),Winter 2016-17,12/01/2016,28.44,
602940,375,Nitrogen dioxide (NO2),Mean,ppb,CD,103,Lower East Side and Chinatown (CD3),Summer 2018,06/01/2018,18.72,
166685,375,Nitrogen dioxide (NO2),Mean,ppb,CD,103,Lower East Side and Chinatown (CD3),Summer 2010,06/01/2010,26.42,
166744,375,Nitrogen dioxide (NO2),Mean,ppb,CD,103,Lower East Side and Chinatown (CD3),Summer 2011,06/01/2011,26.23,
412665,375,Nitrogen dioxide (NO2),Mean,ppb,CD,103,Lower East Side and Chinatown (CD3),Summer 2016,06/01/2016,19.89,
412664,375,Nitrogen dioxide (NO2),Mean,ppb,CD,103,Lower East Side and Chinatown (CD3),Winter 2015-16,12/01/2015,27.5,
167701,375,Nitrogen dioxide (NO2),Mean,ppb,CD,204,Highbridge and Concourse (CD4),Annual Average 2012,12/01/2011,24.46,
167688,375,Nitrogen dioxide (NO2),Mean,ppb,CD,103,Lower East Side and Chinatown (CD3),Annual Average 2012,12/01/2011,27.42,
651013,386,Ozone (O3),Mean,ppb,CD,203,Morrisania and Crotona (CD3),Summer 2019,06/01/2019,29.2,
338251,386,Ozone (O3),Mean,ppb,CD,103,Lower East Side and Chinatown (CD3),Summer 2015,06/01/2015,28,
651001,386,Ozone (O3),Mean,ppb,CD,103,Lower East Side and Chinatown (CD3),Summer 2019,06/01/2019,25.88,
338275,386,Ozone (O3),Mean,ppb,CD,303,Bedford Stuyvesant (CD3),Summer 2015,06/01/2015,30.64,
651025,386,Ozone (O3),Mean,ppb,CD,303,Bedford Stuyvesant (CD3),Summer 2019,06/01/2019,29.57,
"518654,661,Asthma hospitalizations due to Ozone,Estimated annual rate (age 18+),""per 100,000 adults"",UHF42,107,Hunts Point - Mott Haven,2012-2014,01/02/2012,19.4,"
"518643,661,Asthma hospitalizations due to Ozone,Estimated annual rate (age 18+),""per 100,000 adults"",Borough,1,Bronx,2012-2014,01/02/2012,13.4,"
"629009,661,Asthma hospitalizations due to Ozone,Estimated annual rate (age 18+),""per 100,000 adults"",Borough,2,Brooklyn,2015-2017,01/01/2015,3.1,"
"518662,661,Asthma hospitalizations due to Ozone,Estimated annual rate (age 18+),""per 100,000 adults"",UHF42,208,Canarsie - Flatlands,2012-2014,01/02/2012,6.5,"
"518644,661,Asthma hospitalizations due to Ozone,Estimated annual rate (age 18+),""per 100,000 adults"",Borough,2,Brooklyn,2012-2014,01/02/2012,6.9,"
"629008,661,Asthma hospitalizations due to Ozone,Estimated annual rate (age 18+),""per 100,000 adults"",Borough,1,Bronx,2015-2017,01/01/2015,9.1,"
"518950,657,Asthma emergency department visits due to PM2.5,Estimated annual rate (age 18+),""per 100,000 adults"",UHF42,208,Canarsie - Flatlands,2012-2014,01/02/2012,35.08,"
"628499,657,Asthma emergency department visits due to PM2.5,Estimated annual rate (age 18+),""per 100,000 adults"",UHF42,208,Canarsie - Flatlands,2015-2017,01/01/2015,31.4,"
"518932,657,Asthma emergency department visits due to PM2.5,Estimated annual rate (age 18+),""per 100,000 adults"",Borough,2,Brooklyn,2012-2014,01/02/2012,44.17,"
"628481,657,Asthma emergency department visits due to PM2.5,Estimated annual rate (age 18+),""per 100,000 adults"",Borough,2,Brooklyn,2015-2017,01/01/2015,34.9,"
"131143,655,Asthma hospitalizations due to Ozone,Estimated annual rate (under age 18),""per 100,000 children"",UHF42,303,East Harlem,2005-2007,01/01/2005,43.1,"
"131029,653,Asthma emergency departments visits due to Ozone,Estimated annual rate (under age 18),""per 100,000 children"",UHF42,103,Fordham - Bronx Pk,2005-2007,01/01/2005,115.8,"
213240,375,Nitrogen dioxide (NO2),Mean,ppb,CD,206,Belmont and East Tremont (CD6),Winter 2013-14,12/01/2013,27.31,
"131276,659,Asthma emergency departments visits due to Ozone,Estimated annual rate (age 18+),""per 100,000 adults"",UHF42,203,Bedford Stuyvesant - Crown Heights,2005-2007,01/01/2005,98.5,"
"131278,659,Asthma emergency departments visits due to Ozone,Estimated annual rate (age 18+),""per 100,000 adults"",UHF42,205,Sunset Park,2005-2007,01/01/2005,40.5,"
"131287,659,Asthma emergency departments visits due to Ozone,Estimated annual rate (age 18+),""per 100,000 adults"",UHF42,303,East Harlem,2005-2007,01/01/2005,143.9,"
"131297,659,Asthma emergency departments visits due to Ozone,Estimated annual rate (age 18+),""per 100,000 adults"",UHF42,403,Flushing - Clearview,2005-2007,01/01/2005,11.3,"
"131307,659,Asthma emergency departments visits due to Ozone,Estimated annual rate (age 18+),""per 100,000 adults"",UHF42,503,Willowbrook,2005-2007,01/01/2005,16.2,"
"131269,659,Asthma emergency departments visits due to Ozone,Estimated annual rate (age 18+),""per 100,000 adults"",UHF42,103,Fordham - Bronx Pk,2005-2007,01/01/2005,84.1,"
"131289,659,Asthma emergency departments visits due to Ozone,Estimated annual rate (age 18+),""per 100,000 adults"",UHF42,305,Upper East Side,2005-2007,01/01/2005,8.5,"
165744,375,Nitrogen dioxide (NO2),Mean,ppb,CD,106,Stuyvesant Town and Turtle Bay (CD6),Winter 2008-09,12/01/2008,44.31,
213228,375,Nitrogen dioxide (NO2),Mean,ppb,CD,106,Stuyvesant Town and Turtle Bay (CD6),Winter 2013-14,12/01/2013,37.37,
643564,375,Nitrogen dioxide (NO2),Mean,ppb,CD,106,Stuyvesant Town and Turtle Bay (CD6),Annual Average 2019,01/01/2019,24.48,
602950,375,Nitrogen dioxide (NO2),Mean,ppb,CD,106,Stuyvesant Town and Turtle Bay (CD6),Winter 2017-18,12/01/2017,31.25,
165742,375,Nitrogen dioxide (NO2),Mean,ppb,CD,104,Clinton and Chelsea (CD4),Winter 2008-09,12/01/2008,40.88,
213226,375,Nitrogen dioxide (NO2),Mean,ppb,CD,104,Clinton and Chelsea (CD4),Winter 2013-14,12/01/2013,34.78,
602991,375,Nitrogen dioxide (NO2),Mean,ppb,CD,208,Riverdale and Fieldston (CD8),Summer 2018,06/01/2018,11.68,
667635,375,Nitrogen dioxide (NO2),Mean,ppb,CD,208,Riverdale and Fieldston (CD8),Summer 2020,06/01/2020,12.14,
550002,375,Nitrogen dioxide (NO2),Mean,ppb,CD,104,Clinton and Chelsea (CD4),Winter 2016-17,12/01/2016,31.19,
602943,375,Nitrogen dioxide (NO2),Mean,ppb,CD,104,Clinton and Chelsea (CD4),Summer 2018,06/01/2018,22.78,
667539,375,Nitrogen dioxide (NO2),Mean,ppb,CD,104,Clinton and Chelsea (CD4),Summer 2020,06/01/2020,17.82,
"131271,659,Asthma emergency departments visits due to Ozone,Estimated annual rate (age 18+),""per 100,000 adults"",UHF42,105,Crotona -Tremont,2005-2007,01/01/2005,138.6,"
"151579,661,Asthma hospitalizations due to Ozone,Estimated annual rate (age 18+),""per 100,000 adults"",UHF42,105,Crotona -Tremont,2009-2011,01/01/2009,18.9,"
"131367,657,Asthma emergency department visits due to PM2.5,Estimated annual rate (age 18+),""per 100,000 adults"",UHF42,105,Crotona -Tremont,2009-2011,01/01/2009,131.3,"
"131365,657,Asthma emergency department visits due to PM2.5,Estimated annual rate (age 18+),""per 100,000 adults"",UHF42,103,Fordham - Bronx Pk,2009-2011,01/01/2009,68.7,"
"629022,661,Asthma hospitalizations due to Ozone,Estimated annual rate (age 18+),""per 100,000 adults"",UHF42,203,Bedford Stuyvesant - Crown Heights,2015-2017,01/01/2015,5.4,"
741181,375,Nitrogen dioxide (NO2),Mean,ppb,CD,208,Riverdale and Fieldston (CD8),Winter 2020-21,12/01/2020,17.97,
167691,375,Nitrogen dioxide (NO2),Mean,ppb,CD,106,Stuyvesant Town and Turtle Bay (CD6),Annual Average 2012,12/01/2011,34.48,
741129,375,Nitrogen dioxide (NO2),Mean,ppb,CD,102,Greenwich Village and Soho (CD2),Annual Average 2021,01/01/2021,21.21,
165751,375,Nitrogen dioxide (NO2),Mean,ppb,CD,201,Mott Haven and Melrose (CD1),Winter 2008-09,12/01/2008,32.41,
213235,375,Nitrogen dioxide (NO2),Mean,ppb,CD,201,Mott Haven and Melrose (CD1),Winter 2013-14,12/01/2013,28.73,
602971,375,Nitrogen dioxide (NO2),Mean,ppb,CD,201,Mott Haven and Melrose (CD1),Winter 2017-18,12/01/2017,27.52,
643585,375,Nitrogen dioxide (NO2),Mean,ppb,CD,201,Mott Haven and Melrose (CD1),Annual Average 2019,01/01/2019,19.67,
"131283,659,Asthma emergency departments visits due to Ozone,Estimated annual rate (age 18+),""per 100,000 adults"",UHF42,210,Coney Island - Sheepshead Bay,2005-2007,01/01/2005,22.6,"
"131279,659,Asthma emergency departments visits due to Ozone,Estimated annual rate (age 18+),""per 100,000 adults"",UHF42,206,Borough Park,2005-2007,01/01/2005,11.6,"
"131303,659,Asthma emergency departments visits due to Ozone,Estimated annual rate (age 18+),""per 100,000 adults"",UHF42,409,Southeast Queens,2005-2007,01/01/2005,29.7,"
"131304,659,Asthma emergency departments visits due to Ozone,Estimated annual rate (age 18+),""per 100,000 adults"",UHF42,410,Rockaways,2005-2007,01/01/2005,58.8,"
"131272,659,Asthma emergency departments visits due to Ozone,Estimated annual rate (age 18+),""per 100,000 adults"",UHF42,106,High Bridge - Morrisania,2005-2007,01/01/2005,124,"
"131294,659,Asthma emergency departments visits due to Ozone,Estimated annual rate (age 18+),""per 100,000 adults"",UHF42,310,Lower Manhattan,2005-2007,01/01/2005,26.9,"
"131293,659,Asthma emergency departments visits due to Ozone,Estimated annual rate (age 18+),""per 100,000 adults"",UHF42,309,Union Square - Lower East Side,2005-2007,01/01/2005,35,"
"131312,659,Asthma emergency departments visits due to Ozone,Estimated annual rate (age 18+),""per 100,000 adults"",Borough,3,Manhattan,2005-2007,01/01/2005,43.8,"
213224,375,Nitrogen dioxide (NO2),Mean,ppb,CD,102,Greenwich Village and Soho (CD2),Winter 2013-14,12/01/2013,34.03,
643549,375,Nitrogen dioxide (NO2),Mean,ppb,CD,101,Financial District (CD1),Annual Average 2019,01/01/2019,24.3,
549404,386,Ozone (O3),Mean,ppb,CD,101,Financial District (CD1),Summer 2017,06/01/2017,24.81,
670902,386,Ozone (O3),Mean,ppb,CD,101,Financial District (CD1),Summer 2020,06/01/2020,27.87,
549417,386,Ozone (O3),Mean,ppb,CD,202,Hunts Point and Longwood (CD2),Summer 2017,06/01/2017,29.69,
605320,386,Ozone (O3),Mean,ppb,CD,202,Hunts Point and Longwood (CD2),Summer 2018,06/01/2018,30.73,
670889,386,Ozone (O3),Mean,ppb,CD,202,Hunts Point and Longwood (CD2),Summer 2020,06/01/2020,31.52,
549405,386,Ozone (O3),Mean,ppb,CD,102,Greenwich Village and Soho (CD2),Summer 2017,06/01/2017,25.06,
605308,386,Ozone (O3),Mean,ppb,CD,102,Greenwich Village and Soho (CD2),Summer 2018,06/01/2018,26.21,
670901,386,Ozone (O3),Mean,ppb,CD,102,Greenwich Village and Soho (CD2),Summer 2020,06/01/2020,28.54,
"131331,661,Asthma hospitalizations due to Ozone,Estimated annual rate (age 18+),""per 100,000 adults"",UHF42,210,Coney Island - Sheepshead Bay,2005-2007,01/01/2005,5.9,"
"131330,661,Asthma hospitalizations due to Ozone,Estimated annual rate (age 18+),""per 100,000 adults"",UHF42,209,Bensonhurst - Bay Ridge,2005-2007,01/01/2005,2.7,"
"151591,661,Asthma hospitalizations due to Ozone,Estimated annual rate (age 18+),""per 100,000 adults"",UHF42,210,Coney Island - Sheepshead Bay,2009-2011,01/01/2009,6,"
"151620,661,Asthma hospitalizations due to Ozone,Estimated annual rate (age 18+),""per 100,000 adults"",Borough,3,Manhattan,2009-2011,01/01/2009,4.9,"
"131368,657,Asthma emergency department visits due to PM2.5,Estimated annual rate (age 18+),""per 100,000 adults"",UHF42,106,High Bridge - Morrisania,2009-2011,01/01/2009,130.1,"
"518663,661,Asthma hospitalizations due to Ozone,Estimated annual rate (age 18+),""per 100,000 adults"",UHF42,209,Bensonhurst - Bay Ridge,2012-2014,01/02/2012,2.7,"
167655,375,Nitrogen dioxide (NO2),Mean,ppb,CD,305,East New York and Starrett City (CD5),Annual Average 2011,12/01/2010,22.43,
336805,375,Nitrogen dioxide (NO2),Mean,ppb,CD,305,East New York and Starrett City (CD5),Annual Average 2015,01/01/2015,18.71,
643635,375,Nitrogen dioxide (NO2),Mean,ppb,CD,305,East New York and Starrett City (CD5),Winter 2018-19,12/01/2018,21.16,
667687,375,Nitrogen dioxide (NO2),Mean,ppb,CD,305,East New York and Starrett City (CD5),Annual Average 2020,01/01/2020,15.48,
216306,386,Ozone (O3),Mean,ppb,CD,105,Midtown (CD5),Summer 2013,06/01/2013,20.67,
216305,386,Ozone (O3),Mean,ppb,CD,105,Midtown (CD5),Summer 2012,06/01/2012,22.53,
166805,375,Nitrogen dioxide (NO2),Mean,ppb,CD,105,Midtown (CD5),Summer 2012,06/01/2012,40.34,
166864,375,Nitrogen dioxide (NO2),Mean,ppb,CD,105,Midtown (CD5),Summer 2013,06/01/2013,37.02,
412672,375,Nitrogen dioxide (NO2),Mean,ppb,CD,105,Midtown (CD5),Annual Average 2016,12/31/2015,31.64,
741137,375,Nitrogen dioxide (NO2),Mean,ppb,CD,105,Midtown (CD5),Summer 2021,06/01/2021,22.07,
212550,375,Nitrogen dioxide (NO2),Mean,ppb,UHF42,202,Downtown - Heights - Slope,Annual Average 2014,12/01/2013,22.67,
549765,375,Nitrogen dioxide (NO2),Mean,ppb,UHF42,102,Northeast Bronx,Winter 2016-17,12/01/2016,26.39,
667065,375,Nitrogen dioxide (NO2),Mean,ppb,UHF42,102,Northeast Bronx,Summer 2020,06/01/2020,13,
212309,375,Nitrogen dioxide (NO2),Mean,ppb,UHF42,302,Central Harlem - Morningside Heights,Winter 2013-14,12/01/2013,29.87,
602761,375,Nitrogen dioxide (NO2),Mean,ppb,UHF42,302,Central Harlem - Morningside Heights,Winter 2017-18,12/01/2017,27.52,
643375,375,Nitrogen dioxide (NO2),Mean,ppb,UHF42,302,Central Harlem - Morningside Heights,Annual Average 2019,01/01/2019,19.7,
178568,365,Fine particles (PM 2.5),Mean,mcg/m3,UHF42,102,Northeast Bronx,Annual Average 2013,12/01/2012,8.73,
177224,365,Fine particles (PM 2.5),Mean,mcg/m3,UHF42,102,Northeast Bronx,Winter 2010-11,12/01/2010,13.35,
177770,365,Fine particles (PM 2.5),Mean,mcg/m3,UHF42,102,Northeast Bronx,Summer 2009,06/01/2009,10.33,
333957,365,Fine particles (PM 2.5),Mean,mcg/m3,UHF42,102,Northeast Bronx,Winter 2014-15,12/01/2014,10.14,
168440,365,Fine particles (PM 2.5),Mean,mcg/m3,CD,405,Ridgewood and Maspeth (CD5),Winter 2008-09,12/01/2008,13.45,
602728,375,Nitrogen dioxide (NO2),Mean,ppb,UHF42,202,Downtown - Heights - Slope,Winter 2017-18,12/01/2017,27.19,
643342,375,Nitrogen dioxide (NO2),Mean,ppb,UHF42,202,Downtown - Heights - Slope,Annual Average 2019,01/01/2019,19.98,
168422,365,Fine particles (PM 2.5),Mean,mcg/m3,CD,305,East New York and Starrett City (CD5),Winter 2008-09,12/01/2008,13.41,
649978,365,Fine particles (PM 2.5),Mean,mcg/m3,CD,305,East New York and Starrett City (CD5),Annual Average 2019,01/01/2019,6.52,
605980,365,Fine particles (PM 2.5),Mean,mcg/m3,CD,305,East New York and Starrett City (CD5),Winter 2017-18,12/01/2017,8.18,
175257,375,Nitrogen dioxide (NO2),Mean,ppb,UHF42,202,Downtown - Heights - Slope,Winter 2008-09,12/01/2008,33.61,
175250,375,Nitrogen dioxide (NO2),Mean,ppb,UHF42,102,Northeast Bronx,Winter 2008-09,12/01/2008,27.63,
212291,375,Nitrogen dioxide (NO2),Mean,ppb,UHF42,102,Northeast Bronx,Winter 2013-14,12/01/2013,24.6,
168410,365,Fine particles (PM 2.5),Mean,mcg/m3,CD,205,Fordham and University Heights (CD5),Winter 2008-09,12/01/2008,15.65,
213770,365,Fine particles (PM 2.5),Mean,mcg/m3,CD,205,Fordham and University Heights (CD5),Winter 2013-14,12/01/2013,13.44,
605944,365,Fine particles (PM 2.5),Mean,mcg/m3,CD,205,Fordham and University Heights (CD5),Winter 2017-18,12/01/2017,8.66,
213423,375,Nitrogen dioxide (NO2),Mean,ppb,CD,212,Williamsbridge and Baychester (CD12),Summer 2014,06/01/2014,14.83,
336790,375,Nitrogen dioxide (NO2),Mean,ppb,CD,212,Williamsbridge and Baychester (CD12),Annual Average 2015,01/01/2015,18.97,
216323,386,Ozone (O3),Mean,ppb,CD,108,Upper East Side (CD8),Summer 2012,06/01/2012,29.16,
216324,386,Ozone (O3),Mean,ppb,CD,108,Upper East Side (CD8),Summer 2013,06/01/2013,26.24,
743642,386,Ozone (O3),Mean,ppb,CD,108,Upper East Side (CD8),Summer 2021,06/01/2021,27.81,
166810,375,Nitrogen dioxide (NO2),Mean,ppb,CD,110,Central Harlem (CD10),Summer 2012,06/01/2012,21.94,
602758,375,Nitrogen dioxide (NO2),Mean,ppb,UHF42,301,Washington Heights,Winter 2017-18,12/01/2017,25.64,
643372,375,Nitrogen dioxide (NO2),Mean,ppb,UHF42,301,Washington Heights,Annual Average 2019,01/01/2019,17.27,
179182,365,Fine particles (PM 2.5),Mean,mcg/m3,Citywide,1,New York City,Annual Average 2013,12/01/2012,8.63,
547597,365,Fine particles (PM 2.5),Mean,mcg/m3,Citywide,1,New York City,Annual Average 2017,01/01/2017,7.38,
410963,365,Fine particles (PM 2.5),Mean,mcg/m3,Citywide,1,New York City,Winter 2015-16,12/01/2015,8.01,
742390,365,Fine particles (PM 2.5),Mean,mcg/m3,Citywide,1,New York City,Winter 2020-21,12/01/2020,6.74,
130535,642,Boiler Emissions- Total NOx Emissions,Number per km2,number,Citywide,1,New York City,2013,01/01/2013,29.4,
130487,641,Boiler Emissions- Total PM2.5 Emissions,Number per km2,number,Citywide,1,New York City,2013,01/01/2013,0.7,
130439,640,Boiler Emissions- Total SO2 Emissions,Number per km2,number,Citywide,1,New York City,2013,01/01/2013,6.1,
179165,365,Fine particles (PM 2.5),Mean,mcg/m3,Citywide,1,New York City,Summer 2011,06/01/2011,11.46,
606001,365,Fine particles (PM 2.5),Mean,mcg/m3,CD,312,Borough Park (CD12),Winter 2017-18,12/01/2017,8.48,
168427,365,Fine particles (PM 2.5),Mean,mcg/m3,CD,310,Bay Ridge and Dyker Heights (CD10),Winter 2008-09,12/01/2008,12.26,
213787,365,Fine particles (PM 2.5),Mean,mcg/m3,CD,310,Bay Ridge and Dyker Heights (CD10),Winter 2013-14,12/01/2013,11.78,
649993,365,Fine particles (PM 2.5),Mean,mcg/m3,CD,310,Bay Ridge and Dyker Heights (CD10),Annual Average 2019,01/01/2019,6.39,
605995,365,Fine particles (PM 2.5),Mean,mcg/m3,CD,310,Bay Ridge and Dyker Heights (CD10),Winter 2017-18,12/01/2017,8.27,
175267,375,Nitrogen dioxide (NO2),Mean,ppb,UHF42,301,Washington Heights,Winter 2008-09,12/01/2008,32.91,
175256,375,Nitrogen dioxide (NO2),Mean,ppb,UHF42,201,Greenpoint,Winter 2008-09,12/01/2008,32.48,
212297,375,Nitrogen dioxide (NO2),Mean,ppb,UHF42,201,Greenpoint,Winter 2013-14,12/01/2013,29.9,
602725,375,Nitrogen dioxide (NO2),Mean,ppb,UHF42,201,Greenpoint,Winter 2017-18,12/01/2017,28.11,
167518,375,Nitrogen dioxide (NO2),Mean,ppb,CD,110,Central Harlem (CD10),Annual Average 2009,12/01/2008,31.17,
167636,375,Nitrogen dioxide (NO2),Mean,ppb,CD,110,Central Harlem (CD10),Annual Average 2011,12/01/2010,28.32,
213409,375,Nitrogen dioxide (NO2),Mean,ppb,CD,110,Central Harlem (CD10),Summer 2014,06/01/2014,19.66,
643578,375,Nitrogen dioxide (NO2),Mean,ppb,CD,110,Central Harlem (CD10),Winter 2018-19,12/01/2018,24.82,
667573,375,Nitrogen dioxide (NO2),Mean,ppb,CD,110,Central Harlem (CD10),Annual Average 2020,01/01/2020,19.13,
167638,375,Nitrogen dioxide (NO2),Mean,ppb,CD,112,Washington Heights and Inwood (CD12),Annual Average 2011,12/01/2010,25,
168429,365,Fine particles (PM 2.5),Mean,mcg/m3,CD,312,Borough Park (CD12),Winter 2008-09,12/01/2008,12.64,
168417,365,Fine particles (PM 2.5),Mean,mcg/m3,CD,212,Williamsbridge and Baychester (CD12),Winter 2008-09,12/01/2008,13.65,
338263,386,Ozone (O3),Mean,ppb,CD,203,Morrisania and Crotona (CD3),Summer 2015,06/01/2015,30.24,
338264,386,Ozone (O3),Mean,ppb,CD,204,Highbridge and Concourse (CD4),Summer 2015,06/01/2015,29.68,
651014,386,Ozone (O3),Mean,ppb,CD,204,Highbridge and Concourse (CD4),Summer 2019,06/01/2019,28.49,
336764,375,Nitrogen dioxide (NO2),Mean,ppb,CD,203,Morrisania and Crotona (CD3),Summer 2015,06/01/2015,17.23,
165977,375,Nitrogen dioxide (NO2),Mean,ppb,CD,103,Lower East Side and Chinatown (CD3),Winter 2012-13,12/01/2012,30.54,
167570,375,Nitrogen dioxide (NO2),Mean,ppb,CD,103,Lower East Side and Chinatown (CD3),Annual Average 2010,12/01/2009,29.22,
336728,375,Nitrogen dioxide (NO2),Mean,ppb,CD,103,Lower East Side and Chinatown (CD3),Summer 2015,06/01/2015,20.15,
643556,375,Nitrogen dioxide (NO2),Mean,ppb,CD,103,Lower East Side and Chinatown (CD3),Summer 2019,06/01/2019,19.94,
213426,375,Nitrogen dioxide (NO2),Mean,ppb,CD,303,Bedford Stuyvesant (CD3),Summer 2014,06/01/2014,17.11,
167654,375,Nitrogen dioxide (NO2),Mean,ppb,CD,304,Bushwick (CD4),Annual Average 2011,12/01/2010,24.66,
743623,386,Ozone (O3),Mean,ppb,CD,303,Bedford Stuyvesant (CD3),Summer 2021,06/01/2021,29.61,
743634,386,Ozone (O3),Mean,ppb,CD,204,Highbridge and Concourse (CD4),Summer 2021,06/01/2021,28.92,
743647,386,Ozone (O3),Mean,ppb,CD,103,Lower East Side and Chinatown (CD3),Summer 2021,06/01/2021,28.37,
166874,375,Nitrogen dioxide (NO2),Mean,ppb,CD,203,Morrisania and Crotona (CD3),Summer 2013,06/01/2013,18.47,
166815,375,Nitrogen dioxide (NO2),Mean,ppb,CD,203,Morrisania and Crotona (CD3),Summer 2012,06/01/2012,18.97,
166887,375,Nitrogen dioxide (NO2),Mean,ppb,CD,304,Bushwick (CD4),Summer 2013,06/01/2013,18.09,
179274,375,Nitrogen dioxide (NO2),Mean,ppb,Borough,2,Brooklyn,Winter 2009-10,12/01/2009,27.17,
211391,375,Nitrogen dioxide (NO2),Mean,ppb,Borough,2,Brooklyn,Annual Average 2014,12/01/2013,19.95,
175262,375,Nitrogen dioxide (NO2),Mean,ppb,UHF42,207,East Flatbush - Flatbush,Winter 2008-09,12/01/2008,30.46,
213799,365,Fine particles (PM 2.5),Mean,mcg/m3,CD,404,Elmhurst and Corona (CD4),Winter 2013-14,12/01/2013,12.04,
606031,365,Fine particles (PM 2.5),Mean,mcg/m3,CD,404,Elmhurst and Corona (CD4),Winter 2017-18,12/01/2017,8.23,
168452,365,Fine particles (PM 2.5),Mean,mcg/m3,CD,503,Tottenville and Great Kills (CD3),Winter 2008-09,12/01/2008,11.71,
606019,365,Fine particles (PM 2.5),Mean,mcg/m3,CD,318,Flatlands and Canarsie (CD18),Winter 2017-18,12/01/2017,7.87,
650017,365,Fine particles (PM 2.5),Mean,mcg/m3,CD,318,Flatlands and Canarsie (CD18),Annual Average 2019,01/01/2019,6.11,
168420,365,Fine particles (PM 2.5),Mean,mcg/m3,CD,303,Bedford Stuyvesant (CD3),Winter 2008-09,12/01/2008,13.67,
213780,365,Fine particles (PM 2.5),Mean,mcg/m3,CD,303,Bedford Stuyvesant (CD3),Winter 2013-14,12/01/2013,12.1,
212303,375,Nitrogen dioxide (NO2),Mean,ppb,UHF42,207,East Flatbush - Flatbush,Winter 2013-14,12/01/2013,28.3,
602743,375,Nitrogen dioxide (NO2),Mean,ppb,UHF42,207,East Flatbush - Flatbush,Winter 2017-18,12/01/2017,24.33,
212296,375,Nitrogen dioxide (NO2),Mean,ppb,UHF42,107,Hunts Point - Mott Haven,Winter 2013-14,12/01/2013,27.93,
602722,375,Nitrogen dioxide (NO2),Mean,ppb,UHF42,107,Hunts Point - Mott Haven,Winter 2017-18,12/01/2017,26.75,
213795,365,Fine particles (PM 2.5),Mean,mcg/m3,CD,318,Flatlands and Canarsie (CD18),Winter 2013-14,12/01/2013,11.04,
213798,365,Fine particles (PM 2.5),Mean,mcg/m3,CD,403,Jackson Heights (CD3),Winter 2013-14,12/01/2013,11.67,
167689,375,Nitrogen dioxide (NO2),Mean,ppb,CD,104,Clinton and Chelsea (CD4),Annual Average 2012,12/01/2011,31.4,
167705,375,Nitrogen dioxide (NO2),Mean,ppb,CD,208,Riverdale and Fieldston (CD8),Annual Average 2012,12/01/2011,19.08,
338268,386,Ozone (O3),Mean,ppb,CD,208,Riverdale and Fieldston (CD8),Summer 2015,06/01/2015,28.79,
651018,386,Ozone (O3),Mean,ppb,CD,208,Riverdale and Fieldston (CD8),Summer 2019,06/01/2019,28.62,
338252,386,Ozone (O3),Mean,ppb,CD,104,Clinton and Chelsea (CD4),Summer 2015,06/01/2015,27.11,
651002,386,Ozone (O3),Mean,ppb,CD,104,Clinton and Chelsea (CD4),Summer 2019,06/01/2019,24.4,
338254,386,Ozone (O3),Mean,ppb,CD,106,Stuyvesant Town and Turtle Bay (CD6),Summer 2015,06/01/2015,25.84,
651004,386,Ozone (O3),Mean,ppb,CD,106,Stuyvesant Town and Turtle Bay (CD6),Summer 2019,06/01/2019,24.56,
"629033,661,Asthma hospitalizations due to Ozone,Estimated annual rate (age 18+),""per 100,000 adults"",UHF42,303,East Harlem,2015-2017,01/01/2015,9.1,"
"518657,661,Asthma hospitalizations due to Ozone,Estimated annual rate (age 18+),""per 100,000 adults"",UHF42,203,Bedford Stuyvesant - Crown Heights,2012-2014,01/02/2012,12.4,"
"518659,661,Asthma hospitalizations due to Ozone,Estimated annual rate (age 18+),""per 100,000 adults"",UHF42,205,Sunset Park,2012-2014,01/02/2012,5.2,"
"518650,661,Asthma hospitalizations due to Ozone,Estimated annual rate (age 18+),""per 100,000 adults"",UHF42,103,Fordham - Bronx Pk,2012-2014,01/02/2012,15,"
"629015,661,Asthma hospitalizations due to Ozone,Estimated annual rate (age 18+),""per 100,000 adults"",UHF42,103,Fordham - Bronx Pk,2015-2017,01/01/2015,10,"
"518670,661,Asthma hospitalizations due to Ozone,Estimated annual rate (age 18+),""per 100,000 adults"",UHF42,305,Upper East Side,2012-2014,01/02/2012,1.3,"
"629035,661,Asthma hospitalizations due to Ozone,Estimated annual rate (age 18+),""per 100,000 adults"",UHF42,305,Upper East Side,2015-2017,01/01/2015,0.7,"
"518652,661,Asthma hospitalizations due to Ozone,Estimated annual rate (age 18+),""per 100,000 adults"",UHF42,105,Crotona -Tremont,2012-2014,01/02/2012,15.8,"
"629017,661,Asthma hospitalizations due to Ozone,Estimated annual rate (age 18+),""per 100,000 adults"",UHF42,105,Crotona -Tremont,2015-2017,01/01/2015,9.8,"
"518940,657,Asthma emergency department visits due to PM2.5,Estimated annual rate (age 18+),""per 100,000 adults"",UHF42,105,Crotona -Tremont,2012-2014,01/02/2012,118.08,"
"628489,657,Asthma emergency department visits due to PM2.5,Estimated annual rate (age 18+),""per 100,000 adults"",UHF42,105,Crotona -Tremont,2015-2017,01/01/2015,87.1,"
643637,375,Nitrogen dioxide (NO2),Mean,ppb,CD,306,Park Slope and Carroll Gardens (CD6),Summer 2019,06/01/2019,18.11,
165994,375,Nitrogen dioxide (NO2),Mean,ppb,CD,208,Riverdale and Fieldston (CD8),Winter 2012-13,12/01/2012,23.09,
167587,375,Nitrogen dioxide (NO2),Mean,ppb,CD,208,Riverdale and Fieldston (CD8),Annual Average 2010,12/01/2009,20.15,
336779,375,Nitrogen dioxide (NO2),Mean,ppb,CD,208,Riverdale and Fieldston (CD8),Summer 2015,06/01/2015,14.29,
667634,375,Nitrogen dioxide (NO2),Mean,ppb,CD,208,Riverdale and Fieldston (CD8),Winter 2019-20,12/01/2019,21.19,
643559,375,Nitrogen dioxide (NO2),Mean,ppb,CD,104,Clinton and Chelsea (CD4),Summer 2019,06/01/2019,23.54,
667538,375,Nitrogen dioxide (NO2),Mean,ppb,CD,104,Clinton and Chelsea (CD4),Winter 2019-20,12/01/2019,32.14,
167656,375,Nitrogen dioxide (NO2),Mean,ppb,CD,306,Park Slope and Carroll Gardens (CD6),Annual Average 2011,12/01/2010,26.01,
213429,375,Nitrogen dioxide (NO2),Mean,ppb,CD,306,Park Slope and Carroll Gardens (CD6),Summer 2014,06/01/2014,17.1,
336808,375,Nitrogen dioxide (NO2),Mean,ppb,CD,306,Park Slope and Carroll Gardens (CD6),Annual Average 2015,01/01/2015,21.35,
"518660,661,Asthma hospitalizations due to Ozone,Estimated annual rate (age 18+),""per 100,000 adults"",UHF42,206,Borough Park,2012-2014,01/02/2012,2.6,"
549994,375,Nitrogen dioxide (NO2),Mean,ppb,CD,102,Greenwich Village and Soho (CD2),Summer 2017,06/01/2017,22.43,
549996,375,Nitrogen dioxide (NO2),Mean,ppb,CD,102,Greenwich Village and Soho (CD2),Winter 2016-17,12/01/2016,30.22,
667527,375,Nitrogen dioxide (NO2),Mean,ppb,CD,102,Greenwich Village and Soho (CD2),Summer 2020,06/01/2020,16.16,
412661,375,Nitrogen dioxide (NO2),Mean,ppb,CD,102,Greenwich Village and Soho (CD2),Winter 2015-16,12/01/2015,29.02,
412662,375,Nitrogen dioxide (NO2),Mean,ppb,CD,102,Greenwich Village and Soho (CD2),Summer 2016,06/01/2016,22.17,
741127,375,Nitrogen dioxide (NO2),Mean,ppb,CD,102,Greenwich Village and Soho (CD2),Winter 2020-21,12/01/2020,25.31,
167686,375,Nitrogen dioxide (NO2),Mean,ppb,CD,101,Financial District (CD1),Annual Average 2012,12/01/2011,31.1,
651024,386,Ozone (O3),Mean,ppb,CD,302,Fort Greene and Brooklyn Heights (CD2),Summer 2019,06/01/2019,27.51,
338273,386,Ozone (O3),Mean,ppb,CD,301,Greenpoint and Williamsburg (CD1),Summer 2015,06/01/2015,31.01,
651023,386,Ozone (O3),Mean,ppb,CD,301,Greenpoint and Williamsburg (CD1),Summer 2019,06/01/2019,27.86,
651011,386,Ozone (O3),Mean,ppb,CD,201,Mott Haven and Melrose (CD1),Summer 2019,06/01/2019,28.47,
"629010,661,Asthma hospitalizations due to Ozone,Estimated annual rate (age 18+),""per 100,000 adults"",Borough,3,Manhattan,2015-2017,01/01/2015,2.8,"
"629028,661,Asthma hospitalizations due to Ozone,Estimated annual rate (age 18+),""per 100,000 adults"",UHF42,209,Bensonhurst - Bay Ridge,2015-2017,01/01/2015,1.4,"
"518645,661,Asthma hospitalizations due to Ozone,Estimated annual rate (age 18+),""per 100,000 adults"",Borough,3,Manhattan,2012-2014,01/02/2012,4.8,"
"628490,657,Asthma emergency department visits due to PM2.5,Estimated annual rate (age 18+),""per 100,000 adults"",UHF42,106,High Bridge - Morrisania,2015-2017,01/01/2015,98.1,"
"518933,657,Asthma emergency department visits due to PM2.5,Estimated annual rate (age 18+),""per 100,000 adults"",Borough,3,Manhattan,2012-2014,01/02/2012,40.83,"
"628482,657,Asthma emergency department visits due to PM2.5,Estimated annual rate (age 18+),""per 100,000 adults"",Borough,3,Manhattan,2015-2017,01/01/2015,34.8,"
650999,386,Ozone (O3),Mean,ppb,CD,101,Financial District (CD1),Summer 2019,06/01/2019,24.82,
338262,386,Ozone (O3),Mean,ppb,CD,202,Hunts Point and Longwood (CD2),Summer 2015,06/01/2015,31.83,
338250,386,Ozone (O3),Mean,ppb,CD,102,Greenwich Village and Soho (CD2),Summer 2015,06/01/2015,27.21,
651000,386,Ozone (O3),Mean,ppb,CD,102,Greenwich Village and Soho (CD2),Summer 2019,06/01/2019,24.93,
643550,375,Nitrogen dioxide (NO2),Mean,ppb,CD,101,Financial District (CD1),Summer 2019,06/01/2019,23.26,
667520,375,Nitrogen dioxide (NO2),Mean,ppb,CD,101,Financial District (CD1),Winter 2019-20,12/01/2019,32.25,
165988,375,Nitrogen dioxide (NO2),Mean,ppb,CD,202,Hunts Point and Longwood (CD2),Winter 2012-13,12/01/2012,25.71,
643589,375,Nitrogen dioxide (NO2),Mean,ppb,CD,202,Hunts Point and Longwood (CD2),Summer 2019,06/01/2019,15.78,
667598,375,Nitrogen dioxide (NO2),Mean,ppb,CD,202,Hunts Point and Longwood (CD2),Winter 2019-20,12/01/2019,25.34,
165975,375,Nitrogen dioxide (NO2),Mean,ppb,CD,101,Financial District (CD1),Winter 2012-13,12/01/2012,33.12,
167568,375,Nitrogen dioxide (NO2),Mean,ppb,CD,101,Financial District (CD1),Annual Average 2010,12/01/2009,33.43,
643553,375,Nitrogen dioxide (NO2),Mean,ppb,CD,102,Greenwich Village and Soho (CD2),Summer 2019,06/01/2019,22.5,
667526,375,Nitrogen dioxide (NO2),Mean,ppb,CD,102,Greenwich Village and Soho (CD2),Winter 2019-20,12/01/2019,31.53,
605977,365,Fine particles (PM 2.5),Mean,mcg/m3,CD,304,Bushwick (CD4),Winter 2017-18,12/01/2017,8.77,
605974,365,Fine particles (PM 2.5),Mean,mcg/m3,CD,303,Bedford Stuyvesant (CD3),Winter 2017-18,12/01/2017,8.74,
649972,365,Fine particles (PM 2.5),Mean,mcg/m3,CD,303,Bedford Stuyvesant (CD3),Annual Average 2019,01/01/2019,6.6,
605938,365,Fine particles (PM 2.5),Mean,mcg/m3,CD,203,Morrisania and Crotona (CD3),Winter 2017-18,12/01/2017,8.37,
649936,365,Fine particles (PM 2.5),Mean,mcg/m3,CD,203,Morrisania and Crotona (CD3),Annual Average 2019,01/01/2019,6.91,
179438,375,Nitrogen dioxide (NO2),Mean,ppb,Borough,1,Bronx,Annual Average 2013,12/01/2012,19.86,
740880,375,Nitrogen dioxide (NO2),Mean,ppb,Borough,1,Bronx,Annual Average 2021,01/01/2021,16.54,
336480,375,Nitrogen dioxide (NO2),Mean,ppb,Borough,2,Brooklyn,Winter 2014-15,12/01/2014,25.26,
549749,375,Nitrogen dioxide (NO2),Mean,ppb,Borough,2,Brooklyn,Annual Average 2017,01/01/2017,18.46,
740883,375,Nitrogen dioxide (NO2),Mean,ppb,Borough,2,Brooklyn,Annual Average 2021,01/01/2021,16.68,
176649,375,Nitrogen dioxide (NO2),Mean,ppb,UHF42,208,Canarsie - Flatlands,Annual Average 2012,12/01/2011,17.22,
179433,375,Nitrogen dioxide (NO2),Mean,ppb,Borough,1,Bronx,Annual Average 2012,12/01/2011,20.99,
179434,375,Nitrogen dioxide (NO2),Mean,ppb,Borough,2,Brooklyn,Annual Average 2012,12/01/2011,20.56,
412415,375,Nitrogen dioxide (NO2),Mean,ppb,Borough,2,Brooklyn,Winter 2015-16,12/01/2015,23.38,
412416,375,Nitrogen dioxide (NO2),Mean,ppb,Borough,2,Brooklyn,Summer 2016,06/01/2016,13.62,
175935,375,Nitrogen dioxide (NO2),Mean,ppb,UHF42,208,Canarsie - Flatlands,Summer 2010,06/01/2010,14.28,
175977,375,Nitrogen dioxide (NO2),Mean,ppb,UHF42,208,Canarsie - Flatlands,Summer 2011,06/01/2011,14.26,
412470,375,Nitrogen dioxide (NO2),Mean,ppb,UHF42,208,Canarsie - Flatlands,Summer 2016,06/01/2016,9.96,
412412,375,Nitrogen dioxide (NO2),Mean,ppb,Borough,1,Bronx,Winter 2015-16,12/01/2015,22.28,
740881,375,Nitrogen dioxide (NO2),Mean,ppb,Borough,2,Brooklyn,Winter 2020-21,12/01/2020,22.74,
179354,375,Nitrogen dioxide (NO2),Mean,ppb,Borough,2,Brooklyn,Summer 2011,06/01/2011,18.14,
179349,375,Nitrogen dioxide (NO2),Mean,ppb,Borough,2,Brooklyn,Summer 2010,06/01/2010,18.23,
168409,365,Fine particles (PM 2.5),Mean,mcg/m3,CD,204,Highbridge and Concourse (CD4),Winter 2008-09,12/01/2008,15.31,
213769,365,Fine particles (PM 2.5),Mean,mcg/m3,CD,204,Highbridge and Concourse (CD4),Winter 2013-14,12/01/2013,13.34,
605941,365,Fine particles (PM 2.5),Mean,mcg/m3,CD,204,Highbridge and Concourse (CD4),Winter 2017-18,12/01/2017,8.65,
649939,365,Fine particles (PM 2.5),Mean,mcg/m3,CD,204,Highbridge and Concourse (CD4),Annual Average 2019,01/01/2019,7.24,
168408,365,Fine particles (PM 2.5),Mean,mcg/m3,CD,203,Morrisania and Crotona (CD3),Winter 2008-09,12/01/2008,14.56,
213768,365,Fine particles (PM 2.5),Mean,mcg/m3,CD,203,Morrisania and Crotona (CD3),Winter 2013-14,12/01/2013,12.77,
166803,375,Nitrogen dioxide (NO2),Mean,ppb,CD,103,Lower East Side and Chinatown (CD3),Summer 2012,06/01/2012,24.26,
166862,375,Nitrogen dioxide (NO2),Mean,ppb,CD,103,Lower East Side and Chinatown (CD3),Summer 2013,06/01/2013,23.31,
412666,375,Nitrogen dioxide (NO2),Mean,ppb,CD,103,Lower East Side and Chinatown (CD3),Annual Average 2016,12/31/2015,24,
602939,375,Nitrogen dioxide (NO2),Mean,ppb,CD,103,Lower East Side and Chinatown (CD3),Annual Average 2018,01/01/2018,22.4,
740878,375,Nitrogen dioxide (NO2),Mean,ppb,Borough,1,Bronx,Winter 2020-21,12/01/2020,19.92,
412413,375,Nitrogen dioxide (NO2),Mean,ppb,Borough,1,Bronx,Summer 2016,06/01/2016,14.92,
213775,365,Fine particles (PM 2.5),Mean,mcg/m3,CD,210,Throgs Neck and Co-op City (CD10),Winter 2013-14,12/01/2013,11.95,
605959,365,Fine particles (PM 2.5),Mean,mcg/m3,CD,210,Throgs Neck and Co-op City (CD10),Winter 2017-18,12/01/2017,7.99,
168403,365,Fine particles (PM 2.5),Mean,mcg/m3,CD,110,Central Harlem (CD10),Winter 2008-09,12/01/2008,14.53,
213763,365,Fine particles (PM 2.5),Mean,mcg/m3,CD,110,Central Harlem (CD10),Winter 2013-14,12/01/2013,13.03,
175249,375,Nitrogen dioxide (NO2),Mean,ppb,UHF42,101,Kingsbridge - Riverdale,Winter 2008-09,12/01/2008,28.21,
212290,375,Nitrogen dioxide (NO2),Mean,ppb,UHF42,101,Kingsbridge - Riverdale,Winter 2013-14,12/01/2013,22.42,
602704,375,Nitrogen dioxide (NO2),Mean,ppb,UHF42,101,Kingsbridge - Riverdale,Winter 2017-18,12/01/2017,21.31,
643318,375,Nitrogen dioxide (NO2),Mean,ppb,UHF42,101,Kingsbridge - Riverdale,Annual Average 2019,01/01/2019,13.5,
740893,375,Nitrogen dioxide (NO2),Mean,ppb,UHF42,101,Kingsbridge - Riverdale,Winter 2020-21,12/01/2020,18.02,
167520,375,Nitrogen dioxide (NO2),Mean,ppb,CD,112,Washington Heights and Inwood (CD12),Annual Average 2009,12/01/2008,27.95,
605929,365,Fine particles (PM 2.5),Mean,mcg/m3,CD,112,Washington Heights and Inwood (CD12),Winter 2017-18,12/01/2017,8.3,
649927,365,Fine particles (PM 2.5),Mean,mcg/m3,CD,112,Washington Heights and Inwood (CD12),Annual Average 2019,01/01/2019,7.17,
649921,365,Fine particles (PM 2.5),Mean,mcg/m3,CD,110,Central Harlem (CD10),Annual Average 2019,01/01/2019,6.97,
168405,365,Fine particles (PM 2.5),Mean,mcg/m3,CD,112,Washington Heights and Inwood (CD12),Winter 2008-09,12/01/2008,15.14,
168401,365,Fine particles (PM 2.5),Mean,mcg/m3,CD,108,Upper East Side (CD8),Winter 2008-09,12/01/2008,15.33,
213761,365,Fine particles (PM 2.5),Mean,mcg/m3,CD,108,Upper East Side (CD8),Winter 2013-14,12/01/2013,14.42,
605917,365,Fine particles (PM 2.5),Mean,mcg/m3,CD,108,Upper East Side (CD8),Winter 2017-18,12/01/2017,9.77,
649915,365,Fine particles (PM 2.5),Mean,mcg/m3,CD,108,Upper East Side (CD8),Annual Average 2019,01/01/2019,8.03,
605965,365,Fine particles (PM 2.5),Mean,mcg/m3,CD,212,Williamsbridge and Baychester (CD12),Winter 2017-18,12/01/2017,8.1,
649963,365,Fine particles (PM 2.5),Mean,mcg/m3,CD,212,Williamsbridge and Baychester (CD12),Annual Average 2019,01/01/2019,6.66,
213789,365,Fine particles (PM 2.5),Mean,mcg/m3,CD,312,Borough Park (CD12),Winter 2013-14,12/01/2013,11.71,
167516,375,Nitrogen dioxide (NO2),Mean,ppb,CD,108,Upper East Side (CD8),Annual Average 2009,12/01/2008,34.45,
167634,375,Nitrogen dioxide (NO2),Mean,ppb,CD,108,Upper East Side (CD8),Annual Average 2011,12/01/2010,31.66,
213407,375,Nitrogen dioxide (NO2),Mean,ppb,CD,108,Upper East Side (CD8),Summer 2014,06/01/2014,23.64,
667561,375,Nitrogen dioxide (NO2),Mean,ppb,CD,108,Upper East Side (CD8),Annual Average 2020,01/01/2020,20.95,
336754,375,Nitrogen dioxide (NO2),Mean,ppb,CD,112,Washington Heights and Inwood (CD12),Annual Average 2015,01/01/2015,20.72,
643584,375,Nitrogen dioxide (NO2),Mean,ppb,CD,112,Washington Heights and Inwood (CD12),Winter 2018-19,12/01/2018,21.82,
667585,375,Nitrogen dioxide (NO2),Mean,ppb,CD,112,Washington Heights and Inwood (CD12),Annual Average 2020,01/01/2020,17.94,
"130901,650,Respiratory hospitalizations due to PM2.5 (age 20+),Estimated annual rate,""per 100,000 adults"",UHF42,301,Washington Heights,2005-2007,01/01/2005,20.6,"
"130931,651,Cardiovascular hospitalizations due to PM2.5 (age 40+),Estimated annual rate,""per 100,000 adults"",UHF42,101,Kingsbridge - Riverdale,2005-2007,01/01/2005,28.2,"
"130949,651,Cardiovascular hospitalizations due to PM2.5 (age 40+),Estimated annual rate,""per 100,000 adults"",UHF42,301,Washington Heights,2005-2007,01/01/2005,27.6,"
743630,386,Ozone (O3),Mean,ppb,CD,208,Riverdale and Fieldston (CD8),Summer 2021,06/01/2021,29.14,
741140,375,Nitrogen dioxide (NO2),Mean,ppb,CD,106,Stuyvesant Town and Turtle Bay (CD6),Summer 2021,06/01/2021,18.63,
166820,375,Nitrogen dioxide (NO2),Mean,ppb,CD,208,Riverdale and Fieldston (CD8),Summer 2012,06/01/2012,14.81,
166879,375,Nitrogen dioxide (NO2),Mean,ppb,CD,208,Riverdale and Fieldston (CD8),Summer 2013,06/01/2013,14.22,
412717,375,Nitrogen dioxide (NO2),Mean,ppb,CD,208,Riverdale and Fieldston (CD8),Annual Average 2016,12/31/2015,16.04,
602709,375,Nitrogen dioxide (NO2),Mean,ppb,UHF42,103,Fordham - Bronx Pk,Summer 2018,06/01/2018,13.3,
667071,375,Nitrogen dioxide (NO2),Mean,ppb,UHF42,103,Fordham - Bronx Pk,Summer 2020,06/01/2020,13.15,
549766,375,Nitrogen dioxide (NO2),Mean,ppb,UHF42,103,Fordham - Bronx Pk,Summer 2017,06/01/2017,14.87,
549768,375,Nitrogen dioxide (NO2),Mean,ppb,UHF42,103,Fordham - Bronx Pk,Winter 2016-17,12/01/2016,26.33,
212310,375,Nitrogen dioxide (NO2),Mean,ppb,UHF42,303,East Harlem,Winter 2013-14,12/01/2013,30.2,
175271,375,Nitrogen dioxide (NO2),Mean,ppb,UHF42,305,Upper East Side,Winter 2008-09,12/01/2008,38.68,
212312,375,Nitrogen dioxide (NO2),Mean,ppb,UHF42,305,Upper East Side,Winter 2013-14,12/01/2013,33.42,
602770,375,Nitrogen dioxide (NO2),Mean,ppb,UHF42,305,Upper East Side,Winter 2017-18,12/01/2017,28.57,
643384,375,Nitrogen dioxide (NO2),Mean,ppb,UHF42,305,Upper East Side,Annual Average 2019,01/01/2019,22.13,
741182,375,Nitrogen dioxide (NO2),Mean,ppb,CD,208,Riverdale and Fieldston (CD8),Summer 2021,06/01/2021,10.7,
177771,365,Fine particles (PM 2.5),Mean,mcg/m3,UHF42,103,Fordham - Bronx Pk,Summer 2009,06/01/2009,10.6,
177225,365,Fine particles (PM 2.5),Mean,mcg/m3,UHF42,103,Fordham - Bronx Pk,Winter 2010-11,12/01/2010,13.92,
168425,365,Fine particles (PM 2.5),Mean,mcg/m3,CD,308,Crown Heights and Prospect Heights (CD8),Winter 2008-09,12/01/2008,13.67,
213785,365,Fine particles (PM 2.5),Mean,mcg/m3,CD,308,Crown Heights and Prospect Heights (CD8),Winter 2013-14,12/01/2013,12.01,
649987,365,Fine particles (PM 2.5),Mean,mcg/m3,CD,308,Crown Heights and Prospect Heights (CD8),Annual Average 2019,01/01/2019,6.68,
175260,375,Nitrogen dioxide (NO2),Mean,ppb,UHF42,205,Sunset Park,Winter 2008-09,12/01/2008,30.17,
212301,375,Nitrogen dioxide (NO2),Mean,ppb,UHF42,205,Sunset Park,Winter 2013-14,12/01/2013,27.68,
602737,375,Nitrogen dioxide (NO2),Mean,ppb,UHF42,205,Sunset Park,Winter 2017-18,12/01/2017,25.76,
212292,375,Nitrogen dioxide (NO2),Mean,ppb,UHF42,103,Fordham - Bronx Pk,Winter 2013-14,12/01/2013,24.97,
602731,375,Nitrogen dioxide (NO2),Mean,ppb,UHF42,203,Bedford Stuyvesant - Crown Heights,Winter 2017-18,12/01/2017,26.16,
167526,375,Nitrogen dioxide (NO2),Mean,ppb,CD,206,Belmont and East Tremont (CD6),Annual Average 2009,12/01/2008,27.13,
167644,375,Nitrogen dioxide (NO2),Mean,ppb,CD,206,Belmont and East Tremont (CD6),Annual Average 2011,12/01/2010,24.81,
213417,375,Nitrogen dioxide (NO2),Mean,ppb,CD,206,Belmont and East Tremont (CD6),Summer 2014,06/01/2014,17.33,
336772,375,Nitrogen dioxide (NO2),Mean,ppb,CD,206,Belmont and East Tremont (CD6),Annual Average 2015,01/01/2015,21.41,
643602,375,Nitrogen dioxide (NO2),Mean,ppb,CD,206,Belmont and East Tremont (CD6),Winter 2018-19,12/01/2018,22.02,
667621,375,Nitrogen dioxide (NO2),Mean,ppb,CD,206,Belmont and East Tremont (CD6),Annual Average 2020,01/01/2020,18.18,
168411,365,Fine particles (PM 2.5),Mean,mcg/m3,CD,206,Belmont and East Tremont (CD6),Winter 2008-09,12/01/2008,14.75,
643626,375,Nitrogen dioxide (NO2),Mean,ppb,CD,302,Fort Greene and Brooklyn Heights (CD2),Winter 2018-19,12/01/2018,24.72,
667669,375,Nitrogen dioxide (NO2),Mean,ppb,CD,302,Fort Greene and Brooklyn Heights (CD2),Annual Average 2020,01/01/2020,18.4,
167533,375,Nitrogen dioxide (NO2),Mean,ppb,CD,301,Greenpoint and Williamsburg (CD1),Annual Average 2009,12/01/2008,27.03,
167651,375,Nitrogen dioxide (NO2),Mean,ppb,CD,301,Greenpoint and Williamsburg (CD1),Annual Average 2011,12/01/2010,25.87,
213424,375,Nitrogen dioxide (NO2),Mean,ppb,CD,301,Greenpoint and Williamsburg (CD1),Summer 2014,06/01/2014,17.27,
336793,375,Nitrogen dioxide (NO2),Mean,ppb,CD,301,Greenpoint and Williamsburg (CD1),Annual Average 2015,01/01/2015,21.66,
643623,375,Nitrogen dioxide (NO2),Mean,ppb,CD,301,Greenpoint and Williamsburg (CD1),Winter 2018-19,12/01/2018,26.84,
667663,375,Nitrogen dioxide (NO2),Mean,ppb,CD,301,Greenpoint and Williamsburg (CD1),Annual Average 2020,01/01/2020,19.72,
216281,386,Ozone (O3),Mean,ppb,CD,101,Financial District (CD1),Summer 2012,06/01/2012,26.63,
216282,386,Ozone (O3),Mean,ppb,CD,101,Financial District (CD1),Summer 2013,06/01/2013,24.41,
216288,386,Ozone (O3),Mean,ppb,CD,102,Greenwich Village and Soho (CD2),Summer 2013,06/01/2013,25.09,
216360,386,Ozone (O3),Mean,ppb,CD,202,Hunts Point and Longwood (CD2),Summer 2013,06/01/2013,31.87,
216359,386,Ozone (O3),Mean,ppb,CD,202,Hunts Point and Longwood (CD2),Summer 2012,06/01/2012,35.25,
216287,386,Ozone (O3),Mean,ppb,CD,102,Greenwich Village and Soho (CD2),Summer 2012,06/01/2012,27.74,
743648,386,Ozone (O3),Mean,ppb,CD,102,Greenwich Village and Soho (CD2),Summer 2021,06/01/2021,27.87,
741125,375,Nitrogen dioxide (NO2),Mean,ppb,CD,101,Financial District (CD1),Summer 2021,06/01/2021,18.03,
412699,375,Nitrogen dioxide (NO2),Mean,ppb,CD,202,Hunts Point and Longwood (CD2),Annual Average 2016,12/31/2015,19.79,
602972,375,Nitrogen dioxide (NO2),Mean,ppb,CD,202,Hunts Point and Longwood (CD2),Annual Average 2018,01/01/2018,20.45,
166801,375,Nitrogen dioxide (NO2),Mean,ppb,CD,101,Financial District (CD1),Summer 2012,06/01/2012,29.25,
166860,375,Nitrogen dioxide (NO2),Mean,ppb,CD,101,Financial District (CD1),Summer 2013,06/01/2013,27.81,
412660,375,Nitrogen dioxide (NO2),Mean,ppb,CD,101,Financial District (CD1),Annual Average 2016,12/31/2015,26.27,
549751,375,Nitrogen dioxide (NO2),Mean,ppb,Borough,3,Manhattan,Summer 2017,06/01/2017,21.33,
602694,375,Nitrogen dioxide (NO2),Mean,ppb,Borough,3,Manhattan,Summer 2018,06/01/2018,19.67,
175264,375,Nitrogen dioxide (NO2),Mean,ppb,UHF42,209,Bensonhurst - Bay Ridge,Winter 2008-09,12/01/2008,27.25,
602752,375,Nitrogen dioxide (NO2),Mean,ppb,UHF42,210,Coney Island - Sheepshead Bay,Winter 2017-18,12/01/2017,19.73,
643366,375,Nitrogen dioxide (NO2),Mean,ppb,UHF42,210,Coney Island - Sheepshead Bay,Annual Average 2019,01/01/2019,13.5,
602740,375,Nitrogen dioxide (NO2),Mean,ppb,UHF42,206,Borough Park,Winter 2017-18,12/01/2017,24.2,
168437,365,Fine particles (PM 2.5),Mean,mcg/m3,CD,402,Woodside and Sunnyside (CD2),Winter 2008-09,12/01/2008,14.15,
213797,365,Fine particles (PM 2.5),Mean,mcg/m3,CD,402,Woodside and Sunnyside (CD2),Winter 2013-14,12/01/2013,13.5,
650023,365,Fine particles (PM 2.5),Mean,mcg/m3,CD,402,Woodside and Sunnyside (CD2),Annual Average 2019,01/01/2019,8.43,
650065,365,Fine particles (PM 2.5),Mean,mcg/m3,CD,502,South Beach and Willowbrook (CD2),Annual Average 2019,01/01/2019,5.88,
606067,365,Fine particles (PM 2.5),Mean,mcg/m3,CD,502,South Beach and Willowbrook (CD2),Winter 2017-18,12/01/2017,7.87,
650020,365,Fine particles (PM 2.5),Mean,mcg/m3,CD,401,Long Island City and Astoria (CD1),Annual Average 2019,01/01/2019,7.21,
168436,365,Fine particles (PM 2.5),Mean,mcg/m3,CD,401,Long Island City and Astoria (CD1),Winter 2008-09,12/01/2008,12.98,
606022,365,Fine particles (PM 2.5),Mean,mcg/m3,CD,401,Long Island City and Astoria (CD1),Winter 2017-18,12/01/2017,8.43,
168419,365,Fine particles (PM 2.5),Mean,mcg/m3,CD,302,Fort Greene and Brooklyn Heights (CD2),Winter 2008-09,12/01/2008,14.23,
213779,365,Fine particles (PM 2.5),Mean,mcg/m3,CD,302,Fort Greene and Brooklyn Heights (CD2),Winter 2013-14,12/01/2013,12.96,
605971,365,Fine particles (PM 2.5),Mean,mcg/m3,CD,302,Fort Greene and Brooklyn Heights (CD2),Winter 2017-18,12/01/2017,9.27,
649969,365,Fine particles (PM 2.5),Mean,mcg/m3,CD,302,Fort Greene and Brooklyn Heights (CD2),Annual Average 2019,01/01/2019,7.19,
168418,365,Fine particles (PM 2.5),Mean,mcg/m3,CD,301,Greenpoint and Williamsburg (CD1),Winter 2008-09,12/01/2008,14.43,
212302,375,Nitrogen dioxide (NO2),Mean,ppb,UHF42,206,Borough Park,Winter 2013-14,12/01/2013,28.12,
602749,375,Nitrogen dioxide (NO2),Mean,ppb,UHF42,209,Bensonhurst - Bay Ridge,Winter 2017-18,12/01/2017,22.67,
643363,375,Nitrogen dioxide (NO2),Mean,ppb,UHF42,209,Bensonhurst - Bay Ridge,Annual Average 2019,01/01/2019,15.7,
167521,375,Nitrogen dioxide (NO2),Mean,ppb,CD,201,Mott Haven and Melrose (CD1),Annual Average 2009,12/01/2008,28.07,
167639,375,Nitrogen dioxide (NO2),Mean,ppb,CD,201,Mott Haven and Melrose (CD1),Annual Average 2011,12/01/2010,25.92,
213412,375,Nitrogen dioxide (NO2),Mean,ppb,CD,201,Mott Haven and Melrose (CD1),Summer 2014,06/01/2014,17.46,
336757,375,Nitrogen dioxide (NO2),Mean,ppb,CD,201,Mott Haven and Melrose (CD1),Annual Average 2015,01/01/2015,21.8,
643587,375,Nitrogen dioxide (NO2),Mean,ppb,CD,201,Mott Haven and Melrose (CD1),Winter 2018-19,12/01/2018,25.02,
667591,375,Nitrogen dioxide (NO2),Mean,ppb,CD,201,Mott Haven and Melrose (CD1),Annual Average 2020,01/01/2020,19.14,
212306,375,Nitrogen dioxide (NO2),Mean,ppb,UHF42,210,Coney Island - Sheepshead Bay,Winter 2013-14,12/01/2013,25.9,
175265,375,Nitrogen dioxide (NO2),Mean,ppb,UHF42,210,Coney Island - Sheepshead Bay,Winter 2008-09,12/01/2008,24.81,
168406,365,Fine particles (PM 2.5),Mean,mcg/m3,CD,201,Mott Haven and Melrose (CD1),Winter 2008-09,12/01/2008,14.73,
213766,365,Fine particles (PM 2.5),Mean,mcg/m3,CD,201,Mott Haven and Melrose (CD1),Winter 2013-14,12/01/2013,13.38,
605932,365,Fine particles (PM 2.5),Mean,mcg/m3,CD,201,Mott Haven and Melrose (CD1),Winter 2017-18,12/01/2017,8.97,
649930,365,Fine particles (PM 2.5),Mean,mcg/m3,CD,201,Mott Haven and Melrose (CD1),Annual Average 2019,01/01/2019,7.69,
169279,365,Fine particles (PM 2.5),Mean,mcg/m3,CD,101,Financial District (CD1),Summer 2009,06/01/2009,13.15,
213778,365,Fine particles (PM 2.5),Mean,mcg/m3,CD,301,Greenpoint and Williamsburg (CD1),Winter 2013-14,12/01/2013,13.59,
605968,365,Fine particles (PM 2.5),Mean,mcg/m3,CD,301,Greenpoint and Williamsburg (CD1),Winter 2017-18,12/01/2017,10.22,
649966,365,Fine particles (PM 2.5),Mean,mcg/m3,CD,301,Greenpoint and Williamsburg (CD1),Annual Average 2019,01/01/2019,8.61,
602719,375,Nitrogen dioxide (NO2),Mean,ppb,UHF42,106,High Bridge - Morrisania,Winter 2017-18,12/01/2017,27.05,
643333,375,Nitrogen dioxide (NO2),Mean,ppb,UHF42,106,High Bridge - Morrisania,Annual Average 2019,01/01/2019,18.76,
179270,375,Nitrogen dioxide (NO2),Mean,ppb,Borough,3,Manhattan,Winter 2008-09,12/01/2008,38.35,
651047,386,Ozone (O3),Mean,ppb,CD,407,Flushing and Whitestone (CD7),Summer 2019,06/01/2019,31.28,
338279,386,Ozone (O3),Mean,ppb,CD,307,Sunset Park (CD7),Summer 2015,06/01/2015,31.2,
166772,375,Nitrogen dioxide (NO2),Mean,ppb,CD,307,Sunset Park (CD7),Summer 2011,06/01/2011,19.31,
412748,375,Nitrogen dioxide (NO2),Mean,ppb,CD,307,Sunset Park (CD7),Winter 2015-16,12/01/2015,23.82,
412749,375,Nitrogen dioxide (NO2),Mean,ppb,CD,307,Sunset Park (CD7),Summer 2016,06/01/2016,15.13,
166701,375,Nitrogen dioxide (NO2),Mean,ppb,CD,207,Kingsbridge Heights and Bedford (CD7),Summer 2010,06/01/2010,21.48,
166760,375,Nitrogen dioxide (NO2),Mean,ppb,CD,207,Kingsbridge Heights and Bedford (CD7),Summer 2011,06/01/2011,19.95,
412713,375,Nitrogen dioxide (NO2),Mean,ppb,CD,207,Kingsbridge Heights and Bedford (CD7),Summer 2016,06/01/2016,15.98,
670962,386,Ozone (O3),Mean,ppb,UHF42,211,Williamsburg - Bushwick,Summer 2020,06/01/2020,29.38,
549358,386,Ozone (O3),Mean,ppb,UHF42,404,Bayside - Little Neck,Summer 2017,06/01/2017,30.27,
670948,386,Ozone (O3),Mean,ppb,UHF42,404,Bayside - Little Neck,Summer 2020,06/01/2020,30.45,
605261,386,Ozone (O3),Mean,ppb,UHF42,404,Bayside - Little Neck,Summer 2018,06/01/2018,30.98,
175312,375,Nitrogen dioxide (NO2),Mean,ppb,UHF42,304,Upper West Side,Winter 2009-10,12/01/2009,30.23,
650963,386,Ozone (O3),Mean,ppb,UHF42,504,South Beach - Tottenville,Summer 2019,06/01/2019,30.14,
338203,386,Ozone (O3),Mean,ppb,UHF42,404,Bayside - Little Neck,Summer 2015,06/01/2015,31.27,
650943,386,Ozone (O3),Mean,ppb,UHF42,304,Upper West Side,Summer 2019,06/01/2019,25.59,
338213,386,Ozone (O3),Mean,ppb,UHF42,504,South Beach - Tottenville,Summer 2015,06/01/2015,34.07,
338193,386,Ozone (O3),Mean,ppb,UHF42,304,Upper West Side,Summer 2015,06/01/2015,28.12,
667850,375,Nitrogen dioxide (NO2),Mean,ppb,CD,414,Rockaway and Broad Channel (CD14),Winter 2019-20,12/01/2019,17.49,
175350,375,Nitrogen dioxide (NO2),Mean,ppb,UHF42,211,Williamsburg - Bushwick,Winter 2010-11,12/01/2010,32.58,
550046,375,Nitrogen dioxide (NO2),Mean,ppb,CD,207,Kingsbridge Heights and Bedford (CD7),Annual Average 2017,01/01/2017,20.3,
741180,375,Nitrogen dioxide (NO2),Mean,ppb,CD,207,Kingsbridge Heights and Bedford (CD7),Annual Average 2021,01/01/2021,16.86,
130455,641,Boiler Emissions- Total PM2.5 Emissions,Number per km2,number,UHF42,204,East New York,2013,01/01/2013,0,
130448,641,Boiler Emissions- Total PM2.5 Emissions,Number per km2,number,UHF42,104,Pelham - Throgs Neck,2013,01/01/2013,0.5,
130496,642,Boiler Emissions- Total NOx Emissions,Number per km2,number,UHF42,104,Pelham - Throgs Neck,2013,01/01/2013,24.9,
130476,641,Boiler Emissions- Total PM2.5 Emissions,Number per km2,number,UHF42,404,Bayside - Little Neck,2013,01/01/2013,0.2,
130524,642,Boiler Emissions- Total NOx Emissions,Number per km2,number,UHF42,404,Bayside - Little Neck,2013,01/01/2013,10.4,
130514,642,Boiler Emissions- Total NOx Emissions,Number per km2,number,UHF42,304,Upper West Side,2013,01/01/2013,247.9,
130466,641,Boiler Emissions- Total PM2.5 Emissions,Number per km2,number,UHF42,304,Upper West Side,2013,01/01/2013,11.4,
168660,365,Fine particles (PM 2.5),Mean,mcg/m3,CD,307,Sunset Park (CD7),Winter 2012-13,12/01/2012,10.84,
170253,365,Fine particles (PM 2.5),Mean,mcg/m3,CD,307,Sunset Park (CD7),Annual Average 2010,12/01/2009,10.29,
334274,365,Fine particles (PM 2.5),Mean,mcg/m3,CD,307,Sunset Park (CD7),Summer 2015,06/01/2015,10.08,
669899,365,Fine particles (PM 2.5),Mean,mcg/m3,CD,307,Sunset Park (CD7),Winter 2019-20,12/01/2019,8.16,
176640,375,Nitrogen dioxide (NO2),Mean,ppb,UHF42,106,High Bridge - Morrisania,Annual Average 2012,12/01/2011,24.23,
179435,375,Nitrogen dioxide (NO2),Mean,ppb,Borough,3,Manhattan,Annual Average 2012,12/01/2011,28.74,
175926,375,Nitrogen dioxide (NO2),Mean,ppb,UHF42,106,High Bridge - Morrisania,Summer 2010,06/01/2010,23.66,
175968,375,Nitrogen dioxide (NO2),Mean,ppb,UHF42,106,High Bridge - Morrisania,Summer 2011,06/01/2011,21.95,
412418,375,Nitrogen dioxide (NO2),Mean,ppb,Borough,3,Manhattan,Winter 2015-16,12/01/2015,27.51,
412419,375,Nitrogen dioxide (NO2),Mean,ppb,Borough,3,Manhattan,Summer 2016,06/01/2016,20.56,
168407,365,Fine particles (PM 2.5),Mean,mcg/m3,CD,202,Hunts Point and Longwood (CD2),Winter 2008-09,12/01/2008,14.48,
213767,365,Fine particles (PM 2.5),Mean,mcg/m3,CD,202,Hunts Point and Longwood (CD2),Winter 2013-14,12/01/2013,13.15,
605935,365,Fine particles (PM 2.5),Mean,mcg/m3,CD,202,Hunts Point and Longwood (CD2),Winter 2017-18,12/01/2017,9.05,
649933,365,Fine particles (PM 2.5),Mean,mcg/m3,CD,202,Hunts Point and Longwood (CD2),Annual Average 2019,01/01/2019,7.82,
213755,365,Fine particles (PM 2.5),Mean,mcg/m3,CD,102,Greenwich Village and Soho (CD2),Winter 2013-14,12/01/2013,14.41,
741164,375,Nitrogen dioxide (NO2),Mean,ppb,CD,202,Hunts Point and Longwood (CD2),Summer 2021,06/01/2021,16.19,
412663,375,Nitrogen dioxide (NO2),Mean,ppb,CD,102,Greenwich Village and Soho (CD2),Annual Average 2016,12/31/2015,25.94,
602936,375,Nitrogen dioxide (NO2),Mean,ppb,CD,102,Greenwich Village and Soho (CD2),Annual Average 2018,01/01/2018,24.77,
740884,375,Nitrogen dioxide (NO2),Mean,ppb,Borough,3,Manhattan,Winter 2020-21,12/01/2020,23.67,
179275,375,Nitrogen dioxide (NO2),Mean,ppb,Borough,3,Manhattan,Winter 2009-10,12/01/2009,32.17,
667041,375,Nitrogen dioxide (NO2),Mean,ppb,Borough,3,Manhattan,Summer 2020,06/01/2020,15.97,
"130898,650,Respiratory hospitalizations due to PM2.5 (age 20+),Estimated annual rate,""per 100,000 adults"",UHF42,209,Bensonhurst - Bay Ridge,2005-2007,01/01/2005,16.6,"
605896,365,Fine particles (PM 2.5),Mean,mcg/m3,CD,101,Financial District (CD1),Winter 2017-18,12/01/2017,10.45,
649894,365,Fine particles (PM 2.5),Mean,mcg/m3,CD,101,Financial District (CD1),Annual Average 2019,01/01/2019,8.42,
168394,365,Fine particles (PM 2.5),Mean,mcg/m3,CD,101,Financial District (CD1),Winter 2008-09,12/01/2008,15.74,
213754,365,Fine particles (PM 2.5),Mean,mcg/m3,CD,101,Financial District (CD1),Winter 2013-14,12/01/2013,14.51,
605899,365,Fine particles (PM 2.5),Mean,mcg/m3,CD,102,Greenwich Village and Soho (CD2),Winter 2017-18,12/01/2017,10.27,
649897,365,Fine particles (PM 2.5),Mean,mcg/m3,CD,102,Greenwich Village and Soho (CD2),Annual Average 2019,01/01/2019,9.94,
168512,365,Fine particles (PM 2.5),Mean,mcg/m3,CD,101,Financial District (CD1),Winter 2010-11,12/01/2010,14.81,
170400,365,Fine particles (PM 2.5),Mean,mcg/m3,CD,101,Financial District (CD1),Annual Average 2013,12/01/2012,11.06,
334188,365,Fine particles (PM 2.5),Mean,mcg/m3,CD,102,Greenwich Village and Soho (CD2),Winter 2014-15,12/01/2014,11.05,
547603,365,Fine particles (PM 2.5),Mean,mcg/m3,CD,102,Greenwich Village and Soho (CD2),Annual Average 2017,01/01/2017,9.04,
742398,365,Fine particles (PM 2.5),Mean,mcg/m3,CD,102,Greenwich Village and Soho (CD2),Annual Average 2021,01/01/2021,8.47,
742434,365,Fine particles (PM 2.5),Mean,mcg/m3,CD,202,Hunts Point and Longwood (CD2),Annual Average 2021,01/01/2021,7.29,
"130947,651,Cardiovascular hospitalizations due to PM2.5 (age 40+),Estimated annual rate,""per 100,000 adults"",UHF42,210,Coney Island - Sheepshead Bay,2005-2007,01/01/2005,33.8,"
213771,365,Fine particles (PM 2.5),Mean,mcg/m3,CD,206,Belmont and East Tremont (CD6),Winter 2013-14,12/01/2013,12.85,
605947,365,Fine particles (PM 2.5),Mean,mcg/m3,CD,206,Belmont and East Tremont (CD6),Winter 2017-18,12/01/2017,8.37,
168423,365,Fine particles (PM 2.5),Mean,mcg/m3,CD,306,Park Slope and Carroll Gardens (CD6),Winter 2008-09,12/01/2008,14.08,
213783,365,Fine particles (PM 2.5),Mean,mcg/m3,CD,306,Park Slope and Carroll Gardens (CD6),Winter 2013-14,12/01/2013,12.9,
175258,375,Nitrogen dioxide (NO2),Mean,ppb,UHF42,203,Bedford Stuyvesant - Crown Heights,Winter 2008-09,12/01/2008,32.54,
643345,375,Nitrogen dioxide (NO2),Mean,ppb,UHF42,203,Bedford Stuyvesant - Crown Heights,Annual Average 2019,01/01/2019,17.69,
175251,375,Nitrogen dioxide (NO2),Mean,ppb,UHF42,103,Fordham - Bronx Pk,Winter 2008-09,12/01/2008,29.69,
602716,375,Nitrogen dioxide (NO2),Mean,ppb,UHF42,105,Crotona -Tremont,Winter 2017-18,12/01/2017,25.81,
643330,375,Nitrogen dioxide (NO2),Mean,ppb,UHF42,105,Crotona -Tremont,Annual Average 2019,01/01/2019,17.64,
212294,375,Nitrogen dioxide (NO2),Mean,ppb,UHF42,105,Crotona -Tremont,Winter 2013-14,12/01/2013,27.83,
176639,375,Nitrogen dioxide (NO2),Mean,ppb,UHF42,105,Crotona -Tremont,Annual Average 2012,12/01/2011,23.42,
168399,365,Fine particles (PM 2.5),Mean,mcg/m3,CD,106,Stuyvesant Town and Turtle Bay (CD6),Winter 2008-09,12/01/2008,16.54,
213759,365,Fine particles (PM 2.5),Mean,mcg/m3,CD,106,Stuyvesant Town and Turtle Bay (CD6),Winter 2013-14,12/01/2013,15.55,
168413,365,Fine particles (PM 2.5),Mean,mcg/m3,CD,208,Riverdale and Fieldston (CD8),Winter 2008-09,12/01/2008,14.65,
213773,365,Fine particles (PM 2.5),Mean,mcg/m3,CD,208,Riverdale and Fieldston (CD8),Winter 2013-14,12/01/2013,12.44,
605953,365,Fine particles (PM 2.5),Mean,mcg/m3,CD,208,Riverdale and Fieldston (CD8),Winter 2017-18,12/01/2017,8,
168397,365,Fine particles (PM 2.5),Mean,mcg/m3,CD,104,Clinton and Chelsea (CD4),Winter 2008-09,12/01/2008,15.48,
213757,365,Fine particles (PM 2.5),Mean,mcg/m3,CD,104,Clinton and Chelsea (CD4),Winter 2013-14,12/01/2013,14.89,
605905,365,Fine particles (PM 2.5),Mean,mcg/m3,CD,104,Clinton and Chelsea (CD4),Winter 2017-18,12/01/2017,10.42,
649903,365,Fine particles (PM 2.5),Mean,mcg/m3,CD,104,Clinton and Chelsea (CD4),Annual Average 2019,01/01/2019,9.32,
602942,375,Nitrogen dioxide (NO2),Mean,ppb,CD,104,Clinton and Chelsea (CD4),Annual Average 2018,01/01/2018,25.71,
741134,375,Nitrogen dioxide (NO2),Mean,ppb,CD,104,Clinton and Chelsea (CD4),Summer 2021,06/01/2021,19.19,
412433,375,Nitrogen dioxide (NO2),Mean,ppb,UHF42,103,Fordham - Bronx Pk,Winter 2015-16,12/01/2015,21.54,
740899,375,Nitrogen dioxide (NO2),Mean,ppb,UHF42,103,Fordham - Bronx Pk,Winter 2020-21,12/01/2020,19.33,
"130905,650,Respiratory hospitalizations due to PM2.5 (age 20+),Estimated annual rate,""per 100,000 adults"",UHF42,305,Upper East Side,2005-2007,01/01/2005,11.1,"
"130894,650,Respiratory hospitalizations due to PM2.5 (age 20+),Estimated annual rate,""per 100,000 adults"",UHF42,205,Sunset Park,2005-2007,01/01/2005,17.2,"
"130892,650,Respiratory hospitalizations due to PM2.5 (age 20+),Estimated annual rate,""per 100,000 adults"",UHF42,203,Bedford Stuyvesant - Crown Heights,2005-2007,01/01/2005,24.2,"
605911,365,Fine particles (PM 2.5),Mean,mcg/m3,CD,106,Stuyvesant Town and Turtle Bay (CD6),Winter 2017-18,12/01/2017,10.74,
649909,365,Fine particles (PM 2.5),Mean,mcg/m3,CD,106,Stuyvesant Town and Turtle Bay (CD6),Annual Average 2019,01/01/2019,9.36,
669897,365,Fine particles (PM 2.5),Mean,mcg/m3,CD,306,Park Slope and Carroll Gardens (CD6),Summer 2020,06/01/2020,7.52,
171706,375,Nitrogen dioxide (NO2),Mean,ppb,UHF34,208,Canarsie - Flatlands,Winter 2012-13,12/01/2012,22.63,
172622,375,Nitrogen dioxide (NO2),Mean,ppb,UHF34,206,Borough Park,Annual Average 2010,12/01/2009,23.43,
171704,375,Nitrogen dioxide (NO2),Mean,ppb,UHF34,206,Borough Park,Winter 2012-13,12/01/2012,25.67,
336644,375,Nitrogen dioxide (NO2),Mean,ppb,UHF34,206,Borough Park,Summer 2015,06/01/2015,14.55,
221845,386,Ozone (O3),Mean,ppb,UHF34,206,Borough Park,Summer 2011,06/01/2011,32.7,
412055,386,Ozone (O3),Mean,ppb,UHF34,401,Long Island City - Astoria,Summer 2016,06/01/2016,33.15,
221905,386,Ozone (O3),Mean,ppb,UHF34,401,Long Island City - Astoria,Summer 2011,06/01/2011,32.66,
221904,386,Ozone (O3),Mean,ppb,UHF34,401,Long Island City - Astoria,Summer 2010,06/01/2010,33.01,
651035,386,Ozone (O3),Mean,ppb,CD,313,Coney Island (CD13),Summer 2019,06/01/2019,33.61,
338287,386,Ozone (O3),Mean,ppb,CD,315,Sheepshead Bay (CD15),Summer 2015,06/01/2015,34.76,
219983,386,Ozone (O3),Mean,ppb,Borough,4,Queens,Summer 2009,06/01/2009,26.85,
219984,386,Ozone (O3),Mean,ppb,Borough,4,Queens,Summer 2010,06/01/2010,34.07,
219985,386,Ozone (O3),Mean,ppb,Borough,4,Queens,Summer 2011,06/01/2011,33.72,
411992,386,Ozone (O3),Mean,ppb,Borough,4,Queens,Summer 2016,06/01/2016,33.98,
336486,375,Nitrogen dioxide (NO2),Mean,ppb,Borough,4,Queens,Winter 2014-15,12/01/2014,23.93,
549755,375,Nitrogen dioxide (NO2),Mean,ppb,Borough,4,Queens,Annual Average 2017,01/01/2017,17.85,
740889,375,Nitrogen dioxide (NO2),Mean,ppb,Borough,4,Queens,Annual Average 2021,01/01/2021,15.46,
179441,375,Nitrogen dioxide (NO2),Mean,ppb,Borough,4,Queens,Annual Average 2013,12/01/2012,18.71,
179346,375,Nitrogen dioxide (NO2),Mean,ppb,Borough,4,Queens,Summer 2009,06/01/2009,18.15,
670981,386,Ozone (O3),Mean,ppb,Borough,4,Queens,Summer 2020,06/01/2020,30.52,
131841,386,Ozone (O3),Mean,ppb,Borough,4,Queens,2-Year Summer Average 2009-2010,06/01/2009,28.3,
165793,375,Nitrogen dioxide (NO2),Mean,ppb,CD,413,Queens Village (CD13),Winter 2008-09,12/01/2008,25.95,
603097,375,Nitrogen dioxide (NO2),Mean,ppb,CD,413,Queens Village (CD13),Winter 2017-18,12/01/2017,21.61,
643711,375,Nitrogen dioxide (NO2),Mean,ppb,CD,413,Queens Village (CD13),Annual Average 2019,01/01/2019,14.55,
606004,365,Fine particles (PM 2.5),Mean,mcg/m3,CD,313,Coney Island (CD13),Winter 2017-18,12/01/2017,7.82,
650002,365,Fine particles (PM 2.5),Mean,mcg/m3,CD,313,Coney Island (CD13),Annual Average 2019,01/01/2019,5.98,
603043,375,Nitrogen dioxide (NO2),Mean,ppb,CD,313,Coney Island (CD13),Winter 2017-18,12/01/2017,18.95,
643657,375,Nitrogen dioxide (NO2),Mean,ppb,CD,313,Coney Island (CD13),Annual Average 2019,01/01/2019,12.95,
325089,645,Annual vehicle miles travelled (trucks),million miles,per km2,Borough,4,Queens,2016,01/01/2016,1.1,
165777,375,Nitrogen dioxide (NO2),Mean,ppb,CD,315,Sheepshead Bay (CD15),Winter 2008-09,12/01/2008,25.38,
213261,375,Nitrogen dioxide (NO2),Mean,ppb,CD,315,Sheepshead Bay (CD15),Winter 2013-14,12/01/2013,26.24,
643663,375,Nitrogen dioxide (NO2),Mean,ppb,CD,315,Sheepshead Bay (CD15),Annual Average 2019,01/01/2019,13.59,
165775,375,Nitrogen dioxide (NO2),Mean,ppb,CD,313,Coney Island (CD13),Winter 2008-09,12/01/2008,23.16,
213259,375,Nitrogen dioxide (NO2),Mean,ppb,CD,313,Coney Island (CD13),Winter 2013-14,12/01/2013,24.86,
603049,375,Nitrogen dioxide (NO2),Mean,ppb,CD,315,Sheepshead Bay (CD15),Winter 2017-18,12/01/2017,19.88,
216506,386,Ozone (O3),Mean,ppb,CD,315,Sheepshead Bay (CD15),Summer 2009,06/01/2009,29.33,
"131313,659,Asthma emergency departments visits due to Ozone,Estimated annual rate (age 18+),""per 100,000 adults"",Borough,4,Queens,2005-2007,01/01/2005,23.5,"
"130896,650,Respiratory hospitalizations due to PM2.5 (age 20+),Estimated annual rate,""per 100,000 adults"",UHF42,207,East Flatbush - Flatbush,2005-2007,01/01/2005,13.3,"
"130974,651,Cardiovascular hospitalizations due to PM2.5 (age 40+),Estimated annual rate,""per 100,000 adults"",Borough,1,Bronx,2005-2007,01/01/2005,31.3,"
547605,365,Fine particles (PM 2.5),Mean,mcg/m3,CD,103,Lower East Side and Chinatown (CD3),Summer 2017,06/01/2017,10.11,
605901,365,Fine particles (PM 2.5),Mean,mcg/m3,CD,103,Lower East Side and Chinatown (CD3),Summer 2018,06/01/2018,9.04,
168598,365,Fine particles (PM 2.5),Mean,mcg/m3,CD,304,Bushwick (CD4),Winter 2011-12,12/01/2011,9.34,
168480,365,Fine particles (PM 2.5),Mean,mcg/m3,CD,304,Bushwick (CD4),Winter 2009-10,12/01/2009,10,
214135,365,Fine particles (PM 2.5),Mean,mcg/m3,CD,304,Bushwick (CD4),Annual Average 2014,12/01/2013,9.25,
742401,365,Fine particles (PM 2.5),Mean,mcg/m3,CD,103,Lower East Side and Chinatown (CD3),Annual Average 2021,01/01/2021,7.61,
334191,365,Fine particles (PM 2.5),Mean,mcg/m3,CD,103,Lower East Side and Chinatown (CD3),Winter 2014-15,12/01/2014,10.3,
547606,365,Fine particles (PM 2.5),Mean,mcg/m3,CD,103,Lower East Side and Chinatown (CD3),Annual Average 2017,01/01/2017,8.4,
169306,365,Fine particles (PM 2.5),Mean,mcg/m3,CD,304,Bushwick (CD4),Summer 2009,06/01/2009,10.96,
168539,365,Fine particles (PM 2.5),Mean,mcg/m3,CD,304,Bushwick (CD4),Winter 2010-11,12/01/2010,12.75,
"130966,651,Cardiovascular hospitalizations due to PM2.5 (age 40+),Estimated annual rate,""per 100,000 adults"",UHF42,408,Jamaica,2005-2007,01/01/2005,24.4,"
"130965,651,Cardiovascular hospitalizations due to PM2.5 (age 40+),Estimated annual rate,""per 100,000 adults"",UHF42,407,Southwest Queens,2005-2007,01/01/2005,25.6,"
"130955,651,Cardiovascular hospitalizations due to PM2.5 (age 40+),Estimated annual rate,""per 100,000 adults"",UHF42,307,Gramercy Park - Murray Hill,2005-2007,01/01/2005,17.1,"
"130944,651,Cardiovascular hospitalizations due to PM2.5 (age 40+),Estimated annual rate,""per 100,000 adults"",UHF42,207,East Flatbush - Flatbush,2005-2007,01/01/2005,24,"
"130956,651,Cardiovascular hospitalizations due to PM2.5 (age 40+),Estimated annual rate,""per 100,000 adults"",UHF42,308,Greenwich Village - SoHo,2005-2007,01/01/2005,13.4,"
"130945,651,Cardiovascular hospitalizations due to PM2.5 (age 40+),Estimated annual rate,""per 100,000 adults"",UHF42,208,Canarsie - Flatlands,2005-2007,01/01/2005,25.1,"
"130975,651,Cardiovascular hospitalizations due to PM2.5 (age 40+),Estimated annual rate,""per 100,000 adults"",Borough,2,Brooklyn,2005-2007,01/01/2005,29.3,"
549747,375,Nitrogen dioxide (NO2),Mean,ppb,Borough,1,Bronx,Winter 2016-17,12/01/2016,26.37,
549750,375,Nitrogen dioxide (NO2),Mean,ppb,Borough,2,Brooklyn,Winter 2016-17,12/01/2016,24.74,
338168,386,Ozone (O3),Mean,ppb,Borough,2,Brooklyn,Summer 2015,06/01/2015,32.48,
410972,365,Fine particles (PM 2.5),Mean,mcg/m3,CD,103,Lower East Side and Chinatown (CD3),Winter 2015-16,12/01/2015,9.65,
410973,365,Fine particles (PM 2.5),Mean,mcg/m3,CD,103,Lower East Side and Chinatown (CD3),Summer 2016,06/01/2016,9.19,
669600,365,Fine particles (PM 2.5),Mean,mcg/m3,CD,103,Lower East Side and Chinatown (CD3),Winter 2019-20,12/01/2019,9.95,
649901,365,Fine particles (PM 2.5),Mean,mcg/m3,CD,103,Lower East Side and Chinatown (CD3),Summer 2019,06/01/2019,9.92,
334265,365,Fine particles (PM 2.5),Mean,mcg/m3,CD,304,Bushwick (CD4),Summer 2015,06/01/2015,9.64,
213975,365,Fine particles (PM 2.5),Mean,mcg/m3,CD,403,Jackson Heights (CD3),Summer 2014,06/01/2014,8.2,
669889,365,Fine particles (PM 2.5),Mean,mcg/m3,CD,304,Bushwick (CD4),Annual Average 2020,01/01/2020,6.5,
649977,365,Fine particles (PM 2.5),Mean,mcg/m3,CD,304,Bushwick (CD4),Winter 2018-19,12/01/2018,7.71,
649942,365,Fine particles (PM 2.5),Mean,mcg/m3,CD,205,Fordham and University Heights (CD5),Annual Average 2019,01/01/2019,7.29,
412452,375,Nitrogen dioxide (NO2),Mean,ppb,UHF42,202,Downtown - Heights - Slope,Summer 2016,06/01/2016,17.32,
740896,375,Nitrogen dioxide (NO2),Mean,ppb,UHF42,102,Northeast Bronx,Winter 2020-21,12/01/2020,19.18,
"130906,650,Respiratory hospitalizations due to PM2.5 (age 20+),Estimated annual rate,""per 100,000 adults"",UHF42,306,Chelsea - Clinton,2005-2007,01/01/2005,13.5,"
168457,365,Fine particles (PM 2.5),Mean,mcg/m3,CD,105,Midtown (CD5),Winter 2009-10,12/01/2009,15.77,
168575,365,Fine particles (PM 2.5),Mean,mcg/m3,CD,105,Midtown (CD5),Winter 2011-12,12/01/2011,14.15,
214112,365,Fine particles (PM 2.5),Mean,mcg/m3,CD,105,Midtown (CD5),Annual Average 2014,12/01/2013,14.19,
547613,365,Fine particles (PM 2.5),Mean,mcg/m3,CD,105,Midtown (CD5),Winter 2016-17,12/01/2016,11.05,
547611,365,Fine particles (PM 2.5),Mean,mcg/m3,CD,105,Midtown (CD5),Summer 2017,06/01/2017,11.94,
669563,365,Fine particles (PM 2.5),Mean,mcg/m3,CD,105,Midtown (CD5),Summer 2020,06/01/2020,9.19,
168516,365,Fine particles (PM 2.5),Mean,mcg/m3,CD,105,Midtown (CD5),Winter 2010-11,12/01/2010,16.99,
169283,365,Fine particles (PM 2.5),Mean,mcg/m3,CD,105,Midtown (CD5),Summer 2009,06/01/2009,16.03,
170404,365,Fine particles (PM 2.5),Mean,mcg/m3,CD,105,Midtown (CD5),Annual Average 2013,12/01/2012,14.26,
547612,365,Fine particles (PM 2.5),Mean,mcg/m3,CD,105,Midtown (CD5),Annual Average 2017,01/01/2017,10.92,
742407,365,Fine particles (PM 2.5),Mean,mcg/m3,CD,105,Midtown (CD5),Annual Average 2021,01/01/2021,8.95,
"130939,651,Cardiovascular hospitalizations due to PM2.5 (age 40+),Estimated annual rate,""per 100,000 adults"",UHF42,202,Downtown - Heights - Slope,2005-2007,01/01/2005,28.6,"
"130964,651,Cardiovascular hospitalizations due to PM2.5 (age 40+),Estimated annual rate,""per 100,000 adults"",UHF42,406,Fresh Meadows,2005-2007,01/01/2005,19.9,"
169342,365,Fine particles (PM 2.5),Mean,mcg/m3,CD,105,Midtown (CD5),Summer 2010,06/01/2010,16.12,
169401,365,Fine particles (PM 2.5),Mean,mcg/m3,CD,105,Midtown (CD5),Summer 2011,06/01/2011,15.55,
410979,365,Fine particles (PM 2.5),Mean,mcg/m3,CD,105,Midtown (CD5),Summer 2016,06/01/2016,11.74,
170345,365,Fine particles (PM 2.5),Mean,mcg/m3,CD,105,Midtown (CD5),Annual Average 2012,12/01/2011,14.24,
168634,365,Fine particles (PM 2.5),Mean,mcg/m3,CD,105,Midtown (CD5),Winter 2012-13,12/01/2012,16.09,
170227,365,Fine particles (PM 2.5),Mean,mcg/m3,CD,105,Midtown (CD5),Annual Average 2010,12/01/2009,15.51,
649907,365,Fine particles (PM 2.5),Mean,mcg/m3,CD,105,Midtown (CD5),Summer 2019,06/01/2019,12.47,
669562,365,Fine particles (PM 2.5),Mean,mcg/m3,CD,105,Midtown (CD5),Winter 2019-20,12/01/2019,12.55,
170310,365,Fine particles (PM 2.5),Mean,mcg/m3,CD,305,East New York and Starrett City (CD5),Annual Average 2011,12/01/2010,10.03,
170192,365,Fine particles (PM 2.5),Mean,mcg/m3,CD,305,East New York and Starrett City (CD5),Annual Average 2009,12/01/2008,10.54,
334267,365,Fine particles (PM 2.5),Mean,mcg/m3,CD,305,East New York and Starrett City (CD5),Annual Average 2015,01/01/2015,8.66,
649980,365,Fine particles (PM 2.5),Mean,mcg/m3,CD,305,East New York and Starrett City (CD5),Winter 2018-19,12/01/2018,7.12,
605689,365,Fine particles (PM 2.5),Mean,mcg/m3,UHF42,202,Downtown - Heights - Slope,Winter 2017-18,12/01/2017,9.38,
649687,365,Fine particles (PM 2.5),Mean,mcg/m3,UHF42,202,Downtown - Heights - Slope,Annual Average 2019,01/01/2019,7.44,
605722,365,Fine particles (PM 2.5),Mean,mcg/m3,UHF42,302,Central Harlem - Morningside Heights,Winter 2017-18,12/01/2017,8.44,
216338,386,Ozone (O3),Mean,ppb,CD,111,East Harlem (CD11),Summer 2009,06/01/2009,22.83,
"131152,655,Asthma hospitalizations due to Ozone,Estimated annual rate (under age 18),""per 100,000 children"",UHF42,402,West Queens,2005-2007,01/01/2005,11.7,"
"131162,655,Asthma hospitalizations due to Ozone,Estimated annual rate (under age 18),""per 100,000 children"",UHF42,502,Stapleton - St. George,2005-2007,01/01/2005,13.1,"
"131066,653,Asthma emergency departments visits due to Ozone,Estimated annual rate (under age 18),""per 100,000 children"",UHF42,502,Stapleton - St. George,2005-2007,01/01/2005,73.2,"
"131056,653,Asthma emergency departments visits due to Ozone,Estimated annual rate (under age 18),""per 100,000 children"",UHF42,402,West Queens,2005-2007,01/01/2005,61.5,"
603001,375,Nitrogen dioxide (NO2),Mean,ppb,CD,211,Morris Park and Bronxdale (CD11),Winter 2017-18,12/01/2017,22.76,
643615,375,Nitrogen dioxide (NO2),Mean,ppb,CD,211,Morris Park and Bronxdale (CD11),Annual Average 2019,01/01/2019,15.46,
"131306,659,Asthma emergency departments visits due to Ozone,Estimated annual rate (age 18+),""per 100,000 adults"",UHF42,502,Stapleton - St. George,2005-2007,01/01/2005,39.8,"
"131296,659,Asthma emergency departments visits due to Ozone,Estimated annual rate (age 18+),""per 100,000 adults"",UHF42,402,West Queens,2005-2007,01/01/2005,17.3,"
165749,375,Nitrogen dioxide (NO2),Mean,ppb,CD,111,East Harlem (CD11),Winter 2008-09,12/01/2008,34.22,
213233,375,Nitrogen dioxide (NO2),Mean,ppb,CD,111,East Harlem (CD11),Winter 2013-14,12/01/2013,30.08,
602965,375,Nitrogen dioxide (NO2),Mean,ppb,CD,111,East Harlem (CD11),Winter 2017-18,12/01/2017,26.74,
165747,375,Nitrogen dioxide (NO2),Mean,ppb,CD,109,Morningside Heights and Hamilton Heights (CD9),Winter 2008-09,12/01/2008,35.2,
213231,375,Nitrogen dioxide (NO2),Mean,ppb,CD,109,Morningside Heights and Hamilton Heights (CD9),Winter 2013-14,12/01/2013,29.49,
602959,375,Nitrogen dioxide (NO2),Mean,ppb,CD,109,Morningside Heights and Hamilton Heights (CD9),Winter 2017-18,12/01/2017,27.31,
643573,375,Nitrogen dioxide (NO2),Mean,ppb,CD,109,Morningside Heights and Hamilton Heights (CD9),Annual Average 2019,01/01/2019,19.22,
643609,375,Nitrogen dioxide (NO2),Mean,ppb,CD,209,Parkchester and Soundview (CD9),Annual Average 2019,01/01/2019,16.39,
167694,375,Nitrogen dioxide (NO2),Mean,ppb,CD,109,Morningside Heights and Hamilton Heights (CD9),Annual Average 2012,12/01/2011,25.54,
651033,386,Ozone (O3),Mean,ppb,CD,311,Bensonhurst (CD11),Summer 2019,06/01/2019,31.62,
651007,386,Ozone (O3),Mean,ppb,CD,109,Morningside Heights and Hamilton Heights (CD9),Summer 2019,06/01/2019,26.99,
338259,386,Ozone (O3),Mean,ppb,CD,111,East Harlem (CD11),Summer 2015,06/01/2015,29.61,
651009,386,Ozone (O3),Mean,ppb,CD,111,East Harlem (CD11),Summer 2019,06/01/2019,27.47,
651019,386,Ozone (O3),Mean,ppb,CD,209,Parkchester and Soundview (CD9),Summer 2019,06/01/2019,30.33,
165983,375,Nitrogen dioxide (NO2),Mean,ppb,CD,109,Morningside Heights and Hamilton Heights (CD9),Winter 2012-13,12/01/2012,29.89,
743629,386,Ozone (O3),Mean,ppb,CD,209,Parkchester and Soundview (CD9),Summer 2021,06/01/2021,29.7,
213786,365,Fine particles (PM 2.5),Mean,mcg/m3,CD,309,South Crown Heights and Lefferts Gardens (CD9),Winter 2013-14,12/01/2013,11.82,
649990,365,Fine particles (PM 2.5),Mean,mcg/m3,CD,309,South Crown Heights and Lefferts Gardens (CD9),Annual Average 2019,01/01/2019,6.34,
649960,365,Fine particles (PM 2.5),Mean,mcg/m3,CD,211,Morris Park and Bronxdale (CD11),Annual Average 2019,01/01/2019,6.65,
167649,375,Nitrogen dioxide (NO2),Mean,ppb,CD,211,Morris Park and Bronxdale (CD11),Annual Average 2011,12/01/2010,21.83,
"130943,651,Cardiovascular hospitalizations due to PM2.5 (age 40+),Estimated annual rate,""per 100,000 adults"",UHF42,206,Borough Park,2005-2007,01/01/2005,26.8,"
"130936,651,Cardiovascular hospitalizations due to PM2.5 (age 40+),Estimated annual rate,""per 100,000 adults"",UHF42,106,High Bridge - Morrisania,2005-2007,01/01/2005,39,"
"130967,651,Cardiovascular hospitalizations due to PM2.5 (age 40+),Estimated annual rate,""per 100,000 adults"",UHF42,409,Southeast Queens,2005-2007,01/01/2005,19.2,"
"130946,651,Cardiovascular hospitalizations due to PM2.5 (age 40+),Estimated annual rate,""per 100,000 adults"",UHF42,209,Bensonhurst - Bay Ridge,2005-2007,01/01/2005,25.8,"
669606,365,Fine particles (PM 2.5),Mean,mcg/m3,CD,101,Financial District (CD1),Winter 2019-20,12/01/2019,10.03,
649895,365,Fine particles (PM 2.5),Mean,mcg/m3,CD,101,Financial District (CD1),Summer 2019,06/01/2019,9.69,
170223,365,Fine particles (PM 2.5),Mean,mcg/m3,CD,101,Financial District (CD1),Annual Average 2010,12/01/2009,12.14,
168630,365,Fine particles (PM 2.5),Mean,mcg/m3,CD,101,Financial District (CD1),Winter 2012-13,12/01/2012,12.77,
334187,365,Fine particles (PM 2.5),Mean,mcg/m3,CD,102,Greenwich Village and Soho (CD2),Summer 2015,06/01/2015,11.07,
669603,365,Fine particles (PM 2.5),Mean,mcg/m3,CD,102,Greenwich Village and Soho (CD2),Winter 2019-20,12/01/2019,11.5,
649898,365,Fine particles (PM 2.5),Mean,mcg/m3,CD,102,Greenwich Village and Soho (CD2),Summer 2019,06/01/2019,11.07,
213943,365,Fine particles (PM 2.5),Mean,mcg/m3,CD,201,Mott Haven and Melrose (CD1),Summer 2014,06/01/2014,9.57,
170176,365,Fine particles (PM 2.5),Mean,mcg/m3,CD,201,Mott Haven and Melrose (CD1),Annual Average 2009,12/01/2008,11.86,
170294,365,Fine particles (PM 2.5),Mean,mcg/m3,CD,201,Mott Haven and Melrose (CD1),Annual Average 2011,12/01/2010,11.58,
334219,365,Fine particles (PM 2.5),Mean,mcg/m3,CD,201,Mott Haven and Melrose (CD1),Annual Average 2015,01/01/2015,9.93,
649932,365,Fine particles (PM 2.5),Mean,mcg/m3,CD,201,Mott Haven and Melrose (CD1),Winter 2018-19,12/01/2018,8.24,
649711,365,Fine particles (PM 2.5),Mean,mcg/m3,UHF42,210,Coney Island - Sheepshead Bay,Annual Average 2019,01/01/2019,6.04,
177151,365,Fine particles (PM 2.5),Mean,mcg/m3,UHF42,206,Borough Park,Winter 2008-09,12/01/2008,12.56,
212680,365,Fine particles (PM 2.5),Mean,mcg/m3,UHF42,206,Borough Park,Winter 2013-14,12/01/2013,11.67,
649708,365,Fine particles (PM 2.5),Mean,mcg/m3,UHF42,209,Bensonhurst - Bay Ridge,Annual Average 2019,01/01/2019,6.21,
169528,365,Fine particles (PM 2.5),Mean,mcg/m3,CD,202,Hunts Point and Longwood (CD2),Summer 2013,06/01/2013,11.13,
169469,365,Fine particles (PM 2.5),Mean,mcg/m3,CD,202,Hunts Point and Longwood (CD2),Summer 2012,06/01/2012,11.22,
411007,365,Fine particles (PM 2.5),Mean,mcg/m3,CD,202,Hunts Point and Longwood (CD2),Annual Average 2016,12/31/2015,8.49,
742433,365,Fine particles (PM 2.5),Mean,mcg/m3,CD,202,Hunts Point and Longwood (CD2),Summer 2021,06/01/2021,9.3,
605894,365,Fine particles (PM 2.5),Mean,mcg/m3,CD,101,Financial District (CD1),Annual Average 2018,01/01/2018,8.97,
169457,365,Fine particles (PM 2.5),Mean,mcg/m3,CD,102,Greenwich Village and Soho (CD2),Summer 2012,06/01/2012,12.15,
169516,365,Fine particles (PM 2.5),Mean,mcg/m3,CD,102,Greenwich Village and Soho (CD2),Summer 2013,06/01/2013,12.09,
170188,365,Fine particles (PM 2.5),Mean,mcg/m3,CD,301,Greenpoint and Williamsburg (CD1),Annual Average 2009,12/01/2008,12.03,
213955,365,Fine particles (PM 2.5),Mean,mcg/m3,CD,301,Greenpoint and Williamsburg (CD1),Summer 2014,06/01/2014,10.46,
334255,365,Fine particles (PM 2.5),Mean,mcg/m3,CD,301,Greenpoint and Williamsburg (CD1),Annual Average 2015,01/01/2015,10.56,
669867,365,Fine particles (PM 2.5),Mean,mcg/m3,CD,208,Riverdale and Fieldston (CD8),Summer 2020,06/01/2020,7.21,
742404,365,Fine particles (PM 2.5),Mean,mcg/m3,CD,104,Clinton and Chelsea (CD4),Annual Average 2021,01/01/2021,8.07,
334200,365,Fine particles (PM 2.5),Mean,mcg/m3,CD,106,Stuyvesant Town and Turtle Bay (CD6),Winter 2014-15,12/01/2014,11.92,
547615,365,Fine particles (PM 2.5),Mean,mcg/m3,CD,106,Stuyvesant Town and Turtle Bay (CD6),Annual Average 2017,01/01/2017,9.77,
742410,365,Fine particles (PM 2.5),Mean,mcg/m3,CD,106,Stuyvesant Town and Turtle Bay (CD6),Annual Average 2021,01/01/2021,7.86,
410982,365,Fine particles (PM 2.5),Mean,mcg/m3,CD,106,Stuyvesant Town and Turtle Bay (CD6),Summer 2016,06/01/2016,10.61,
"130971,651,Cardiovascular hospitalizations due to PM2.5 (age 40+),Estimated annual rate,""per 100,000 adults"",UHF42,503,Willowbrook,2005-2007,01/01/2005,27.1,"
"130963,651,Cardiovascular hospitalizations due to PM2.5 (age 40+),Estimated annual rate,""per 100,000 adults"",UHF42,405,Ridgewood - Forest Hills,2005-2007,01/01/2005,25.2,"
"130940,651,Cardiovascular hospitalizations due to PM2.5 (age 40+),Estimated annual rate,""per 100,000 adults"",UHF42,203,Bedford Stuyvesant - Crown Heights,2005-2007,01/01/2005,34.3,"
"130942,651,Cardiovascular hospitalizations due to PM2.5 (age 40+),Estimated annual rate,""per 100,000 adults"",UHF42,205,Sunset Park,2005-2007,01/01/2005,24.3,"
"130951,651,Cardiovascular hospitalizations due to PM2.5 (age 40+),Estimated annual rate,""per 100,000 adults"",UHF42,303,East Harlem,2005-2007,01/01/2005,39,"
"130961,651,Cardiovascular hospitalizations due to PM2.5 (age 40+),Estimated annual rate,""per 100,000 adults"",UHF42,403,Flushing - Clearview,2005-2007,01/01/2005,19.2,"
742450,365,Fine particles (PM 2.5),Mean,mcg/m3,CD,208,Riverdale and Fieldston (CD8),Winter 2020-21,12/01/2020,6.34,
170346,365,Fine particles (PM 2.5),Mean,mcg/m3,CD,106,Stuyvesant Town and Turtle Bay (CD6),Annual Average 2012,12/01/2011,12.31,
334199,365,Fine particles (PM 2.5),Mean,mcg/m3,CD,106,Stuyvesant Town and Turtle Bay (CD6),Summer 2015,06/01/2015,11.88,
649910,365,Fine particles (PM 2.5),Mean,mcg/m3,CD,106,Stuyvesant Town and Turtle Bay (CD6),Summer 2019,06/01/2019,10.45,
669565,365,Fine particles (PM 2.5),Mean,mcg/m3,CD,106,Stuyvesant Town and Turtle Bay (CD6),Winter 2019-20,12/01/2019,10.4,
170299,365,Fine particles (PM 2.5),Mean,mcg/m3,CD,206,Belmont and East Tremont (CD6),Annual Average 2011,12/01/2010,11.18,
170181,365,Fine particles (PM 2.5),Mean,mcg/m3,CD,206,Belmont and East Tremont (CD6),Annual Average 2009,12/01/2008,11.46,
213948,365,Fine particles (PM 2.5),Mean,mcg/m3,CD,206,Belmont and East Tremont (CD6),Summer 2014,06/01/2014,9.07,
334234,365,Fine particles (PM 2.5),Mean,mcg/m3,CD,206,Belmont and East Tremont (CD6),Annual Average 2015,01/01/2015,9.45,
669859,365,Fine particles (PM 2.5),Mean,mcg/m3,CD,206,Belmont and East Tremont (CD6),Annual Average 2020,01/01/2020,6.32,
170193,365,Fine particles (PM 2.5),Mean,mcg/m3,CD,306,Park Slope and Carroll Gardens (CD6),Annual Average 2009,12/01/2008,11.43,
170311,365,Fine particles (PM 2.5),Mean,mcg/m3,CD,306,Park Slope and Carroll Gardens (CD6),Annual Average 2011,12/01/2010,11.13,
213960,365,Fine particles (PM 2.5),Mean,mcg/m3,CD,306,Park Slope and Carroll Gardens (CD6),Summer 2014,06/01/2014,9.86,
177169,365,Fine particles (PM 2.5),Mean,mcg/m3,UHF42,403,Flushing - Clearview,Winter 2008-09,12/01/2008,12.74,
177161,365,Fine particles (PM 2.5),Mean,mcg/m3,UHF42,305,Upper East Side,Winter 2008-09,12/01/2008,15.3,
212690,365,Fine particles (PM 2.5),Mean,mcg/m3,UHF42,305,Upper East Side,Winter 2013-14,12/01/2013,14.39,
649729,365,Fine particles (PM 2.5),Mean,mcg/m3,UHF42,305,Upper East Side,Annual Average 2019,01/01/2019,8,
334261,365,Fine particles (PM 2.5),Mean,mcg/m3,CD,303,Bedford Stuyvesant (CD3),Annual Average 2015,01/01/2015,9.03,
669886,365,Fine particles (PM 2.5),Mean,mcg/m3,CD,303,Bedford Stuyvesant (CD3),Annual Average 2020,01/01/2020,6.31,
177152,365,Fine particles (PM 2.5),Mean,mcg/m3,UHF42,207,East Flatbush - Flatbush,Winter 2008-09,12/01/2008,13.08,
649702,365,Fine particles (PM 2.5),Mean,mcg/m3,UHF42,207,East Flatbush - Flatbush,Annual Average 2019,01/01/2019,6.31,
169517,365,Fine particles (PM 2.5),Mean,mcg/m3,CD,103,Lower East Side and Chinatown (CD3),Summer 2013,06/01/2013,11.25,
411010,365,Fine particles (PM 2.5),Mean,mcg/m3,CD,203,Morrisania and Crotona (CD3),Annual Average 2016,12/31/2015,7.85,
170179,365,Fine particles (PM 2.5),Mean,mcg/m3,CD,204,Highbridge and Concourse (CD4),Annual Average 2009,12/01/2008,11.96,
170297,365,Fine particles (PM 2.5),Mean,mcg/m3,CD,204,Highbridge and Concourse (CD4),Annual Average 2011,12/01/2010,11.58,
334228,365,Fine particles (PM 2.5),Mean,mcg/m3,CD,204,Highbridge and Concourse (CD4),Annual Average 2015,01/01/2015,9.72,
649941,365,Fine particles (PM 2.5),Mean,mcg/m3,CD,204,Highbridge and Concourse (CD4),Winter 2018-19,12/01/2018,7.89,
669594,365,Fine particles (PM 2.5),Mean,mcg/m3,CD,204,Highbridge and Concourse (CD4),Annual Average 2020,01/01/2020,6.12,
177145,365,Fine particles (PM 2.5),Mean,mcg/m3,UHF42,107,Hunts Point - Mott Haven,Winter 2008-09,12/01/2008,12.26,
212674,365,Fine particles (PM 2.5),Mean,mcg/m3,UHF42,107,Hunts Point - Mott Haven,Winter 2013-14,12/01/2013,11.21,
177153,365,Fine particles (PM 2.5),Mean,mcg/m3,UHF42,208,Canarsie - Flatlands,Winter 2008-09,12/01/2008,12.12,
338167,386,Ozone (O3),Mean,ppb,Borough,1,Bronx,Summer 2015,06/01/2015,30.39,
338196,386,Ozone (O3),Mean,ppb,UHF42,307,Gramercy Park - Murray Hill,Summer 2015,06/01/2015,25.06,
179423,375,Nitrogen dioxide (NO2),Mean,ppb,Borough,1,Bronx,Annual Average 2010,12/01/2009,22.16,
176565,375,Nitrogen dioxide (NO2),Mean,ppb,UHF42,208,Canarsie - Flatlands,Annual Average 2010,12/01/2009,19.1,
175431,375,Nitrogen dioxide (NO2),Mean,ppb,UHF42,208,Canarsie - Flatlands,Winter 2012-13,12/01/2012,22.63,
336533,375,Nitrogen dioxide (NO2),Mean,ppb,UHF42,208,Canarsie - Flatlands,Summer 2015,06/01/2015,10.77,
667142,375,Nitrogen dioxide (NO2),Mean,ppb,UHF42,208,Canarsie - Flatlands,Winter 2019-20,12/01/2019,22.86,
336479,375,Nitrogen dioxide (NO2),Mean,ppb,Borough,2,Brooklyn,Summer 2015,06/01/2015,14.09,
667028,375,Nitrogen dioxide (NO2),Mean,ppb,Borough,1,Bronx,Winter 2019-20,12/01/2019,23.04,
179289,375,Nitrogen dioxide (NO2),Mean,ppb,Borough,2,Brooklyn,Winter 2012-13,12/01/2012,25.3,
333942,365,Fine particles (PM 2.5),Mean,mcg/m3,Borough,2,Brooklyn,Winter 2014-15,12/01/2014,9.03,
742152,365,Fine particles (PM 2.5),Mean,mcg/m3,Borough,2,Brooklyn,Annual Average 2021,01/01/2021,6.63,
179504,365,Fine particles (PM 2.5),Mean,mcg/m3,Borough,2,Brooklyn,Winter 2010-11,12/01/2010,12.62,
179569,365,Fine particles (PM 2.5),Mean,mcg/m3,Borough,2,Brooklyn,Summer 2009,06/01/2009,10.92,
179664,365,Fine particles (PM 2.5),Mean,mcg/m3,Borough,2,Brooklyn,Annual Average 2013,12/01/2012,8.7,
179663,365,Fine particles (PM 2.5),Mean,mcg/m3,Borough,1,Bronx,Annual Average 2013,12/01/2012,9.1,
179503,365,Fine particles (PM 2.5),Mean,mcg/m3,Borough,1,Bronx,Winter 2010-11,12/01/2010,13.85,
333996,365,Fine particles (PM 2.5),Mean,mcg/m3,UHF42,208,Canarsie - Flatlands,Winter 2014-15,12/01/2014,8.39,
547411,365,Fine particles (PM 2.5),Mean,mcg/m3,UHF42,208,Canarsie - Flatlands,Annual Average 2017,01/01/2017,7.02,
179810,640,Boiler Emissions- Total SO2 Emissions,Number per km2,number,Borough,2,Brooklyn,2015,01/01/2015,0.7,
649968,365,Fine particles (PM 2.5),Mean,mcg/m3,CD,301,Greenpoint and Williamsburg (CD1),Winter 2018-19,12/01/2018,9.27,
669880,365,Fine particles (PM 2.5),Mean,mcg/m3,CD,301,Greenpoint and Williamsburg (CD1),Annual Average 2020,01/01/2020,7.08,
669585,365,Fine particles (PM 2.5),Mean,mcg/m3,CD,201,Mott Haven and Melrose (CD1),Annual Average 2020,01/01/2020,6.3,
649699,365,Fine particles (PM 2.5),Mean,mcg/m3,UHF42,206,Borough Park,Annual Average 2019,01/01/2019,6.32,
605701,365,Fine particles (PM 2.5),Mean,mcg/m3,UHF42,206,Borough Park,Winter 2017-18,12/01/2017,8.4,
212683,365,Fine particles (PM 2.5),Mean,mcg/m3,UHF42,209,Bensonhurst - Bay Ridge,Winter 2013-14,12/01/2013,11.51,
177155,365,Fine particles (PM 2.5),Mean,mcg/m3,UHF42,210,Coney Island - Sheepshead Bay,Winter 2008-09,12/01/2008,11.12,
605710,365,Fine particles (PM 2.5),Mean,mcg/m3,UHF42,209,Bensonhurst - Bay Ridge,Winter 2017-18,12/01/2017,8.1,
179798,640,Boiler Emissions- Total SO2 Emissions,Number per km2,number,UHF42,106,High Bridge - Morrisania,2015,01/01/2015,12.9,
333945,365,Fine particles (PM 2.5),Mean,mcg/m3,Borough,3,Manhattan,Winter 2014-15,12/01/2014,10.93,
650934,386,Ozone (O3),Mean,ppb,UHF42,206,Borough Park,Summer 2019,06/01/2019,30.62,
338177,386,Ozone (O3),Mean,ppb,UHF42,106,High Bridge - Morrisania,Summer 2015,06/01/2015,29.93,
650927,386,Ozone (O3),Mean,ppb,UHF42,106,High Bridge - Morrisania,Summer 2019,06/01/2019,28.62,
338169,386,Ozone (O3),Mean,ppb,Borough,3,Manhattan,Summer 2015,06/01/2015,27.77,
175433,375,Nitrogen dioxide (NO2),Mean,ppb,UHF42,210,Coney Island - Sheepshead Bay,Winter 2012-13,12/01/2012,22.54,
176556,375,Nitrogen dioxide (NO2),Mean,ppb,UHF42,106,High Bridge - Morrisania,Annual Average 2010,12/01/2009,26.38,
336506,375,Nitrogen dioxide (NO2),Mean,ppb,UHF42,106,High Bridge - Morrisania,Summer 2015,06/01/2015,18.15,
667088,375,Nitrogen dioxide (NO2),Mean,ppb,UHF42,106,High Bridge - Morrisania,Winter 2019-20,12/01/2019,25.81,
336482,375,Nitrogen dioxide (NO2),Mean,ppb,Borough,3,Manhattan,Summer 2015,06/01/2015,21.25,
179425,375,Nitrogen dioxide (NO2),Mean,ppb,Borough,3,Manhattan,Annual Average 2010,12/01/2009,30.58,
643310,375,Nitrogen dioxide (NO2),Mean,ppb,Borough,3,Manhattan,Summer 2019,06/01/2019,19.7,
177228,365,Fine particles (PM 2.5),Mean,mcg/m3,UHF42,106,High Bridge - Morrisania,Winter 2010-11,12/01/2010,14.72,
178572,365,Fine particles (PM 2.5),Mean,mcg/m3,UHF42,106,High Bridge - Morrisania,Annual Average 2013,12/01/2012,9.83,
547360,365,Fine particles (PM 2.5),Mean,mcg/m3,Borough,3,Manhattan,Annual Average 2017,01/01/2017,8.72,
179505,365,Fine particles (PM 2.5),Mean,mcg/m3,Borough,3,Manhattan,Winter 2010-11,12/01/2010,14.76,
179570,365,Fine particles (PM 2.5),Mean,mcg/m3,Borough,3,Manhattan,Summer 2009,06/01/2009,12.55,
177774,365,Fine particles (PM 2.5),Mean,mcg/m3,UHF42,106,High Bridge - Morrisania,Summer 2009,06/01/2009,11.44,
547384,365,Fine particles (PM 2.5),Mean,mcg/m3,UHF42,106,High Bridge - Morrisania,Annual Average 2017,01/01/2017,8.16,
179660,365,Fine particles (PM 2.5),Mean,mcg/m3,Borough,3,Manhattan,Annual Average 2012,12/01/2011,10.92,
130402,640,Boiler Emissions- Total SO2 Emissions,Number per km2,number,UHF42,106,High Bridge - Morrisania,2013,01/01/2013,19.7,
130442,640,Boiler Emissions- Total SO2 Emissions,Number per km2,number,Borough,3,Manhattan,2013,01/01/2013,50.6,
169456,365,Fine particles (PM 2.5),Mean,mcg/m3,CD,101,Financial District (CD1),Summer 2012,06/01/2012,12.25,
169515,365,Fine particles (PM 2.5),Mean,mcg/m3,CD,101,Financial District (CD1),Summer 2013,06/01/2013,12.22,
667040,375,Nitrogen dioxide (NO2),Mean,ppb,Borough,3,Manhattan,Winter 2019-20,12/01/2019,29.31,
605731,365,Fine particles (PM 2.5),Mean,mcg/m3,UHF42,305,Upper East Side,Winter 2017-18,12/01/2017,9.75,
177150,365,Fine particles (PM 2.5),Mean,mcg/m3,UHF42,205,Sunset Park,Winter 2008-09,12/01/2008,13.49,
334270,365,Fine particles (PM 2.5),Mean,mcg/m3,CD,306,Park Slope and Carroll Gardens (CD6),Annual Average 2015,01/01/2015,9.91,
170287,365,Fine particles (PM 2.5),Mean,mcg/m3,CD,106,Stuyvesant Town and Turtle Bay (CD6),Annual Average 2011,12/01/2010,13.13,
213936,365,Fine particles (PM 2.5),Mean,mcg/m3,CD,106,Stuyvesant Town and Turtle Bay (CD6),Summer 2014,06/01/2014,11.68,
649696,365,Fine particles (PM 2.5),Mean,mcg/m3,UHF42,205,Sunset Park,Annual Average 2019,01/01/2019,7.32,
177148,365,Fine particles (PM 2.5),Mean,mcg/m3,UHF42,203,Bedford Stuyvesant - Crown Heights,Winter 2008-09,12/01/2008,13.62,
212677,365,Fine particles (PM 2.5),Mean,mcg/m3,UHF42,203,Bedford Stuyvesant - Crown Heights,Winter 2013-14,12/01/2013,11.94,
649690,365,Fine particles (PM 2.5),Mean,mcg/m3,UHF42,203,Bedford Stuyvesant - Crown Heights,Annual Average 2019,01/01/2019,6.61,
177141,365,Fine particles (PM 2.5),Mean,mcg/m3,UHF42,103,Fordham - Bronx Pk,Winter 2008-09,12/01/2008,14.47,
212670,365,Fine particles (PM 2.5),Mean,mcg/m3,UHF42,103,Fordham - Bronx Pk,Winter 2013-14,12/01/2013,12.51,
170183,365,Fine particles (PM 2.5),Mean,mcg/m3,CD,208,Riverdale and Fieldston (CD8),Annual Average 2009,12/01/2008,11.02,
170301,365,Fine particles (PM 2.5),Mean,mcg/m3,CD,208,Riverdale and Fieldston (CD8),Annual Average 2011,12/01/2010,10.65,
334240,365,Fine particles (PM 2.5),Mean,mcg/m3,CD,208,Riverdale and Fieldston (CD8),Annual Average 2015,01/01/2015,9.16,
170285,365,Fine particles (PM 2.5),Mean,mcg/m3,CD,104,Clinton and Chelsea (CD4),Annual Average 2011,12/01/2010,12.43,
170167,365,Fine particles (PM 2.5),Mean,mcg/m3,CD,104,Clinton and Chelsea (CD4),Annual Average 2009,12/01/2008,13.22,
213934,365,Fine particles (PM 2.5),Mean,mcg/m3,CD,104,Clinton and Chelsea (CD4),Summer 2014,06/01/2014,11.09,
334192,365,Fine particles (PM 2.5),Mean,mcg/m3,CD,104,Clinton and Chelsea (CD4),Annual Average 2015,01/01/2015,10.91,
669598,365,Fine particles (PM 2.5),Mean,mcg/m3,CD,104,Clinton and Chelsea (CD4),Annual Average 2020,01/01/2020,7.96,
649905,365,Fine particles (PM 2.5),Mean,mcg/m3,CD,104,Clinton and Chelsea (CD4),Winter 2018-19,12/01/2018,10.61,
333960,365,Fine particles (PM 2.5),Mean,mcg/m3,UHF42,103,Fordham - Bronx Pk,Winter 2014-15,12/01/2014,10.16,
547375,365,Fine particles (PM 2.5),Mean,mcg/m3,UHF42,103,Fordham - Bronx Pk,Annual Average 2017,01/01/2017,7.52,
338183,386,Ozone (O3),Mean,ppb,UHF42,205,Sunset Park,Summer 2015,06/01/2015,31.29,
650933,386,Ozone (O3),Mean,ppb,UHF42,205,Sunset Park,Summer 2019,06/01/2019,28.83,
338174,386,Ozone (O3),Mean,ppb,UHF42,103,Fordham - Bronx Pk,Summer 2015,06/01/2015,29.53,
650924,386,Ozone (O3),Mean,ppb,UHF42,103,Fordham - Bronx Pk,Summer 2019,06/01/2019,29.64,
176560,375,Nitrogen dioxide (NO2),Mean,ppb,UHF42,203,Bedford Stuyvesant - Crown Heights,Annual Average 2010,12/01/2009,25.17,
176553,375,Nitrogen dioxide (NO2),Mean,ppb,UHF42,103,Fordham - Bronx Pk,Annual Average 2010,12/01/2009,22.06,
176555,375,Nitrogen dioxide (NO2),Mean,ppb,UHF42,105,Crotona -Tremont,Annual Average 2010,12/01/2009,25.25,
175421,375,Nitrogen dioxide (NO2),Mean,ppb,UHF42,105,Crotona -Tremont,Winter 2012-13,12/01/2012,27.06,
667070,375,Nitrogen dioxide (NO2),Mean,ppb,UHF42,103,Fordham - Bronx Pk,Winter 2019-20,12/01/2019,22.59,
643325,375,Nitrogen dioxide (NO2),Mean,ppb,UHF42,103,Fordham - Bronx Pk,Summer 2019,06/01/2019,12.17,
167531,375,Nitrogen dioxide (NO2),Mean,ppb,CD,211,Morris Park and Bronxdale (CD11),Annual Average 2009,12/01/2008,23.36,
336787,375,Nitrogen dioxide (NO2),Mean,ppb,CD,211,Morris Park and Bronxdale (CD11),Annual Average 2015,01/01/2015,19.63,
167637,375,Nitrogen dioxide (NO2),Mean,ppb,CD,111,East Harlem (CD11),Annual Average 2011,12/01/2010,27.57,
167519,375,Nitrogen dioxide (NO2),Mean,ppb,CD,111,East Harlem (CD11),Annual Average 2009,12/01/2008,29.83,
213410,375,Nitrogen dioxide (NO2),Mean,ppb,CD,111,East Harlem (CD11),Summer 2014,06/01/2014,19.06,
336751,375,Nitrogen dioxide (NO2),Mean,ppb,CD,111,East Harlem (CD11),Annual Average 2015,01/01/2015,22.9,
643581,375,Nitrogen dioxide (NO2),Mean,ppb,CD,111,East Harlem (CD11),Winter 2018-19,12/01/2018,24.45,
168428,365,Fine particles (PM 2.5),Mean,mcg/m3,CD,311,Bensonhurst (CD11),Winter 2008-09,12/01/2008,11.71,
213788,365,Fine particles (PM 2.5),Mean,mcg/m3,CD,311,Bensonhurst (CD11),Winter 2013-14,12/01/2013,11.38,
605998,365,Fine particles (PM 2.5),Mean,mcg/m3,CD,311,Bensonhurst (CD11),Winter 2017-18,12/01/2017,8.11,
649996,365,Fine particles (PM 2.5),Mean,mcg/m3,CD,311,Bensonhurst (CD11),Annual Average 2019,01/01/2019,6.16,
168426,365,Fine particles (PM 2.5),Mean,mcg/m3,CD,309,South Crown Heights and Lefferts Gardens (CD9),Winter 2008-09,12/01/2008,13.48,
605956,365,Fine particles (PM 2.5),Mean,mcg/m3,CD,209,Parkchester and Soundview (CD9),Winter 2017-18,12/01/2017,8.12,
649954,365,Fine particles (PM 2.5),Mean,mcg/m3,CD,209,Parkchester and Soundview (CD9),Annual Average 2019,01/01/2019,6.81,
168402,365,Fine particles (PM 2.5),Mean,mcg/m3,CD,109,Morningside Heights and Hamilton Heights (CD9),Winter 2008-09,12/01/2008,14.72,
213762,365,Fine particles (PM 2.5),Mean,mcg/m3,CD,109,Morningside Heights and Hamilton Heights (CD9),Winter 2013-14,12/01/2013,13.17,
649918,365,Fine particles (PM 2.5),Mean,mcg/m3,CD,109,Morningside Heights and Hamilton Heights (CD9),Annual Average 2019,01/01/2019,6.93,
605920,365,Fine particles (PM 2.5),Mean,mcg/m3,CD,109,Morningside Heights and Hamilton Heights (CD9),Winter 2017-18,12/01/2017,8.43,
168404,365,Fine particles (PM 2.5),Mean,mcg/m3,CD,111,East Harlem (CD11),Winter 2008-09,12/01/2008,14.15,
213764,365,Fine particles (PM 2.5),Mean,mcg/m3,CD,111,East Harlem (CD11),Winter 2013-14,12/01/2013,13.11,
605926,365,Fine particles (PM 2.5),Mean,mcg/m3,CD,111,East Harlem (CD11),Winter 2017-18,12/01/2017,8.36,
649924,365,Fine particles (PM 2.5),Mean,mcg/m3,CD,111,East Harlem (CD11),Annual Average 2019,01/01/2019,7.13,
168416,365,Fine particles (PM 2.5),Mean,mcg/m3,CD,211,Morris Park and Bronxdale (CD11),Winter 2008-09,12/01/2008,13.55,
605962,365,Fine particles (PM 2.5),Mean,mcg/m3,CD,211,Morris Park and Bronxdale (CD11),Winter 2017-18,12/01/2017,8.14,
168414,365,Fine particles (PM 2.5),Mean,mcg/m3,CD,209,Parkchester and Soundview (CD9),Winter 2008-09,12/01/2008,13.66,
213774,365,Fine particles (PM 2.5),Mean,mcg/m3,CD,209,Parkchester and Soundview (CD9),Winter 2013-14,12/01/2013,12.25,
167635,375,Nitrogen dioxide (NO2),Mean,ppb,CD,109,Morningside Heights and Hamilton Heights (CD9),Annual Average 2011,12/01/2010,28.05,
213408,375,Nitrogen dioxide (NO2),Mean,ppb,CD,109,Morningside Heights and Hamilton Heights (CD9),Summer 2014,06/01/2014,19.28,
742419,365,Fine particles (PM 2.5),Mean,mcg/m3,CD,109,Morningside Heights and Hamilton Heights (CD9),Annual Average 2021,01/01/2021,6.79,
411026,365,Fine particles (PM 2.5),Mean,mcg/m3,CD,209,Parkchester and Soundview (CD9),Winter 2015-16,12/01/2015,8.14,
649985,365,Fine particles (PM 2.5),Mean,mcg/m3,CD,307,Sunset Park (CD7),Summer 2019,06/01/2019,8.9,
742194,365,Fine particles (PM 2.5),Mean,mcg/m3,UHF42,204,East New York,Annual Average 2021,01/01/2021,6.55,
177779,365,Fine particles (PM 2.5),Mean,mcg/m3,UHF42,204,East New York,Summer 2009,06/01/2009,10.08,
177233,365,Fine particles (PM 2.5),Mean,mcg/m3,UHF42,204,East New York,Winter 2010-11,12/01/2010,11.75,
169327,365,Fine particles (PM 2.5),Mean,mcg/m3,CD,407,Flushing and Whitestone (CD7),Summer 2009,06/01/2009,10.27,
168560,365,Fine particles (PM 2.5),Mean,mcg/m3,CD,407,Flushing and Whitestone (CD7),Winter 2010-11,12/01/2010,12.59,
742413,365,Fine particles (PM 2.5),Mean,mcg/m3,CD,107,Upper West Side (CD7),Annual Average 2021,01/01/2021,6.79,
179765,642,Boiler Emissions- Total NOx Emissions,Number per km2,number,Borough,5,Staten Island,2015,01/01/2015,2.7,
179826,641,Boiler Emissions- Total PM2.5 Emissions,Number per km2,number,UHF42,204,East New York,2015,01/01/2015,0,
179730,642,Boiler Emissions- Total NOx Emissions,Number per km2,number,UHF42,204,East New York,2015,01/01/2015,14.7,
179735,642,Boiler Emissions- Total NOx Emissions,Number per km2,number,UHF42,104,Pelham - Throgs Neck,2015,01/01/2015,23.6,
179831,641,Boiler Emissions- Total PM2.5 Emissions,Number per km2,number,UHF42,104,Pelham - Throgs Neck,2015,01/01/2015,0.4,
179814,641,Boiler Emissions- Total PM2.5 Emissions,Number per km2,number,UHF42,504,South Beach - Tottenville,2015,01/01/2015,0,
179725,642,Boiler Emissions- Total NOx Emissions,Number per km2,number,UHF42,404,Bayside - Little Neck,2015,01/01/2015,9.8,
178570,365,Fine particles (PM 2.5),Mean,mcg/m3,UHF42,104,Pelham - Throgs Neck,Annual Average 2013,12/01/2012,8.74,
177772,365,Fine particles (PM 2.5),Mean,mcg/m3,UHF42,104,Pelham - Throgs Neck,Summer 2009,06/01/2009,10.44,
177226,365,Fine particles (PM 2.5),Mean,mcg/m3,UHF42,104,Pelham - Throgs Neck,Winter 2010-11,12/01/2010,13.3,
547378,365,Fine particles (PM 2.5),Mean,mcg/m3,UHF42,104,Pelham - Throgs Neck,Annual Average 2017,01/01/2017,7.52,
333984,365,Fine particles (PM 2.5),Mean,mcg/m3,UHF42,204,East New York,Winter 2014-15,12/01/2014,9.12,
179821,641,Boiler Emissions- Total PM2.5 Emissions,Number per km2,number,UHF42,404,Bayside - Little Neck,2015,01/01/2015,0.2,
177142,365,Fine particles (PM 2.5),Mean,mcg/m3,UHF42,104,Pelham - Throgs Neck,Winter 2008-09,12/01/2008,13.3,
212671,365,Fine particles (PM 2.5),Mean,mcg/m3,UHF42,104,Pelham - Throgs Neck,Winter 2013-14,12/01/2013,12.05,
605674,365,Fine particles (PM 2.5),Mean,mcg/m3,UHF42,104,Pelham - Throgs Neck,Winter 2017-18,12/01/2017,8.06,
212685,365,Fine particles (PM 2.5),Mean,mcg/m3,UHF42,211,Williamsburg - Bushwick,Winter 2013-14,12/01/2013,14.01,
130743,647,Outdoor Air Toxics - Formaldehyde,Annual average concentration,µg/m3,UHF42,204,East New York,2005,01/01/2005,2.8,
130774,647,Outdoor Air Toxics - Formaldehyde,Annual average concentration,µg/m3,UHF42,504,South Beach - Tottenville,2005,01/01/2005,2.2,
315648,647,Outdoor Air Toxics - Formaldehyde,Annual average concentration,µg/m3,UHF42,204,East New York,2011,01/01/2011,2.1,
799832,647,Outdoor Air Toxics - Formaldehyde,Annual average concentration,µg/m3,UHF42,211,Williamsburg - Bushwick,2014,01/01/2014,1.57,
799856,647,Outdoor Air Toxics - Formaldehyde,Annual average concentration,µg/m3,UHF42,504,South Beach - Tottenville,2014,01/01/2014,1.27,
315679,647,Outdoor Air Toxics - Formaldehyde,Annual average concentration,µg/m3,UHF42,504,South Beach - Tottenville,2011,01/01/2011,1.7,
315659,647,Outdoor Air Toxics - Formaldehyde,Annual average concentration,µg/m3,UHF42,304,Upper West Side,2011,01/01/2011,2.7,
315669,647,Outdoor Air Toxics - Formaldehyde,Annual average concentration,µg/m3,UHF42,404,Bayside - Little Neck,2011,01/01/2011,1.9,
179771,640,Boiler Emissions- Total SO2 Emissions,Number per km2,number,UHF42,208,Canarsie - Flatlands,2015,01/01/2015,0,
179811,640,Boiler Emissions- Total SO2 Emissions,Number per km2,number,Borough,1,Bronx,2015,01/01/2015,6.3,
130441,640,Boiler Emissions- Total SO2 Emissions,Number per km2,number,Borough,2,Brooklyn,2013,01/01/2013,0.8,
213933,365,Fine particles (PM 2.5),Mean,mcg/m3,CD,103,Lower East Side and Chinatown (CD3),Summer 2014,06/01/2014,10.04,
334189,365,Fine particles (PM 2.5),Mean,mcg/m3,CD,103,Lower East Side and Chinatown (CD3),Annual Average 2015,01/01/2015,9.95,
213945,365,Fine particles (PM 2.5),Mean,mcg/m3,CD,203,Morrisania and Crotona (CD3),Summer 2014,06/01/2014,8.94,
334225,365,Fine particles (PM 2.5),Mean,mcg/m3,CD,203,Morrisania and Crotona (CD3),Annual Average 2015,01/01/2015,9.3,
336476,375,Nitrogen dioxide (NO2),Mean,ppb,Borough,1,Bronx,Summer 2015,06/01/2015,15.96,
179288,375,Nitrogen dioxide (NO2),Mean,ppb,Borough,1,Bronx,Winter 2012-13,12/01/2012,24.03,
643307,375,Nitrogen dioxide (NO2),Mean,ppb,Borough,2,Brooklyn,Summer 2019,06/01/2019,13.4,
219974,386,Ozone (O3),Mean,ppb,Borough,2,Brooklyn,Summer 2012,06/01/2012,33.89,
176019,375,Nitrogen dioxide (NO2),Mean,ppb,UHF42,208,Canarsie - Flatlands,Summer 2012,06/01/2012,12.43,
176061,375,Nitrogen dioxide (NO2),Mean,ppb,UHF42,208,Canarsie - Flatlands,Summer 2013,06/01/2013,12.05,
412471,375,Nitrogen dioxide (NO2),Mean,ppb,UHF42,208,Canarsie - Flatlands,Annual Average 2016,12/31/2015,15.3,
602744,375,Nitrogen dioxide (NO2),Mean,ppb,UHF42,208,Canarsie - Flatlands,Annual Average 2018,01/01/2018,14.48,
179358,375,Nitrogen dioxide (NO2),Mean,ppb,Borough,1,Bronx,Summer 2012,06/01/2012,17.02,
412414,375,Nitrogen dioxide (NO2),Mean,ppb,Borough,1,Bronx,Annual Average 2016,12/31/2015,18.42,
742400,365,Fine particles (PM 2.5),Mean,mcg/m3,CD,103,Lower East Side and Chinatown (CD3),Summer 2021,06/01/2021,9.61,
410974,365,Fine particles (PM 2.5),Mean,mcg/m3,CD,103,Lower East Side and Chinatown (CD3),Annual Average 2016,12/31/2015,8.9,
605900,365,Fine particles (PM 2.5),Mean,mcg/m3,CD,103,Lower East Side and Chinatown (CD3),Annual Average 2018,01/01/2018,7.93,
169542,365,Fine particles (PM 2.5),Mean,mcg/m3,CD,304,Bushwick (CD4),Summer 2013,06/01/2013,10.42,
742180,365,Fine particles (PM 2.5),Mean,mcg/m3,UHF42,107,Hunts Point - Mott Haven,Winter 2020-21,12/01/2020,7.06,
179574,365,Fine particles (PM 2.5),Mean,mcg/m3,Borough,2,Brooklyn,Summer 2010,06/01/2010,11.96,
742150,365,Fine particles (PM 2.5),Mean,mcg/m3,Borough,2,Brooklyn,Winter 2020-21,12/01/2020,6.89,
211436,365,Fine particles (PM 2.5),Mean,mcg/m3,Borough,2,Brooklyn,Annual Average 2014,12/01/2013,9.09,
602687,375,Nitrogen dioxide (NO2),Mean,ppb,Borough,1,Bronx,Annual Average 2018,01/01/2018,17.73,
179363,375,Nitrogen dioxide (NO2),Mean,ppb,Borough,1,Bronx,Summer 2013,06/01/2013,15.91,
740882,375,Nitrogen dioxide (NO2),Mean,ppb,Borough,2,Brooklyn,Summer 2021,06/01/2021,11.46,
179364,375,Nitrogen dioxide (NO2),Mean,ppb,Borough,2,Brooklyn,Summer 2013,06/01/2013,15.75,
179359,375,Nitrogen dioxide (NO2),Mean,ppb,Borough,2,Brooklyn,Summer 2012,06/01/2012,16.27,
740879,375,Nitrogen dioxide (NO2),Mean,ppb,Borough,1,Bronx,Summer 2021,06/01/2021,12.83,
602690,375,Nitrogen dioxide (NO2),Mean,ppb,Borough,2,Brooklyn,Annual Average 2018,01/01/2018,17.83,
412417,375,Nitrogen dioxide (NO2),Mean,ppb,Borough,2,Brooklyn,Annual Average 2016,12/31/2015,18.48,
336529,375,Nitrogen dioxide (NO2),Mean,ppb,UHF42,207,East Flatbush - Flatbush,Annual Average 2015,01/01/2015,19.72,
667135,375,Nitrogen dioxide (NO2),Mean,ppb,UHF42,207,East Flatbush - Flatbush,Annual Average 2020,01/01/2020,16.07,
222434,386,Ozone (O3),Mean,ppb,UHF42,106,High Bridge - Morrisania,Summer 2012,06/01/2012,33.23,
222435,386,Ozone (O3),Mean,ppb,UHF42,106,High Bridge - Morrisania,Summer 2013,06/01/2013,29.92,
219981,386,Ozone (O3),Mean,ppb,Borough,3,Manhattan,Summer 2013,06/01/2013,26.33,
176021,375,Nitrogen dioxide (NO2),Mean,ppb,UHF42,210,Coney Island - Sheepshead Bay,Summer 2012,06/01/2012,12.25,
176063,375,Nitrogen dioxide (NO2),Mean,ppb,UHF42,210,Coney Island - Sheepshead Bay,Summer 2013,06/01/2013,11,
412444,375,Nitrogen dioxide (NO2),Mean,ppb,UHF42,106,High Bridge - Morrisania,Annual Average 2016,12/31/2015,21.08,
176052,375,Nitrogen dioxide (NO2),Mean,ppb,UHF42,106,High Bridge - Morrisania,Summer 2013,06/01/2013,19.9,
602693,375,Nitrogen dioxide (NO2),Mean,ppb,Borough,3,Manhattan,Annual Average 2018,01/01/2018,23.43,
212428,375,Nitrogen dioxide (NO2),Mean,ppb,UHF42,206,Borough Park,Summer 2014,06/01/2014,15.11,
410971,365,Fine particles (PM 2.5),Mean,mcg/m3,CD,102,Greenwich Village and Soho (CD2),Annual Average 2016,12/31/2015,9.53,
605897,365,Fine particles (PM 2.5),Mean,mcg/m3,CD,102,Greenwich Village and Soho (CD2),Annual Average 2018,01/01/2018,8.86,
742397,365,Fine particles (PM 2.5),Mean,mcg/m3,CD,102,Greenwich Village and Soho (CD2),Summer 2021,06/01/2021,10.5,
170177,365,Fine particles (PM 2.5),Mean,mcg/m3,CD,202,Hunts Point and Longwood (CD2),Annual Average 2009,12/01/2008,11.64,
213944,365,Fine particles (PM 2.5),Mean,mcg/m3,CD,202,Hunts Point and Longwood (CD2),Summer 2014,06/01/2014,9.45,
170295,365,Fine particles (PM 2.5),Mean,mcg/m3,CD,202,Hunts Point and Longwood (CD2),Annual Average 2011,12/01/2010,11.47,
669588,365,Fine particles (PM 2.5),Mean,mcg/m3,CD,202,Hunts Point and Longwood (CD2),Annual Average 2020,01/01/2020,6.56,
170165,365,Fine particles (PM 2.5),Mean,mcg/m3,CD,102,Greenwich Village and Soho (CD2),Annual Average 2009,12/01/2008,12.82,
177858,365,Fine particles (PM 2.5),Mean,mcg/m3,UHF42,106,High Bridge - Morrisania,Summer 2011,06/01/2011,12.14,
410726,365,Fine particles (PM 2.5),Mean,mcg/m3,Borough,3,Manhattan,Winter 2015-16,12/01/2015,9.45,
410727,365,Fine particles (PM 2.5),Mean,mcg/m3,Borough,3,Manhattan,Summer 2016,06/01/2016,9.49,
177816,365,Fine particles (PM 2.5),Mean,mcg/m3,UHF42,106,High Bridge - Morrisania,Summer 2010,06/01/2010,12.66,
410751,365,Fine particles (PM 2.5),Mean,mcg/m3,UHF42,106,High Bridge - Morrisania,Summer 2016,06/01/2016,8.85,
410750,365,Fine particles (PM 2.5),Mean,mcg/m3,UHF42,106,High Bridge - Morrisania,Winter 2015-16,12/01/2015,8.71,
177270,365,Fine particles (PM 2.5),Mean,mcg/m3,UHF42,106,High Bridge - Morrisania,Winter 2011-12,12/01/2011,11.24,
547361,365,Fine particles (PM 2.5),Mean,mcg/m3,Borough,3,Manhattan,Winter 2016-17,12/01/2016,8.96,
547359,365,Fine particles (PM 2.5),Mean,mcg/m3,Borough,3,Manhattan,Summer 2017,06/01/2017,10.43,
412420,375,Nitrogen dioxide (NO2),Mean,ppb,Borough,3,Manhattan,Annual Average 2016,12/31/2015,24.35,
179360,375,Nitrogen dioxide (NO2),Mean,ppb,Borough,3,Manhattan,Summer 2012,06/01/2012,25.83,
667129,375,Nitrogen dioxide (NO2),Mean,ppb,UHF42,206,Borough Park,Annual Average 2020,01/01/2020,16,
179510,365,Fine particles (PM 2.5),Mean,mcg/m3,Borough,3,Manhattan,Winter 2011-12,12/01/2011,11.32,
605655,365,Fine particles (PM 2.5),Mean,mcg/m3,Borough,3,Manhattan,Summer 2018,06/01/2018,9.74,
177186,365,Fine particles (PM 2.5),Mean,mcg/m3,UHF42,106,High Bridge - Morrisania,Winter 2009-10,12/01/2009,12.17,
212925,365,Fine particles (PM 2.5),Mean,mcg/m3,UHF42,106,High Bridge - Morrisania,Annual Average 2014,12/01/2013,9.87,
170291,365,Fine particles (PM 2.5),Mean,mcg/m3,CD,110,Central Harlem (CD10),Annual Average 2011,12/01/2010,11.08,
170173,365,Fine particles (PM 2.5),Mean,mcg/m3,CD,110,Central Harlem (CD10),Annual Average 2009,12/01/2008,11.55,
213940,365,Fine particles (PM 2.5),Mean,mcg/m3,CD,110,Central Harlem (CD10),Summer 2014,06/01/2014,9.05,
212686,365,Fine particles (PM 2.5),Mean,mcg/m3,UHF42,301,Washington Heights,Winter 2013-14,12/01/2013,12.75,
605719,365,Fine particles (PM 2.5),Mean,mcg/m3,UHF42,301,Washington Heights,Winter 2017-18,12/01/2017,8.29,
669582,365,Fine particles (PM 2.5),Mean,mcg/m3,CD,112,Washington Heights and Inwood (CD12),Annual Average 2020,01/01/2020,6.28,
649923,365,Fine particles (PM 2.5),Mean,mcg/m3,CD,110,Central Harlem (CD10),Winter 2018-19,12/01/2018,7.55,
170171,365,Fine particles (PM 2.5),Mean,mcg/m3,CD,108,Upper East Side (CD8),Annual Average 2009,12/01/2008,12.91,
213938,365,Fine particles (PM 2.5),Mean,mcg/m3,CD,108,Upper East Side (CD8),Summer 2014,06/01/2014,10.46,
170289,365,Fine particles (PM 2.5),Mean,mcg/m3,CD,108,Upper East Side (CD8),Annual Average 2011,12/01/2010,12.13,
334204,365,Fine particles (PM 2.5),Mean,mcg/m3,CD,108,Upper East Side (CD8),Annual Average 2015,01/01/2015,10.22,
649917,365,Fine particles (PM 2.5),Mean,mcg/m3,CD,108,Upper East Side (CD8),Winter 2018-19,12/01/2018,9,
669570,365,Fine particles (PM 2.5),Mean,mcg/m3,CD,108,Upper East Side (CD8),Annual Average 2020,01/01/2020,6.73,
334216,365,Fine particles (PM 2.5),Mean,mcg/m3,CD,112,Washington Heights and Inwood (CD12),Annual Average 2015,01/01/2015,9.36,
605686,365,Fine particles (PM 2.5),Mean,mcg/m3,UHF42,201,Greenpoint,Winter 2017-18,12/01/2017,10.07,
212675,365,Fine particles (PM 2.5),Mean,mcg/m3,UHF42,201,Greenpoint,Winter 2013-14,12/01/2013,13.51,
649717,365,Fine particles (PM 2.5),Mean,mcg/m3,UHF42,301,Washington Heights,Annual Average 2019,01/01/2019,7.11,
177157,365,Fine particles (PM 2.5),Mean,mcg/m3,UHF42,301,Washington Heights,Winter 2008-09,12/01/2008,15.02,
177139,365,Fine particles (PM 2.5),Mean,mcg/m3,UHF42,101,Kingsbridge - Riverdale,Winter 2008-09,12/01/2008,14.66,
212668,365,Fine particles (PM 2.5),Mean,mcg/m3,UHF42,101,Kingsbridge - Riverdale,Winter 2013-14,12/01/2013,12.45,
649663,365,Fine particles (PM 2.5),Mean,mcg/m3,UHF42,101,Kingsbridge - Riverdale,Annual Average 2019,01/01/2019,6.71,
605665,365,Fine particles (PM 2.5),Mean,mcg/m3,UHF42,101,Kingsbridge - Riverdale,Winter 2017-18,12/01/2017,8,
334252,365,Fine particles (PM 2.5),Mean,mcg/m3,CD,212,Williamsbridge and Baychester (CD12),Annual Average 2015,01/01/2015,9.08,
649965,365,Fine particles (PM 2.5),Mean,mcg/m3,CD,212,Williamsbridge and Baychester (CD12),Winter 2018-19,12/01/2018,7.14,
170199,365,Fine particles (PM 2.5),Mean,mcg/m3,CD,312,Borough Park (CD12),Annual Average 2009,12/01/2008,10.3,
170317,365,Fine particles (PM 2.5),Mean,mcg/m3,CD,312,Borough Park (CD12),Annual Average 2011,12/01/2010,10.1,
213966,365,Fine particles (PM 2.5),Mean,mcg/m3,CD,312,Borough Park (CD12),Summer 2014,06/01/2014,8.63,
334288,365,Fine particles (PM 2.5),Mean,mcg/m3,CD,312,Borough Park (CD12),Annual Average 2015,01/01/2015,8.49,
176551,375,Nitrogen dioxide (NO2),Mean,ppb,UHF42,101,Kingsbridge - Riverdale,Annual Average 2010,12/01/2009,20.13,
175417,375,Nitrogen dioxide (NO2),Mean,ppb,UHF42,101,Kingsbridge - Riverdale,Winter 2012-13,12/01/2012,23.12,
667058,375,Nitrogen dioxide (NO2),Mean,ppb,UHF42,101,Kingsbridge - Riverdale,Winter 2019-20,12/01/2019,21.27,
643319,375,Nitrogen dioxide (NO2),Mean,ppb,UHF42,101,Kingsbridge - Riverdale,Summer 2019,06/01/2019,10.39,
742176,365,Fine particles (PM 2.5),Mean,mcg/m3,UHF42,105,Crotona -Tremont,Annual Average 2021,01/01/2021,6.79,
177227,365,Fine particles (PM 2.5),Mean,mcg/m3,UHF42,105,Crotona -Tremont,Winter 2010-11,12/01/2010,14.7,
177773,365,Fine particles (PM 2.5),Mean,mcg/m3,UHF42,105,Crotona -Tremont,Summer 2009,06/01/2009,11.33,
178571,365,Fine particles (PM 2.5),Mean,mcg/m3,UHF42,105,Crotona -Tremont,Annual Average 2013,12/01/2012,9.75,
179796,640,Boiler Emissions- Total SO2 Emissions,Number per km2,number,UHF42,105,Crotona -Tremont,2015,01/01/2015,8.8,
222536,386,Ozone (O3),Mean,ppb,UHF42,305,Upper East Side,Summer 2012,06/01/2012,29.24,
222429,386,Ozone (O3),Mean,ppb,UHF42,105,Crotona -Tremont,Summer 2013,06/01/2013,30.15,
222428,386,Ozone (O3),Mean,ppb,UHF42,105,Crotona -Tremont,Summer 2012,06/01/2012,33.42,
176056,375,Nitrogen dioxide (NO2),Mean,ppb,UHF42,203,Bedford Stuyvesant - Crown Heights,Summer 2013,06/01/2013,18.74,
412456,375,Nitrogen dioxide (NO2),Mean,ppb,UHF42,203,Bedford Stuyvesant - Crown Heights,Annual Average 2016,12/31/2015,20.2,
176049,375,Nitrogen dioxide (NO2),Mean,ppb,UHF42,103,Fordham - Bronx Pk,Summer 2013,06/01/2013,15.98,
176007,375,Nitrogen dioxide (NO2),Mean,ppb,UHF42,103,Fordham - Bronx Pk,Summer 2012,06/01/2012,17.13,
602714,375,Nitrogen dioxide (NO2),Mean,ppb,UHF42,105,Crotona -Tremont,Annual Average 2018,01/01/2018,19.76,
176051,375,Nitrogen dioxide (NO2),Mean,ppb,UHF42,105,Crotona -Tremont,Summer 2013,06/01/2013,18.85,
176009,375,Nitrogen dioxide (NO2),Mean,ppb,UHF42,105,Crotona -Tremont,Summer 2012,06/01/2012,19.41,
742403,365,Fine particles (PM 2.5),Mean,mcg/m3,CD,104,Clinton and Chelsea (CD4),Summer 2021,06/01/2021,10.02,
169461,365,Fine particles (PM 2.5),Mean,mcg/m3,CD,106,Stuyvesant Town and Turtle Bay (CD6),Summer 2012,06/01/2012,13.22,
410983,365,Fine particles (PM 2.5),Mean,mcg/m3,CD,106,Stuyvesant Town and Turtle Bay (CD6),Annual Average 2016,12/31/2015,10.21,
605909,365,Fine particles (PM 2.5),Mean,mcg/m3,CD,106,Stuyvesant Town and Turtle Bay (CD6),Annual Average 2018,01/01/2018,9.49,
742409,365,Fine particles (PM 2.5),Mean,mcg/m3,CD,106,Stuyvesant Town and Turtle Bay (CD6),Summer 2021,06/01/2021,9.77,
605981,365,Fine particles (PM 2.5),Mean,mcg/m3,CD,306,Park Slope and Carroll Gardens (CD6),Annual Average 2018,01/01/2018,7.96,
605951,365,Fine particles (PM 2.5),Mean,mcg/m3,CD,208,Riverdale and Fieldston (CD8),Annual Average 2018,01/01/2018,6.95,
742451,365,Fine particles (PM 2.5),Mean,mcg/m3,CD,208,Riverdale and Fieldston (CD8),Summer 2021,06/01/2021,8.68,
177815,365,Fine particles (PM 2.5),Mean,mcg/m3,UHF42,105,Crotona -Tremont,Summer 2010,06/01/2010,12.63,
412435,375,Nitrogen dioxide (NO2),Mean,ppb,UHF42,103,Fordham - Bronx Pk,Annual Average 2016,12/31/2015,17.93,
602708,375,Nitrogen dioxide (NO2),Mean,ppb,UHF42,103,Fordham - Bronx Pk,Annual Average 2018,01/01/2018,17.25,
740900,375,Nitrogen dioxide (NO2),Mean,ppb,UHF42,103,Fordham - Bronx Pk,Summer 2021,06/01/2021,12.15,
176520,375,Nitrogen dioxide (NO2),Mean,ppb,UHF42,205,Sunset Park,Annual Average 2009,12/01/2008,25.26,
176604,375,Nitrogen dioxide (NO2),Mean,ppb,UHF42,205,Sunset Park,Annual Average 2011,12/01/2010,23.86,
212427,375,Nitrogen dioxide (NO2),Mean,ppb,UHF42,205,Sunset Park,Summer 2014,06/01/2014,15.23,
336523,375,Nitrogen dioxide (NO2),Mean,ppb,UHF42,205,Sunset Park,Annual Average 2015,01/01/2015,19.71,
643353,375,Nitrogen dioxide (NO2),Mean,ppb,UHF42,205,Sunset Park,Winter 2018-19,12/01/2018,23.31,
212418,375,Nitrogen dioxide (NO2),Mean,ppb,UHF42,103,Fordham - Bronx Pk,Summer 2014,06/01/2014,15.79,
643359,375,Nitrogen dioxide (NO2),Mean,ppb,UHF42,207,East Flatbush - Flatbush,Winter 2018-19,12/01/2018,21.71,
176515,375,Nitrogen dioxide (NO2),Mean,ppb,UHF42,107,Hunts Point - Mott Haven,Annual Average 2009,12/01/2008,26.39,
176599,375,Nitrogen dioxide (NO2),Mean,ppb,UHF42,107,Hunts Point - Mott Haven,Annual Average 2011,12/01/2010,24.58,
336508,375,Nitrogen dioxide (NO2),Mean,ppb,UHF42,107,Hunts Point - Mott Haven,Annual Average 2015,01/01/2015,20.91,
667093,375,Nitrogen dioxide (NO2),Mean,ppb,UHF42,107,Hunts Point - Mott Haven,Annual Average 2020,01/01/2020,18.43,
211435,365,Fine particles (PM 2.5),Mean,mcg/m3,Borough,1,Bronx,Annual Average 2014,12/01/2013,9.27,
547356,365,Fine particles (PM 2.5),Mean,mcg/m3,Borough,2,Brooklyn,Summer 2017,06/01/2017,9.09,
547358,365,Fine particles (PM 2.5),Mean,mcg/m3,Borough,2,Brooklyn,Winter 2016-17,12/01/2016,7.94,
179509,365,Fine particles (PM 2.5),Mean,mcg/m3,Borough,2,Brooklyn,Winter 2011-12,12/01/2011,9.17,
179508,365,Fine particles (PM 2.5),Mean,mcg/m3,Borough,1,Bronx,Winter 2011-12,12/01/2011,9.93,
179498,365,Fine particles (PM 2.5),Mean,mcg/m3,Borough,1,Bronx,Winter 2009-10,12/01/2009,10.95,
212934,365,Fine particles (PM 2.5),Mean,mcg/m3,UHF42,208,Canarsie - Flatlands,Annual Average 2014,12/01/2013,8.48,
547410,365,Fine particles (PM 2.5),Mean,mcg/m3,UHF42,208,Canarsie - Flatlands,Summer 2017,06/01/2017,8.54,
605706,365,Fine particles (PM 2.5),Mean,mcg/m3,UHF42,208,Canarsie - Flatlands,Summer 2018,06/01/2018,8.05,
669794,365,Fine particles (PM 2.5),Mean,mcg/m3,UHF42,208,Canarsie - Flatlands,Summer 2020,06/01/2020,6.6,
547353,365,Fine particles (PM 2.5),Mean,mcg/m3,Borough,1,Bronx,Summer 2017,06/01/2017,9.58,
605649,365,Fine particles (PM 2.5),Mean,mcg/m3,Borough,1,Bronx,Summer 2018,06/01/2018,8.61,
605652,365,Fine particles (PM 2.5),Mean,mcg/m3,Borough,2,Brooklyn,Summer 2018,06/01/2018,8.41,
333939,365,Fine particles (PM 2.5),Mean,mcg/m3,Borough,1,Bronx,Winter 2014-15,12/01/2014,10.21,
547354,365,Fine particles (PM 2.5),Mean,mcg/m3,Borough,1,Bronx,Annual Average 2017,01/01/2017,7.72,
179568,365,Fine particles (PM 2.5),Mean,mcg/m3,Borough,1,Bronx,Summer 2009,06/01/2009,10.73,
742149,365,Fine particles (PM 2.5),Mean,mcg/m3,Borough,1,Bronx,Annual Average 2021,01/01/2021,6.64,
547357,365,Fine particles (PM 2.5),Mean,mcg/m3,Borough,2,Brooklyn,Annual Average 2017,01/01/2017,7.52,
179578,365,Fine particles (PM 2.5),Mean,mcg/m3,Borough,1,Bronx,Summer 2011,06/01/2011,11.66,
179428,375,Nitrogen dioxide (NO2),Mean,ppb,Borough,1,Bronx,Annual Average 2011,12/01/2010,22.73,
667027,375,Nitrogen dioxide (NO2),Mean,ppb,Borough,1,Bronx,Annual Average 2020,01/01/2020,17.1,
179418,375,Nitrogen dioxide (NO2),Mean,ppb,Borough,1,Bronx,Annual Average 2009,12/01/2008,24.52,
549373,386,Ozone (O3),Mean,ppb,UHF34,201,Greenpoint,Summer 2017,06/01/2017,28.98,
122144,386,Ozone (O3),Mean,ppb,UHF34,402,West Queens,2-Year Summer Average 2009-2010,06/01/2009,27.28,
549385,386,Ozone (O3),Mean,ppb,UHF34,302,Central Harlem - Morningside Heights,Summer 2017,06/01/2017,26.51,
605288,386,Ozone (O3),Mean,ppb,UHF34,302,Central Harlem - Morningside Heights,Summer 2018,06/01/2018,28.41,
670921,386,Ozone (O3),Mean,ppb,UHF34,302,Central Harlem - Morningside Heights,Summer 2020,06/01/2020,29.52,
122139,386,Ozone (O3),Mean,ppb,UHF34,301,Washington Heights,2-Year Summer Average 2009-2010,06/01/2009,25.92,
410777,365,Fine particles (PM 2.5),Mean,mcg/m3,UHF42,208,Canarsie - Flatlands,Winter 2015-16,12/01/2015,7.6,
410724,365,Fine particles (PM 2.5),Mean,mcg/m3,Borough,2,Brooklyn,Summer 2016,06/01/2016,8.32,
410723,365,Fine particles (PM 2.5),Mean,mcg/m3,Borough,2,Brooklyn,Winter 2015-16,12/01/2015,8.42,
"131409,657,Asthma emergency department visits due to PM2.5,Estimated annual rate (age 18+),""per 100,000 adults"",Borough,4,Queens,2009-2011,01/01/2009,23.1,"
651037,386,Ozone (O3),Mean,ppb,CD,315,Sheepshead Bay (CD15),Summer 2019,06/01/2019,33.29,
"629011,661,Asthma hospitalizations due to Ozone,Estimated annual rate (age 18+),""per 100,000 adults"",Borough,4,Queens,2015-2017,01/01/2015,2.6,"
"518646,661,Asthma hospitalizations due to Ozone,Estimated annual rate (age 18+),""per 100,000 adults"",Borough,4,Queens,2012-2014,01/02/2012,4,"
168430,365,Fine particles (PM 2.5),Mean,mcg/m3,CD,313,Coney Island (CD13),Winter 2008-09,12/01/2008,10.81,
213790,365,Fine particles (PM 2.5),Mean,mcg/m3,CD,313,Coney Island (CD13),Winter 2013-14,12/01/2013,11.03,
168432,365,Fine particles (PM 2.5),Mean,mcg/m3,CD,315,Sheepshead Bay (CD15),Winter 2008-09,12/01/2008,11.23,
213792,365,Fine particles (PM 2.5),Mean,mcg/m3,CD,315,Sheepshead Bay (CD15),Winter 2013-14,12/01/2013,11.02,
650008,365,Fine particles (PM 2.5),Mean,mcg/m3,CD,315,Sheepshead Bay (CD15),Annual Average 2019,01/01/2019,6.07,
179436,375,Nitrogen dioxide (NO2),Mean,ppb,Borough,4,Queens,Annual Average 2012,12/01/2011,19.41,
606010,365,Fine particles (PM 2.5),Mean,mcg/m3,CD,315,Sheepshead Bay (CD15),Winter 2017-18,12/01/2017,7.79,
179351,375,Nitrogen dioxide (NO2),Mean,ppb,Borough,4,Queens,Summer 2010,06/01/2010,17.42,
412422,375,Nitrogen dioxide (NO2),Mean,ppb,Borough,4,Queens,Summer 2016,06/01/2016,13.08,
740887,375,Nitrogen dioxide (NO2),Mean,ppb,Borough,4,Queens,Winter 2020-21,12/01/2020,20.73,
179356,375,Nitrogen dioxide (NO2),Mean,ppb,Borough,4,Queens,Summer 2011,06/01/2011,17.04,
"518838,651,Cardiovascular hospitalizations due to PM2.5 (age 40+),Estimated annual rate,""per 100,000 adults"",Borough,4,Queens,2012-2014,01/02/2012,11.06,"
179286,375,Nitrogen dioxide (NO2),Mean,ppb,Borough,4,Queens,Winter 2011-12,12/01/2011,22.62,
211393,375,Nitrogen dioxide (NO2),Mean,ppb,Borough,4,Queens,Annual Average 2014,12/01/2013,18.93,
549754,375,Nitrogen dioxide (NO2),Mean,ppb,Borough,4,Queens,Summer 2017,06/01/2017,13.42,
549756,375,Nitrogen dioxide (NO2),Mean,ppb,Borough,4,Queens,Winter 2016-17,12/01/2016,24.83,
602697,375,Nitrogen dioxide (NO2),Mean,ppb,Borough,4,Queens,Summer 2018,06/01/2018,12.52,
179496,365,Fine particles (PM 2.5),Mean,mcg/m3,Borough,4,Queens,Winter 2008-09,12/01/2008,12.56,
605659,365,Fine particles (PM 2.5),Mean,mcg/m3,Borough,4,Queens,Winter 2017-18,12/01/2017,7.88,
179571,365,Fine particles (PM 2.5),Mean,mcg/m3,Borough,4,Queens,Summer 2009,06/01/2009,10.27,
547363,365,Fine particles (PM 2.5),Mean,mcg/m3,Borough,4,Queens,Annual Average 2017,01/01/2017,7.19,
338170,386,Ozone (O3),Mean,ppb,Borough,4,Queens,Summer 2015,06/01/2015,32.36,
650920,386,Ozone (O3),Mean,ppb,Borough,4,Queens,Summer 2019,06/01/2019,32.18,
179291,375,Nitrogen dioxide (NO2),Mean,ppb,Borough,4,Queens,Winter 2012-13,12/01/2012,22.84,
179812,640,Boiler Emissions- Total SO2 Emissions,Number per km2,number,Borough,4,Queens,2015,01/01/2015,1.4,
179661,365,Fine particles (PM 2.5),Mean,mcg/m3,Borough,4,Queens,Annual Average 2012,12/01/2011,8.63,
643313,375,Nitrogen dioxide (NO2),Mean,ppb,Borough,4,Queens,Summer 2019,06/01/2019,13.06,
667046,375,Nitrogen dioxide (NO2),Mean,ppb,Borough,4,Queens,Winter 2019-20,12/01/2019,22.86,
179426,375,Nitrogen dioxide (NO2),Mean,ppb,Borough,4,Queens,Annual Average 2010,12/01/2009,21.01,
602696,375,Nitrogen dioxide (NO2),Mean,ppb,Borough,4,Queens,Annual Average 2018,01/01/2018,17.18,
410730,365,Fine particles (PM 2.5),Mean,mcg/m3,Borough,4,Queens,Summer 2016,06/01/2016,7.75,
412423,375,Nitrogen dioxide (NO2),Mean,ppb,Borough,4,Queens,Annual Average 2016,12/31/2015,17.65,
740888,375,Nitrogen dioxide (NO2),Mean,ppb,Borough,4,Queens,Summer 2021,06/01/2021,11.01,
179361,375,Nitrogen dioxide (NO2),Mean,ppb,Borough,4,Queens,Summer 2012,06/01/2012,15.84,
547385,365,Fine particles (PM 2.5),Mean,mcg/m3,UHF42,106,High Bridge - Morrisania,Winter 2016-17,12/01/2016,8.59,
547383,365,Fine particles (PM 2.5),Mean,mcg/m3,UHF42,106,High Bridge - Morrisania,Summer 2017,06/01/2017,10.13,
605679,365,Fine particles (PM 2.5),Mean,mcg/m3,UHF42,106,High Bridge - Morrisania,Summer 2018,06/01/2018,9.06,
669821,365,Fine particles (PM 2.5),Mean,mcg/m3,UHF42,106,High Bridge - Morrisania,Summer 2020,06/01/2020,7.24,
179500,365,Fine particles (PM 2.5),Mean,mcg/m3,Borough,3,Manhattan,Winter 2009-10,12/01/2009,11.98,
742155,365,Fine particles (PM 2.5),Mean,mcg/m3,Borough,3,Manhattan,Annual Average 2021,01/01/2021,7.41,
179580,365,Fine particles (PM 2.5),Mean,mcg/m3,Borough,3,Manhattan,Summer 2011,06/01/2011,12.86,
176525,375,Nitrogen dioxide (NO2),Mean,ppb,UHF42,210,Coney Island - Sheepshead Bay,Annual Average 2009,12/01/2008,19.9,
667147,375,Nitrogen dioxide (NO2),Mean,ppb,UHF42,209,Bensonhurst - Bay Ridge,Annual Average 2020,01/01/2020,14.81,
643365,375,Nitrogen dioxide (NO2),Mean,ppb,UHF42,209,Bensonhurst - Bay Ridge,Winter 2018-19,12/01/2018,20.53,
176609,375,Nitrogen dioxide (NO2),Mean,ppb,UHF42,210,Coney Island - Sheepshead Bay,Annual Average 2011,12/01/2010,18.98,
667087,375,Nitrogen dioxide (NO2),Mean,ppb,UHF42,106,High Bridge - Morrisania,Annual Average 2020,01/01/2020,18.92,
179430,375,Nitrogen dioxide (NO2),Mean,ppb,Borough,3,Manhattan,Annual Average 2011,12/01/2010,30.96,
176598,375,Nitrogen dioxide (NO2),Mean,ppb,UHF42,106,High Bridge - Morrisania,Annual Average 2011,12/01/2010,26.67,
176514,375,Nitrogen dioxide (NO2),Mean,ppb,UHF42,106,High Bridge - Morrisania,Annual Average 2009,12/01/2008,29.35,
122141,386,Ozone (O3),Mean,ppb,UHF34,303,East Harlem,2-Year Summer Average 2009-2010,06/01/2009,25.7,
549386,386,Ozone (O3),Mean,ppb,UHF34,303,East Harlem,Summer 2017,06/01/2017,26.91,
667353,375,Nitrogen dioxide (NO2),Mean,ppb,UHF34,204,East New York,Summer 2020,06/01/2020,10.42,
211763,375,Nitrogen dioxide (NO2),Mean,ppb,UHF34,204,East New York,Annual Average 2014,12/01/2013,19.75,
171667,375,Nitrogen dioxide (NO2),Mean,ppb,UHF34,203,Bedford Stuyvesant - Crown Heights,Winter 2011-12,12/01/2011,26.04,
211762,375,Nitrogen dioxide (NO2),Mean,ppb,UHF34,203,Bedford Stuyvesant - Crown Heights,Annual Average 2014,12/01/2013,21.75,
171596,375,Nitrogen dioxide (NO2),Mean,ppb,UHF34,104,Pelham - Throgs Neck,Winter 2009-10,12/01/2009,23.85,
171664,375,Nitrogen dioxide (NO2),Mean,ppb,UHF34,104,Pelham - Throgs Neck,Winter 2011-12,12/01/2011,22.44,
211759,375,Nitrogen dioxide (NO2),Mean,ppb,UHF34,104,Pelham - Throgs Neck,Annual Average 2014,12/01/2013,19.26,
602838,375,Nitrogen dioxide (NO2),Mean,ppb,UHF34,104,Pelham - Throgs Neck,Summer 2018,06/01/2018,12.84,
742153,365,Fine particles (PM 2.5),Mean,mcg/m3,Borough,3,Manhattan,Winter 2020-21,12/01/2020,7.46,
649655,365,Fine particles (PM 2.5),Mean,mcg/m3,Borough,3,Manhattan,Summer 2019,06/01/2019,9.44,
179515,365,Fine particles (PM 2.5),Mean,mcg/m3,Borough,3,Manhattan,Winter 2012-13,12/01/2012,12.83,
179650,365,Fine particles (PM 2.5),Mean,mcg/m3,Borough,3,Manhattan,Annual Average 2010,12/01/2009,11.61,
178446,365,Fine particles (PM 2.5),Mean,mcg/m3,UHF42,106,High Bridge - Morrisania,Annual Average 2010,12/01/2009,11,
333968,365,Fine particles (PM 2.5),Mean,mcg/m3,UHF42,106,High Bridge - Morrisania,Summer 2015,06/01/2015,10.27,
333944,365,Fine particles (PM 2.5),Mean,mcg/m3,Borough,3,Manhattan,Summer 2015,06/01/2015,10.79,
742208,365,Fine particles (PM 2.5),Mean,mcg/m3,UHF42,209,Bensonhurst - Bay Ridge,Summer 2021,06/01/2021,8.32,
177911,365,Fine particles (PM 2.5),Mean,mcg/m3,UHF42,210,Coney Island - Sheepshead Bay,Summer 2012,06/01/2012,9.89,
336496,375,Nitrogen dioxide (NO2),Mean,ppb,UHF42,103,Fordham - Bronx Pk,Annual Average 2015,01/01/2015,19.76,
667111,375,Nitrogen dioxide (NO2),Mean,ppb,UHF42,203,Bedford Stuyvesant - Crown Heights,Annual Average 2020,01/01/2020,17.1,
643347,375,Nitrogen dioxide (NO2),Mean,ppb,UHF42,203,Bedford Stuyvesant - Crown Heights,Winter 2018-19,12/01/2018,23.23,
336502,375,Nitrogen dioxide (NO2),Mean,ppb,UHF42,105,Crotona -Tremont,Annual Average 2015,01/01/2015,21.84,
547382,365,Fine particles (PM 2.5),Mean,mcg/m3,UHF42,105,Crotona -Tremont,Winter 2016-17,12/01/2016,8.63,
547380,365,Fine particles (PM 2.5),Mean,mcg/m3,UHF42,105,Crotona -Tremont,Summer 2017,06/01/2017,10.09,
605676,365,Fine particles (PM 2.5),Mean,mcg/m3,UHF42,105,Crotona -Tremont,Summer 2018,06/01/2018,8.89,
669824,365,Fine particles (PM 2.5),Mean,mcg/m3,UHF42,105,Crotona -Tremont,Summer 2020,06/01/2020,7.34,
177185,365,Fine particles (PM 2.5),Mean,mcg/m3,UHF42,105,Crotona -Tremont,Winter 2009-10,12/01/2009,12.21,
177269,365,Fine particles (PM 2.5),Mean,mcg/m3,UHF42,105,Crotona -Tremont,Winter 2011-12,12/01/2011,11.03,
177857,365,Fine particles (PM 2.5),Mean,mcg/m3,UHF42,105,Crotona -Tremont,Summer 2011,06/01/2011,12.13,
176602,375,Nitrogen dioxide (NO2),Mean,ppb,UHF42,203,Bedford Stuyvesant - Crown Heights,Annual Average 2011,12/01/2010,25.3,
212425,375,Nitrogen dioxide (NO2),Mean,ppb,UHF42,203,Bedford Stuyvesant - Crown Heights,Summer 2014,06/01/2014,16.51,
176518,375,Nitrogen dioxide (NO2),Mean,ppb,UHF42,203,Bedford Stuyvesant - Crown Heights,Annual Average 2009,12/01/2008,26.93,
336517,375,Nitrogen dioxide (NO2),Mean,ppb,UHF42,203,Bedford Stuyvesant - Crown Heights,Annual Average 2015,01/01/2015,20.83,
176511,375,Nitrogen dioxide (NO2),Mean,ppb,UHF42,103,Fordham - Bronx Pk,Annual Average 2009,12/01/2008,24.82,
176595,375,Nitrogen dioxide (NO2),Mean,ppb,UHF42,103,Fordham - Bronx Pk,Annual Average 2011,12/01/2010,22.61,
643332,375,Nitrogen dioxide (NO2),Mean,ppb,UHF42,105,Crotona -Tremont,Winter 2018-19,12/01/2018,22.62,
176597,375,Nitrogen dioxide (NO2),Mean,ppb,UHF42,105,Crotona -Tremont,Annual Average 2011,12/01/2010,25.57,
176513,375,Nitrogen dioxide (NO2),Mean,ppb,UHF42,105,Crotona -Tremont,Annual Average 2009,12/01/2008,28.07,
212420,375,Nitrogen dioxide (NO2),Mean,ppb,UHF42,105,Crotona -Tremont,Summer 2014,06/01/2014,17.79,
178529,365,Fine particles (PM 2.5),Mean,mcg/m3,UHF42,105,Crotona -Tremont,Annual Average 2012,12/01/2011,10.22,
333959,365,Fine particles (PM 2.5),Mean,mcg/m3,UHF42,103,Fordham - Bronx Pk,Summer 2015,06/01/2015,9.73,
649670,365,Fine particles (PM 2.5),Mean,mcg/m3,UHF42,103,Fordham - Bronx Pk,Summer 2019,06/01/2019,7.77,
669825,365,Fine particles (PM 2.5),Mean,mcg/m3,UHF42,105,Crotona -Tremont,Winter 2019-20,12/01/2019,7.37,
649676,365,Fine particles (PM 2.5),Mean,mcg/m3,UHF42,105,Crotona -Tremont,Summer 2019,06/01/2019,8.27,
178445,365,Fine particles (PM 2.5),Mean,mcg/m3,UHF42,105,Crotona -Tremont,Annual Average 2010,12/01/2009,10.99,
177311,365,Fine particles (PM 2.5),Mean,mcg/m3,UHF42,105,Crotona -Tremont,Winter 2012-13,12/01/2012,12.08,
177946,365,Fine particles (PM 2.5),Mean,mcg/m3,UHF42,203,Bedford Stuyvesant - Crown Heights,Summer 2013,06/01/2013,10.32,
177904,365,Fine particles (PM 2.5),Mean,mcg/m3,UHF42,203,Bedford Stuyvesant - Crown Heights,Summer 2012,06/01/2012,10.41,
410764,365,Fine particles (PM 2.5),Mean,mcg/m3,UHF42,203,Bedford Stuyvesant - Crown Heights,Annual Average 2016,12/31/2015,7.94,
177897,365,Fine particles (PM 2.5),Mean,mcg/m3,UHF42,103,Fordham - Bronx Pk,Summer 2012,06/01/2012,10.35,
742164,365,Fine particles (PM 2.5),Mean,mcg/m3,UHF42,101,Kingsbridge - Riverdale,Annual Average 2021,01/01/2021,6.57,
130397,640,Boiler Emissions- Total SO2 Emissions,Number per km2,number,UHF42,101,Kingsbridge - Riverdale,2013,01/01/2013,17.6,
176005,375,Nitrogen dioxide (NO2),Mean,ppb,UHF42,101,Kingsbridge - Riverdale,Summer 2012,06/01/2012,14.76,
602702,375,Nitrogen dioxide (NO2),Mean,ppb,UHF42,101,Kingsbridge - Riverdale,Annual Average 2018,01/01/2018,15.77,
176611,375,Nitrogen dioxide (NO2),Mean,ppb,UHF42,301,Washington Heights,Annual Average 2011,12/01/2010,25.56,
176527,375,Nitrogen dioxide (NO2),Mean,ppb,UHF42,301,Washington Heights,Annual Average 2009,12/01/2008,28.5,
605927,365,Fine particles (PM 2.5),Mean,mcg/m3,CD,112,Washington Heights and Inwood (CD12),Annual Average 2018,01/01/2018,7.32,
742162,365,Fine particles (PM 2.5),Mean,mcg/m3,UHF42,101,Kingsbridge - Riverdale,Winter 2020-21,12/01/2020,6.37,
740894,375,Nitrogen dioxide (NO2),Mean,ppb,UHF42,101,Kingsbridge - Riverdale,Summer 2021,06/01/2021,10.78,
336511,375,Nitrogen dioxide (NO2),Mean,ppb,UHF42,201,Greenpoint,Annual Average 2015,01/01/2015,21.69,
176600,375,Nitrogen dioxide (NO2),Mean,ppb,UHF42,201,Greenpoint,Annual Average 2011,12/01/2010,25.84,
176516,375,Nitrogen dioxide (NO2),Mean,ppb,UHF42,201,Greenpoint,Annual Average 2009,12/01/2008,26.95,
176509,375,Nitrogen dioxide (NO2),Mean,ppb,UHF42,101,Kingsbridge - Riverdale,Annual Average 2009,12/01/2008,23.2,
212416,375,Nitrogen dioxide (NO2),Mean,ppb,UHF42,101,Kingsbridge - Riverdale,Summer 2014,06/01/2014,13.55,
336490,375,Nitrogen dioxide (NO2),Mean,ppb,UHF42,101,Kingsbridge - Riverdale,Annual Average 2015,01/01/2015,17.82,
667057,375,Nitrogen dioxide (NO2),Mean,ppb,UHF42,101,Kingsbridge - Riverdale,Annual Average 2020,01/01/2020,15.9,
549383,386,Ozone (O3),Mean,ppb,UHF34,211,Williamsburg - Bushwick,Summer 2017,06/01/2017,29.33,
605286,386,Ozone (O3),Mean,ppb,UHF34,211,Williamsburg - Bushwick,Summer 2018,06/01/2018,29.64,
649664,365,Fine particles (PM 2.5),Mean,mcg/m3,UHF42,101,Kingsbridge - Riverdale,Summer 2019,06/01/2019,7.78,
669837,365,Fine particles (PM 2.5),Mean,mcg/m3,UHF42,101,Kingsbridge - Riverdale,Winter 2019-20,12/01/2019,6.37,
177895,365,Fine particles (PM 2.5),Mean,mcg/m3,UHF42,101,Kingsbridge - Riverdale,Summer 2012,06/01/2012,10.15,
177937,365,Fine particles (PM 2.5),Mean,mcg/m3,UHF42,101,Kingsbridge - Riverdale,Summer 2013,06/01/2013,10.01,
410737,365,Fine particles (PM 2.5),Mean,mcg/m3,UHF42,101,Kingsbridge - Riverdale,Annual Average 2016,12/31/2015,7.5,
178490,365,Fine particles (PM 2.5),Mean,mcg/m3,UHF42,201,Greenpoint,Annual Average 2011,12/01/2010,11.51,
212812,365,Fine particles (PM 2.5),Mean,mcg/m3,UHF42,301,Washington Heights,Summer 2014,06/01/2014,8.88,
171605,375,Nitrogen dioxide (NO2),Mean,ppb,UHF34,209,Bensonhurst - Bay Ridge,Winter 2009-10,12/01/2009,26.54,
211768,375,Nitrogen dioxide (NO2),Mean,ppb,UHF34,209,Bensonhurst - Bay Ridge,Annual Average 2014,12/01/2013,19.1,
549922,375,Nitrogen dioxide (NO2),Mean,ppb,UHF34,209,Bensonhurst - Bay Ridge,Summer 2017,06/01/2017,12.75,
670923,386,Ozone (O3),Mean,ppb,UHF34,211,Williamsburg - Bushwick,Summer 2020,06/01/2020,29.38,
669817,365,Fine particles (PM 2.5),Mean,mcg/m3,UHF42,201,Greenpoint,Annual Average 2020,01/01/2020,7.04,
649686,365,Fine particles (PM 2.5),Mean,mcg/m3,UHF42,201,Greenpoint,Winter 2018-19,12/01/2018,9.24,
178406,365,Fine particles (PM 2.5),Mean,mcg/m3,UHF42,201,Greenpoint,Annual Average 2009,12/01/2008,11.93,
212801,365,Fine particles (PM 2.5),Mean,mcg/m3,UHF42,201,Greenpoint,Summer 2014,06/01/2014,10.37,
179573,365,Fine particles (PM 2.5),Mean,mcg/m3,Borough,1,Bronx,Summer 2010,06/01/2010,12.12,
179659,365,Fine particles (PM 2.5),Mean,mcg/m3,Borough,2,Brooklyn,Annual Average 2012,12/01/2011,9.02,
179658,365,Fine particles (PM 2.5),Mean,mcg/m3,Borough,1,Bronx,Annual Average 2012,12/01/2011,9.54,
669852,365,Fine particles (PM 2.5),Mean,mcg/m3,Borough,1,Bronx,Winter 2019-20,12/01/2019,7.02,
179513,365,Fine particles (PM 2.5),Mean,mcg/m3,Borough,1,Bronx,Winter 2012-13,12/01/2012,11.16,
669849,365,Fine particles (PM 2.5),Mean,mcg/m3,Borough,2,Brooklyn,Winter 2019-20,12/01/2019,7.62,
649652,365,Fine particles (PM 2.5),Mean,mcg/m3,Borough,2,Brooklyn,Summer 2019,06/01/2019,8.19,
179514,365,Fine particles (PM 2.5),Mean,mcg/m3,Borough,2,Brooklyn,Winter 2012-13,12/01/2012,10.33,
179648,365,Fine particles (PM 2.5),Mean,mcg/m3,Borough,1,Bronx,Annual Average 2010,12/01/2009,10.14,
649649,365,Fine particles (PM 2.5),Mean,mcg/m3,Borough,1,Bronx,Summer 2019,06/01/2019,7.99,
333995,365,Fine particles (PM 2.5),Mean,mcg/m3,UHF42,208,Canarsie - Flatlands,Summer 2015,06/01/2015,8.97,
649706,365,Fine particles (PM 2.5),Mean,mcg/m3,UHF42,208,Canarsie - Flatlands,Summer 2019,06/01/2019,7.71,
669795,365,Fine particles (PM 2.5),Mean,mcg/m3,UHF42,208,Canarsie - Flatlands,Winter 2019-20,12/01/2019,6.85,
333941,365,Fine particles (PM 2.5),Mean,mcg/m3,Borough,2,Brooklyn,Summer 2015,06/01/2015,9.46,
742181,365,Fine particles (PM 2.5),Mean,mcg/m3,UHF42,107,Hunts Point - Mott Haven,Summer 2021,06/01/2021,8.97,
333991,365,Fine particles (PM 2.5),Mean,mcg/m3,UHF42,207,East Flatbush - Flatbush,Annual Average 2015,01/01/2015,8.59,
212807,365,Fine particles (PM 2.5),Mean,mcg/m3,UHF42,207,East Flatbush - Flatbush,Summer 2014,06/01/2014,8.74,
649704,365,Fine particles (PM 2.5),Mean,mcg/m3,UHF42,207,East Flatbush - Flatbush,Winter 2018-19,12/01/2018,6.91,
669799,365,Fine particles (PM 2.5),Mean,mcg/m3,UHF42,207,East Flatbush - Flatbush,Annual Average 2020,01/01/2020,5.97,
171666,375,Nitrogen dioxide (NO2),Mean,ppb,UHF34,202,Downtown - Heights - Slope,Winter 2011-12,12/01/2011,27.09,
211761,375,Nitrogen dioxide (NO2),Mean,ppb,UHF34,202,Downtown - Heights - Slope,Annual Average 2014,12/01/2013,22.67,
549901,375,Nitrogen dioxide (NO2),Mean,ppb,UHF34,202,Downtown - Heights - Slope,Summer 2017,06/01/2017,16.62,
667341,375,Nitrogen dioxide (NO2),Mean,ppb,UHF34,202,Downtown - Heights - Slope,Summer 2020,06/01/2020,12.96,
171594,375,Nitrogen dioxide (NO2),Mean,ppb,UHF34,102,Northeast Bronx,Winter 2009-10,12/01/2009,22.66,
171662,375,Nitrogen dioxide (NO2),Mean,ppb,UHF34,102,Northeast Bronx,Winter 2011-12,12/01/2011,22.15,
549891,375,Nitrogen dioxide (NO2),Mean,ppb,UHF34,102,Northeast Bronx,Winter 2016-17,12/01/2016,26.39,
667317,375,Nitrogen dioxide (NO2),Mean,ppb,UHF34,102,Northeast Bronx,Summer 2020,06/01/2020,13,
171593,375,Nitrogen dioxide (NO2),Mean,ppb,UHF34,101,Kingsbridge - Riverdale,Winter 2009-10,12/01/2009,21.38,
171661,375,Nitrogen dioxide (NO2),Mean,ppb,UHF34,101,Kingsbridge - Riverdale,Winter 2011-12,12/01/2011,21.85,
211756,375,Nitrogen dioxide (NO2),Mean,ppb,UHF34,101,Kingsbridge - Riverdale,Annual Average 2014,12/01/2013,17.1,
549888,375,Nitrogen dioxide (NO2),Mean,ppb,UHF34,101,Kingsbridge - Riverdale,Winter 2016-17,12/01/2016,24.27,
667311,375,Nitrogen dioxide (NO2),Mean,ppb,UHF34,101,Kingsbridge - Riverdale,Summer 2020,06/01/2020,12.22,
221888,386,Ozone (O3),Mean,ppb,UHF34,302,Central Harlem - Morningside Heights,Summer 2012,06/01/2012,31.71,
221889,386,Ozone (O3),Mean,ppb,UHF34,302,Central Harlem - Morningside Heights,Summer 2013,06/01/2013,28.4,
177953,365,Fine particles (PM 2.5),Mean,mcg/m3,UHF42,210,Coney Island - Sheepshead Bay,Summer 2013,06/01/2013,9.71,
667329,375,Nitrogen dioxide (NO2),Mean,ppb,UHF34,104,Pelham - Throgs Neck,Summer 2020,06/01/2020,12.14,
549906,375,Nitrogen dioxide (NO2),Mean,ppb,UHF34,203,Bedford Stuyvesant - Crown Heights,Winter 2016-17,12/01/2016,26.17,
667347,375,Nitrogen dioxide (NO2),Mean,ppb,UHF34,203,Bedford Stuyvesant - Crown Heights,Summer 2020,06/01/2020,11.59,
549909,375,Nitrogen dioxide (NO2),Mean,ppb,UHF34,204,East New York,Winter 2016-17,12/01/2016,24.86,
549375,386,Ozone (O3),Mean,ppb,UHF34,203,Bedford Stuyvesant - Crown Heights,Summer 2017,06/01/2017,29.39,
605278,386,Ozone (O3),Mean,ppb,UHF34,203,Bedford Stuyvesant - Crown Heights,Summer 2018,06/01/2018,30.2,
549376,386,Ozone (O3),Mean,ppb,UHF34,204,East New York,Summer 2017,06/01/2017,30.9,
605279,386,Ozone (O3),Mean,ppb,UHF34,204,East New York,Summer 2018,06/01/2018,31.71,
221894,386,Ozone (O3),Mean,ppb,UHF34,303,East Harlem,Summer 2012,06/01/2012,32.25,
743667,386,Ozone (O3),Mean,ppb,UHF34,303,East Harlem,Summer 2021,06/01/2021,28.36,
602849,375,Nitrogen dioxide (NO2),Mean,ppb,UHF34,204,East New York,Annual Average 2018,01/01/2018,17.56,
741041,375,Nitrogen dioxide (NO2),Mean,ppb,UHF34,204,East New York,Summer 2021,06/01/2021,10.79,
412576,375,Nitrogen dioxide (NO2),Mean,ppb,UHF34,204,East New York,Annual Average 2016,12/31/2015,18.26,
412573,375,Nitrogen dioxide (NO2),Mean,ppb,UHF34,203,Bedford Stuyvesant - Crown Heights,Annual Average 2016,12/31/2015,20.2,
172174,375,Nitrogen dioxide (NO2),Mean,ppb,UHF34,104,Pelham - Throgs Neck,Summer 2012,06/01/2012,16.09,
412564,375,Nitrogen dioxide (NO2),Mean,ppb,UHF34,104,Pelham - Throgs Neck,Annual Average 2016,12/31/2015,17.92,
602837,375,Nitrogen dioxide (NO2),Mean,ppb,UHF34,104,Pelham - Throgs Neck,Annual Average 2018,01/01/2018,16.89,
741029,375,Nitrogen dioxide (NO2),Mean,ppb,UHF34,104,Pelham - Throgs Neck,Summer 2021,06/01/2021,12.32,
178509,365,Fine particles (PM 2.5),Mean,mcg/m3,UHF42,309,Union Square - Lower East Side,Annual Average 2011,12/01/2010,11.44,
178498,365,Fine particles (PM 2.5),Mean,mcg/m3,UHF42,209,Bensonhurst - Bay Ridge,Annual Average 2011,12/01/2010,9.78,
178414,365,Fine particles (PM 2.5),Mean,mcg/m3,UHF42,209,Bensonhurst - Bay Ridge,Annual Average 2009,12/01/2008,9.91,
333997,365,Fine particles (PM 2.5),Mean,mcg/m3,UHF42,209,Bensonhurst - Bay Ridge,Annual Average 2015,01/01/2015,8.13,
212810,365,Fine particles (PM 2.5),Mean,mcg/m3,UHF42,210,Coney Island - Sheepshead Bay,Summer 2014,06/01/2014,7.99,
177900,365,Fine particles (PM 2.5),Mean,mcg/m3,UHF42,106,High Bridge - Morrisania,Summer 2012,06/01/2012,11.03,
410728,365,Fine particles (PM 2.5),Mean,mcg/m3,Borough,3,Manhattan,Annual Average 2016,12/31/2015,8.97,
605654,365,Fine particles (PM 2.5),Mean,mcg/m3,Borough,3,Manhattan,Annual Average 2018,01/01/2018,8.46,
179585,365,Fine particles (PM 2.5),Mean,mcg/m3,Borough,3,Manhattan,Summer 2012,06/01/2012,11.85,
177942,365,Fine particles (PM 2.5),Mean,mcg/m3,UHF42,106,High Bridge - Morrisania,Summer 2013,06/01/2013,10.95,
410752,365,Fine particles (PM 2.5),Mean,mcg/m3,UHF42,106,High Bridge - Morrisania,Annual Average 2016,12/31/2015,8.16,
605678,365,Fine particles (PM 2.5),Mean,mcg/m3,UHF42,106,High Bridge - Morrisania,Annual Average 2018,01/01/2018,7.68,
743678,386,Ozone (O3),Mean,ppb,UHF34,203,Bedford Stuyvesant - Crown Heights,Summer 2021,06/01/2021,30.3,
221835,386,Ozone (O3),Mean,ppb,UHF34,204,East New York,Summer 2013,06/01/2013,31.51,
221834,386,Ozone (O3),Mean,ppb,UHF34,204,East New York,Summer 2012,06/01/2012,33.97,
172209,375,Nitrogen dioxide (NO2),Mean,ppb,UHF34,201,Greenpoint,Summer 2013,06/01/2013,18.89,
172175,375,Nitrogen dioxide (NO2),Mean,ppb,UHF34,201,Greenpoint,Summer 2012,06/01/2012,19.39,
178489,365,Fine particles (PM 2.5),Mean,mcg/m3,UHF42,107,Hunts Point - Mott Haven,Annual Average 2011,12/01/2010,11.24,
212800,365,Fine particles (PM 2.5),Mean,mcg/m3,UHF42,107,Hunts Point - Mott Haven,Summer 2014,06/01/2014,7.64,
333970,365,Fine particles (PM 2.5),Mean,mcg/m3,UHF42,107,Hunts Point - Mott Haven,Annual Average 2015,01/01/2015,9.62,
669820,365,Fine particles (PM 2.5),Mean,mcg/m3,UHF42,107,Hunts Point - Mott Haven,Annual Average 2020,01/01/2020,6.36,
178497,365,Fine particles (PM 2.5),Mean,mcg/m3,UHF42,208,Canarsie - Flatlands,Annual Average 2011,12/01/2010,9.55,
605651,365,Fine particles (PM 2.5),Mean,mcg/m3,Borough,2,Brooklyn,Annual Average 2018,01/01/2018,7.19,
179588,365,Fine particles (PM 2.5),Mean,mcg/m3,Borough,1,Bronx,Summer 2013,06/01/2013,10.44,
605648,365,Fine particles (PM 2.5),Mean,mcg/m3,Borough,1,Bronx,Annual Average 2018,01/01/2018,7.25,
179589,365,Fine particles (PM 2.5),Mean,mcg/m3,Borough,2,Brooklyn,Summer 2013,06/01/2013,10.27,
179584,365,Fine particles (PM 2.5),Mean,mcg/m3,Borough,2,Brooklyn,Summer 2012,06/01/2012,10.42,
177909,365,Fine particles (PM 2.5),Mean,mcg/m3,UHF42,208,Canarsie - Flatlands,Summer 2012,06/01/2012,9.95,
221882,386,Ozone (O3),Mean,ppb,UHF34,301,Washington Heights,Summer 2012,06/01/2012,32.66,
221883,386,Ozone (O3),Mean,ppb,UHF34,301,Washington Heights,Summer 2013,06/01/2013,29.34,
743680,386,Ozone (O3),Mean,ppb,UHF34,201,Greenpoint,Summer 2021,06/01/2021,27.79,
221816,386,Ozone (O3),Mean,ppb,UHF34,201,Greenpoint,Summer 2012,06/01/2012,32.73,
221817,386,Ozone (O3),Mean,ppb,UHF34,201,Greenpoint,Summer 2013,06/01/2013,29.77,
221799,386,Ozone (O3),Mean,ppb,UHF34,102,Northeast Bronx,Summer 2013,06/01/2013,31.68,
221798,386,Ozone (O3),Mean,ppb,UHF34,102,Northeast Bronx,Summer 2012,06/01/2012,35.09,
743683,386,Ozone (O3),Mean,ppb,UHF34,102,Northeast Bronx,Summer 2021,06/01/2021,30.37,
221793,386,Ozone (O3),Mean,ppb,UHF34,101,Kingsbridge - Riverdale,Summer 2013,06/01/2013,30.37,
743684,386,Ozone (O3),Mean,ppb,UHF34,101,Kingsbridge - Riverdale,Summer 2021,06/01/2021,29,
221822,386,Ozone (O3),Mean,ppb,UHF34,202,Downtown - Heights - Slope,Summer 2012,06/01/2012,30.66,
221823,386,Ozone (O3),Mean,ppb,UHF34,202,Downtown - Heights - Slope,Summer 2013,06/01/2013,28.04,
743679,386,Ozone (O3),Mean,ppb,UHF34,202,Downtown - Heights - Slope,Summer 2021,06/01/2021,28.7,
171710,375,Nitrogen dioxide (NO2),Mean,ppb,UHF34,301,Washington Heights,Winter 2012-13,12/01/2012,27.68,
172628,375,Nitrogen dioxide (NO2),Mean,ppb,UHF34,301,Washington Heights,Annual Average 2010,12/01/2009,25.21,
336662,375,Nitrogen dioxide (NO2),Mean,ppb,UHF34,301,Washington Heights,Summer 2015,06/01/2015,17.27,
643457,375,Nitrogen dioxide (NO2),Mean,ppb,UHF34,201,Greenpoint,Summer 2019,06/01/2019,19.22,
338230,386,Ozone (O3),Mean,ppb,UHF34,302,Central Harlem - Morningside Heights,Summer 2015,06/01/2015,28.98,
338229,386,Ozone (O3),Mean,ppb,UHF34,301,Washington Heights,Summer 2015,06/01/2015,28.95,
171699,375,Nitrogen dioxide (NO2),Mean,ppb,UHF34,201,Greenpoint,Winter 2012-13,12/01/2012,27.66,
171581,375,Nitrogen dioxide (NO2),Mean,ppb,UHF34,405,Ridgewood - Forest Hills,Winter 2008-09,12/01/2008,29.88,
171579,375,Nitrogen dioxide (NO2),Mean,ppb,UHF34,402,West Queens,Winter 2008-09,12/01/2008,31.11,
211572,375,Nitrogen dioxide (NO2),Mean,ppb,UHF34,402,West Queens,Winter 2013-14,12/01/2013,29.51,
221810,386,Ozone (O3),Mean,ppb,UHF34,104,Pelham - Throgs Neck,Summer 2012,06/01/2012,35.44,
221811,386,Ozone (O3),Mean,ppb,UHF34,104,Pelham - Throgs Neck,Summer 2013,06/01/2013,32.06,
743681,386,Ozone (O3),Mean,ppb,UHF34,104,Pelham - Throgs Neck,Summer 2021,06/01/2021,30.29,
743682,386,Ozone (O3),Mean,ppb,UHF34,103,Fordham - Bronx Pk,Summer 2021,06/01/2021,30,
221900,386,Ozone (O3),Mean,ppb,UHF34,304,Upper West Side,Summer 2012,06/01/2012,30.17,
221901,386,Ozone (O3),Mean,ppb,UHF34,304,Upper West Side,Summer 2013,06/01/2013,26.93,
336671,375,Nitrogen dioxide (NO2),Mean,ppb,UHF34,304,Upper West Side,Summer 2015,06/01/2015,19.79,
643499,375,Nitrogen dioxide (NO2),Mean,ppb,UHF34,304,Upper West Side,Summer 2019,06/01/2019,18.84,
338231,386,Ozone (O3),Mean,ppb,UHF34,303,East Harlem,Summer 2015,06/01/2015,29.58,
650981,386,Ozone (O3),Mean,ppb,UHF34,303,East Harlem,Summer 2019,06/01/2019,27.51,
602911,375,Nitrogen dioxide (NO2),Mean,ppb,UHF34,305307,Upper East Side-Gramercy,Winter 2017-18,12/01/2017,30.67,
643525,375,Nitrogen dioxide (NO2),Mean,ppb,UHF34,305307,Upper East Side-Gramercy,Annual Average 2019,01/01/2019,24.05,
171586,375,Nitrogen dioxide (NO2),Mean,ppb,UHF34,305307,Upper East Side-Gramercy,Winter 2008-09,12/01/2008,42.78,
211580,375,Nitrogen dioxide (NO2),Mean,ppb,UHF34,306308,Chelsea-Village,Winter 2013-14,12/01/2013,35.91,
643528,375,Nitrogen dioxide (NO2),Mean,ppb,UHF34,306308,Chelsea-Village,Annual Average 2019,01/01/2019,25.2,
602914,375,Nitrogen dioxide (NO2),Mean,ppb,UHF34,306308,Chelsea-Village,Winter 2017-18,12/01/2017,31.14,
211579,375,Nitrogen dioxide (NO2),Mean,ppb,UHF34,305307,Upper East Side-Gramercy,Winter 2013-14,12/01/2013,36.2,
171580,375,Nitrogen dioxide (NO2),Mean,ppb,UHF34,403,Flushing - Clearview,Winter 2008-09,12/01/2008,27.65,
602893,375,Nitrogen dioxide (NO2),Mean,ppb,UHF34,403,Flushing - Clearview,Winter 2017-18,12/01/2017,24.42,
643507,375,Nitrogen dioxide (NO2),Mean,ppb,UHF34,403,Flushing - Clearview,Annual Average 2019,01/01/2019,16.26,
221915,386,Ozone (O3),Mean,ppb,UHF34,403,Flushing - Clearview,Summer 2009,06/01/2009,26.29,
336636,375,Nitrogen dioxide (NO2),Mean,ppb,UHF34,203,Bedford Stuyvesant - Crown Heights,Winter 2014-15,12/01/2014,26.39,
549905,375,Nitrogen dioxide (NO2),Mean,ppb,UHF34,203,Bedford Stuyvesant - Crown Heights,Annual Average 2017,01/01/2017,20.08,
669793,365,Fine particles (PM 2.5),Mean,mcg/m3,UHF42,209,Bensonhurst - Bay Ridge,Annual Average 2020,01/01/2020,5.93,
649710,365,Fine particles (PM 2.5),Mean,mcg/m3,UHF42,209,Bensonhurst - Bay Ridge,Winter 2018-19,12/01/2018,6.85,
178499,365,Fine particles (PM 2.5),Mean,mcg/m3,UHF42,210,Coney Island - Sheepshead Bay,Annual Average 2011,12/01/2010,9.44,
179655,365,Fine particles (PM 2.5),Mean,mcg/m3,Borough,3,Manhattan,Annual Average 2011,12/01/2010,11.94,
742154,365,Fine particles (PM 2.5),Mean,mcg/m3,Borough,3,Manhattan,Summer 2021,06/01/2021,9.36,
173704,365,Fine particles (PM 2.5),Mean,mcg/m3,UHF34,104,Pelham - Throgs Neck,Summer 2012,06/01/2012,10.29,
173738,365,Fine particles (PM 2.5),Mean,mcg/m3,UHF34,104,Pelham - Throgs Neck,Summer 2013,06/01/2013,10.26,
410872,365,Fine particles (PM 2.5),Mean,mcg/m3,UHF34,104,Pelham - Throgs Neck,Annual Average 2016,12/31/2015,7.5,
174149,365,Fine particles (PM 2.5),Mean,mcg/m3,UHF34,203,Bedford Stuyvesant - Crown Heights,Annual Average 2010,12/01/2009,9.93,
334097,365,Fine particles (PM 2.5),Mean,mcg/m3,UHF34,203,Bedford Stuyvesant - Crown Heights,Summer 2015,06/01/2015,9.49,
669690,365,Fine particles (PM 2.5),Mean,mcg/m3,UHF34,204,East New York,Winter 2019-20,12/01/2019,7.4,
602890,375,Nitrogen dioxide (NO2),Mean,ppb,UHF34,402,West Queens,Winter 2017-18,12/01/2017,26.84,
643504,375,Nitrogen dioxide (NO2),Mean,ppb,UHF34,402,West Queens,Annual Average 2019,01/01/2019,18.67,
211574,375,Nitrogen dioxide (NO2),Mean,ppb,UHF34,405,Ridgewood - Forest Hills,Winter 2013-14,12/01/2013,27.94,
602896,375,Nitrogen dioxide (NO2),Mean,ppb,UHF34,405,Ridgewood - Forest Hills,Winter 2017-18,12/01/2017,25.21,
643510,375,Nitrogen dioxide (NO2),Mean,ppb,UHF34,405,Ridgewood - Forest Hills,Annual Average 2019,01/01/2019,16.24,
221909,386,Ozone (O3),Mean,ppb,UHF34,402,West Queens,Summer 2009,06/01/2009,25.7,
221813,386,Ozone (O3),Mean,ppb,UHF34,201,Greenpoint,Summer 2009,06/01/2009,25.56,
177951,365,Fine particles (PM 2.5),Mean,mcg/m3,UHF42,208,Canarsie - Flatlands,Summer 2013,06/01/2013,9.85,
605705,365,Fine particles (PM 2.5),Mean,mcg/m3,UHF42,208,Canarsie - Flatlands,Annual Average 2018,01/01/2018,6.7,
179583,365,Fine particles (PM 2.5),Mean,mcg/m3,Borough,1,Bronx,Summer 2012,06/01/2012,10.51,
742148,365,Fine particles (PM 2.5),Mean,mcg/m3,Borough,1,Bronx,Summer 2021,06/01/2021,8.64,
410725,365,Fine particles (PM 2.5),Mean,mcg/m3,Borough,2,Brooklyn,Annual Average 2016,12/31/2015,7.76,
742151,365,Fine particles (PM 2.5),Mean,mcg/m3,Borough,2,Brooklyn,Summer 2021,06/01/2021,8.49,
174147,365,Fine particles (PM 2.5),Mean,mcg/m3,UHF34,201,Greenpoint,Annual Average 2010,12/01/2009,10.57,
173229,365,Fine particles (PM 2.5),Mean,mcg/m3,UHF34,201,Greenpoint,Winter 2012-13,12/01/2012,11.63,
174158,365,Fine particles (PM 2.5),Mean,mcg/m3,UHF34,301,Washington Heights,Annual Average 2010,12/01/2009,10.71,
173240,365,Fine particles (PM 2.5),Mean,mcg/m3,UHF34,301,Washington Heights,Winter 2012-13,12/01/2012,12.09,
172074,375,Nitrogen dioxide (NO2),Mean,ppb,UHF34,202,Downtown - Heights - Slope,Summer 2009,06/01/2009,25.21,
172720,375,Nitrogen dioxide (NO2),Mean,ppb,UHF34,202,Downtown - Heights - Slope,Annual Average 2013,12/01/2012,23.41,
336633,375,Nitrogen dioxide (NO2),Mean,ppb,UHF34,202,Downtown - Heights - Slope,Winter 2014-15,12/01/2014,27.03,
741036,375,Nitrogen dioxide (NO2),Mean,ppb,UHF34,202,Downtown - Heights - Slope,Annual Average 2021,01/01/2021,18.78,
172716,375,Nitrogen dioxide (NO2),Mean,ppb,UHF34,102,Northeast Bronx,Annual Average 2013,12/01/2012,18.37,
549890,375,Nitrogen dioxide (NO2),Mean,ppb,UHF34,102,Northeast Bronx,Annual Average 2017,01/01/2017,18.87,
221885,386,Ozone (O3),Mean,ppb,UHF34,302,Central Harlem - Morningside Heights,Summer 2009,06/01/2009,21.52,
221795,386,Ozone (O3),Mean,ppb,UHF34,102,Northeast Bronx,Summer 2009,06/01/2009,26.82,
221789,386,Ozone (O3),Mean,ppb,UHF34,101,Kingsbridge - Riverdale,Summer 2009,06/01/2009,23.67,
221819,386,Ozone (O3),Mean,ppb,UHF34,202,Downtown - Heights - Slope,Summer 2009,06/01/2009,23.08,
741024,375,Nitrogen dioxide (NO2),Mean,ppb,UHF34,102,Northeast Bronx,Annual Average 2021,01/01/2021,15.98,
172069,375,Nitrogen dioxide (NO2),Mean,ppb,UHF34,101,Kingsbridge - Riverdale,Summer 2009,06/01/2009,19.51,
171627,375,Nitrogen dioxide (NO2),Mean,ppb,UHF34,101,Kingsbridge - Riverdale,Winter 2010-11,12/01/2010,25.48,
172715,375,Nitrogen dioxide (NO2),Mean,ppb,UHF34,101,Kingsbridge - Riverdale,Annual Average 2013,12/01/2012,18.23,
336618,375,Nitrogen dioxide (NO2),Mean,ppb,UHF34,101,Kingsbridge - Riverdale,Winter 2014-15,12/01/2014,21.19,
549887,375,Nitrogen dioxide (NO2),Mean,ppb,UHF34,101,Kingsbridge - Riverdale,Annual Average 2017,01/01/2017,17.28,
171575,375,Nitrogen dioxide (NO2),Mean,ppb,UHF34,302,Central Harlem - Morningside Heights,Winter 2008-09,12/01/2008,35.28,
799867,647,Outdoor Air Toxics - Formaldehyde,Annual average concentration,µg/m3,Borough,5,Staten Island,2014,01/01/2014,1.28,
315655,647,Outdoor Air Toxics - Formaldehyde,Annual average concentration,µg/m3,UHF42,211,Williamsburg - Bushwick,2011,01/01/2011,2.1,
315607,646,Outdoor Air Toxics - Benzene,Annual average concentration,µg/m3,UHF42,211,Williamsburg - Bushwick,2011,01/01/2011,1.4,
799790,646,Outdoor Air Toxics - Benzene,Annual average concentration,µg/m3,UHF42,211,Williamsburg - Bushwick,2014,01/01/2014,0.99,
799814,646,Outdoor Air Toxics - Benzene,Annual average concentration,µg/m3,UHF42,504,South Beach - Tottenville,2014,01/01/2014,0.6,
799804,646,Outdoor Air Toxics - Benzene,Annual average concentration,µg/m3,UHF42,404,Bayside - Little Neck,2014,01/01/2014,0.86,
315621,646,Outdoor Air Toxics - Benzene,Annual average concentration,µg/m3,UHF42,404,Bayside - Little Neck,2011,01/01/2011,1.2,
602987,375,Nitrogen dioxide (NO2),Mean,ppb,CD,207,Kingsbridge Heights and Bedford (CD7),Annual Average 2018,01/01/2018,18.43,
741179,375,Nitrogen dioxide (NO2),Mean,ppb,CD,207,Kingsbridge Heights and Bedford (CD7),Summer 2021,06/01/2021,12.99,
172643,375,Nitrogen dioxide (NO2),Mean,ppb,UHF34,404406,Bayside Little Neck-Fresh Meadows,Annual Average 2010,12/01/2009,20.2,
171725,375,Nitrogen dioxide (NO2),Mean,ppb,UHF34,404406,Bayside Little Neck-Fresh Meadows,Winter 2012-13,12/01/2012,20.62,
336707,375,Nitrogen dioxide (NO2),Mean,ppb,UHF34,404406,Bayside Little Neck-Fresh Meadows,Summer 2015,06/01/2015,13.18,
171720,375,Nitrogen dioxide (NO2),Mean,ppb,UHF34,409,Southeast Queens,Winter 2012-13,12/01/2012,20.46,
172638,375,Nitrogen dioxide (NO2),Mean,ppb,UHF34,409,Southeast Queens,Annual Average 2010,12/01/2009,19.1,
549977,375,Nitrogen dioxide (NO2),Mean,ppb,UHF34,404406,Bayside Little Neck-Fresh Meadows,Annual Average 2017,01/01/2017,17.2,
741111,375,Nitrogen dioxide (NO2),Mean,ppb,UHF34,404406,Bayside Little Neck-Fresh Meadows,Annual Average 2021,01/01/2021,14.31,
549962,375,Nitrogen dioxide (NO2),Mean,ppb,UHF34,409,Southeast Queens,Annual Average 2017,01/01/2017,16.44,
741096,375,Nitrogen dioxide (NO2),Mean,ppb,UHF34,409,Southeast Queens,Annual Average 2021,01/01/2021,14.25,
602903,375,Nitrogen dioxide (NO2),Mean,ppb,UHF34,409,Southeast Queens,Annual Average 2018,01/01/2018,16.22,
741095,375,Nitrogen dioxide (NO2),Mean,ppb,UHF34,409,Southeast Queens,Summer 2021,06/01/2021,9.95,
412643,375,Nitrogen dioxide (NO2),Mean,ppb,UHF34,404406,Bayside Little Neck-Fresh Meadows,Winter 2015-16,12/01/2015,21.62,
172162,375,Nitrogen dioxide (NO2),Mean,ppb,UHF34,409,Southeast Queens,Summer 2011,06/01/2011,15.32,
172128,375,Nitrogen dioxide (NO2),Mean,ppb,UHF34,409,Southeast Queens,Summer 2010,06/01/2010,16.15,
412629,375,Nitrogen dioxide (NO2),Mean,ppb,UHF34,409,Southeast Queens,Summer 2016,06/01/2016,12.13,
412628,375,Nitrogen dioxide (NO2),Mean,ppb,UHF34,409,Southeast Queens,Winter 2015-16,12/01/2015,21.05,
412644,375,Nitrogen dioxide (NO2),Mean,ppb,UHF34,404406,Bayside Little Neck-Fresh Meadows,Summer 2016,06/01/2016,13.13,
741109,375,Nitrogen dioxide (NO2),Mean,ppb,UHF34,404406,Bayside Little Neck-Fresh Meadows,Winter 2020-21,12/01/2020,19.17,
741094,375,Nitrogen dioxide (NO2),Mean,ppb,UHF34,409,Southeast Queens,Winter 2020-21,12/01/2020,19.78,
221940,386,Ozone (O3),Mean,ppb,UHF34,409,Southeast Queens,Summer 2010,06/01/2010,34.29,
221941,386,Ozone (O3),Mean,ppb,UHF34,409,Southeast Queens,Summer 2011,06/01/2011,33.59,
122149,386,Ozone (O3),Mean,ppb,UHF34,409,Southeast Queens,2-Year Summer Average 2009-2010,06/01/2009,28.65,
605297,386,Ozone (O3),Mean,ppb,UHF34,409,Southeast Queens,Summer 2018,06/01/2018,31.82,
549394,386,Ozone (O3),Mean,ppb,UHF34,409,Southeast Queens,Summer 2017,06/01/2017,31.72,
670912,386,Ozone (O3),Mean,ppb,UHF34,409,Southeast Queens,Summer 2020,06/01/2020,29.98,
211786,375,Nitrogen dioxide (NO2),Mean,ppb,UHF34,404406,Bayside Little Neck-Fresh Meadows,Annual Average 2014,12/01/2013,18.17,
549978,375,Nitrogen dioxide (NO2),Mean,ppb,UHF34,404406,Bayside Little Neck-Fresh Meadows,Winter 2016-17,12/01/2016,24.26,
667491,375,Nitrogen dioxide (NO2),Mean,ppb,UHF34,404406,Bayside Little Neck-Fresh Meadows,Summer 2020,06/01/2020,9.03,
"151537,655,Asthma hospitalizations due to Ozone,Estimated annual rate (under age 18),""per 100,000 children"",UHF42,204,East New York,2009-2011,01/01/2009,29.8,"
"151441,653,Asthma emergency departments visits due to Ozone,Estimated annual rate (under age 18),""per 100,000 children"",UHF42,204,East New York,2009-2011,01/01/2009,164,"
"151434,653,Asthma emergency departments visits due to Ozone,Estimated annual rate (under age 18),""per 100,000 children"",UHF42,104,Pelham - Throgs Neck,2009-2011,01/01/2009,116,"
"151530,655,Asthma hospitalizations due to Ozone,Estimated annual rate (under age 18),""per 100,000 children"",UHF42,104,Pelham - Throgs Neck,2009-2011,01/01/2009,34.2,"
"151452,653,Asthma emergency departments visits due to Ozone,Estimated annual rate (under age 18),""per 100,000 children"",UHF42,304,Upper West Side,2009-2011,01/01/2009,69.8,"
"151558,655,Asthma hospitalizations due to Ozone,Estimated annual rate (under age 18),""per 100,000 children"",UHF42,404,Bayside - Little Neck,2009-2011,01/01/2009,8.5,"
"151574,655,Asthma hospitalizations due to Ozone,Estimated annual rate (under age 18),""per 100,000 children"",Borough,5,Staten Island,2009-2011,01/01/2009,12.5,"
154549,644,Annual vehicle miles travelled (cars),million miles,per km2,CD,407,Flushing and Whitestone (CD7),2005,01/01/2005,19.6,
151681,644,Annual vehicle miles travelled (cars),million miles,per km2,UHF42,204,East New York,2005,01/01/2005,17.7,
151692,644,Annual vehicle miles travelled (cars),million miles,per km2,UHF42,304,Upper West Side,2005,01/01/2005,47.2,
325346,644,Annual vehicle miles travelled (cars),million miles,per km2,UHF42,504,South Beach - Tottenville,2016,01/01/2016,6.4,
151702,644,Annual vehicle miles travelled (cars),million miles,per km2,UHF42,404,Bayside - Little Neck,2005,01/01/2005,31.7,
325326,644,Annual vehicle miles travelled (cars),million miles,per km2,UHF42,304,Upper West Side,2016,01/01/2016,46.5,
151674,644,Annual vehicle miles travelled (cars),million miles,per km2,UHF42,104,Pelham - Throgs Neck,2005,01/01/2005,20.6,
325308,644,Annual vehicle miles travelled (cars),million miles,per km2,UHF42,104,Pelham - Throgs Neck,2016,01/01/2016,21.9,
325336,644,Annual vehicle miles travelled (cars),million miles,per km2,UHF42,404,Bayside - Little Neck,2016,01/01/2016,31.9,
151722,645,Annual vehicle miles travelled (trucks),million miles,per km2,UHF42,104,Pelham - Throgs Neck,2005,01/01/2005,2.1,
549963,375,Nitrogen dioxide (NO2),Mean,ppb,UHF34,409,Southeast Queens,Winter 2016-17,12/01/2016,24.02,
602904,375,Nitrogen dioxide (NO2),Mean,ppb,UHF34,409,Southeast Queens,Summer 2018,06/01/2018,12.22,
549961,375,Nitrogen dioxide (NO2),Mean,ppb,UHF34,409,Southeast Queens,Summer 2017,06/01/2017,12.59,
667461,375,Nitrogen dioxide (NO2),Mean,ppb,UHF34,409,Southeast Queens,Summer 2020,06/01/2020,8.37,
643521,375,Nitrogen dioxide (NO2),Mean,ppb,UHF34,409,Southeast Queens,Winter 2018-19,12/01/2018,17.99,
221944,386,Ozone (O3),Mean,ppb,UHF34,409,Southeast Queens,Summer 2014,06/01/2014,33.6,
336522,375,Nitrogen dioxide (NO2),Mean,ppb,UHF42,204,East New York,Winter 2014-15,12/01/2014,24.99,
175458,375,Nitrogen dioxide (NO2),Mean,ppb,UHF42,504,South Beach - Tottenville,Winter 2012-13,12/01/2012,16.82,
649811,365,Fine particles (PM 2.5),Mean,mcg/m3,UHF34,204,East New York,Summer 2019,06/01/2019,8.02,
171630,375,Nitrogen dioxide (NO2),Mean,ppb,UHF34,104,Pelham - Throgs Neck,Winter 2010-11,12/01/2010,27.63,
172072,375,Nitrogen dioxide (NO2),Mean,ppb,UHF34,104,Pelham - Throgs Neck,Summer 2009,06/01/2009,19.03,
336627,375,Nitrogen dioxide (NO2),Mean,ppb,UHF34,104,Pelham - Throgs Neck,Winter 2014-15,12/01/2014,23.7,
741030,375,Nitrogen dioxide (NO2),Mean,ppb,UHF34,104,Pelham - Throgs Neck,Annual Average 2021,01/01/2021,16.01,
741039,375,Nitrogen dioxide (NO2),Mean,ppb,UHF34,203,Bedford Stuyvesant - Crown Heights,Annual Average 2021,01/01/2021,17.12,
549908,375,Nitrogen dioxide (NO2),Mean,ppb,UHF34,204,East New York,Annual Average 2017,01/01/2017,18.31,
221831,386,Ozone (O3),Mean,ppb,UHF34,204,East New York,Summer 2009,06/01/2009,26.28,
221807,386,Ozone (O3),Mean,ppb,UHF34,104,Pelham - Throgs Neck,Summer 2009,06/01/2009,26.72,
221801,386,Ozone (O3),Mean,ppb,UHF34,103,Fordham - Bronx Pk,Summer 2009,06/01/2009,24.47,
549893,375,Nitrogen dioxide (NO2),Mean,ppb,UHF34,103,Fordham - Bronx Pk,Annual Average 2017,01/01/2017,19.15,
741027,375,Nitrogen dioxide (NO2),Mean,ppb,UHF34,103,Fordham - Bronx Pk,Annual Average 2021,01/01/2021,16.03,
171629,375,Nitrogen dioxide (NO2),Mean,ppb,UHF34,103,Fordham - Bronx Pk,Winter 2010-11,12/01/2010,27.53,
172717,375,Nitrogen dioxide (NO2),Mean,ppb,UHF34,103,Fordham - Bronx Pk,Annual Average 2013,12/01/2012,19.89,
171577,375,Nitrogen dioxide (NO2),Mean,ppb,UHF34,304,Upper West Side,Winter 2008-09,12/01/2008,36.38,
211569,375,Nitrogen dioxide (NO2),Mean,ppb,UHF34,303,East Harlem,Winter 2013-14,12/01/2013,30.2,
602881,375,Nitrogen dioxide (NO2),Mean,ppb,UHF34,303,East Harlem,Winter 2017-18,12/01/2017,26.75,
643498,375,Nitrogen dioxide (NO2),Mean,ppb,UHF34,304,Upper West Side,Annual Average 2019,01/01/2019,20.8,
602884,375,Nitrogen dioxide (NO2),Mean,ppb,UHF34,304,Upper West Side,Winter 2017-18,12/01/2017,27.31,
122131,386,Ozone (O3),Mean,ppb,UHF34,204,East New York,2-Year Summer Average 2009-2010,06/01/2009,27.97,
122130,386,Ozone (O3),Mean,ppb,UHF34,203,Bedford Stuyvesant - Crown Heights,2-Year Summer Average 2009-2010,06/01/2009,26.35,
549372,386,Ozone (O3),Mean,ppb,UHF34,104,Pelham - Throgs Neck,Summer 2017,06/01/2017,29.79,
670934,386,Ozone (O3),Mean,ppb,UHF34,104,Pelham - Throgs Neck,Summer 2020,06/01/2020,32.05,
605275,386,Ozone (O3),Mean,ppb,UHF34,104,Pelham - Throgs Neck,Summer 2018,06/01/2018,31.52,
605274,386,Ozone (O3),Mean,ppb,UHF34,103,Fordham - Bronx Pk,Summer 2018,06/01/2018,30.6,
549371,386,Ozone (O3),Mean,ppb,UHF34,103,Fordham - Bronx Pk,Summer 2017,06/01/2017,28.34,
670935,386,Ozone (O3),Mean,ppb,UHF34,103,Fordham - Bronx Pk,Summer 2020,06/01/2020,30.17,
122142,386,Ozone (O3),Mean,ppb,UHF34,304,Upper West Side,2-Year Summer Average 2009-2010,06/01/2009,24.37,
670930,386,Ozone (O3),Mean,ppb,UHF34,204,East New York,Summer 2020,06/01/2020,29.48,
122126,386,Ozone (O3),Mean,ppb,UHF34,103,Fordham - Bronx Pk,2-Year Summer Average 2009-2010,06/01/2009,27.48,
549387,386,Ozone (O3),Mean,ppb,UHF34,304,Upper West Side,Summer 2017,06/01/2017,25.57,
605290,386,Ozone (O3),Mean,ppb,UHF34,304,Upper West Side,Summer 2018,06/01/2018,27.2,
670919,386,Ozone (O3),Mean,ppb,UHF34,304,Upper West Side,Summer 2020,06/01/2020,28.97,
122127,386,Ozone (O3),Mean,ppb,UHF34,104,Pelham - Throgs Neck,2-Year Summer Average 2009-2010,06/01/2009,28.68,
602835,375,Nitrogen dioxide (NO2),Mean,ppb,UHF34,103,Fordham - Bronx Pk,Summer 2018,06/01/2018,13.3,
211568,375,Nitrogen dioxide (NO2),Mean,ppb,UHF34,302,Central Harlem - Morningside Heights,Winter 2013-14,12/01/2013,29.87,
643489,375,Nitrogen dioxide (NO2),Mean,ppb,UHF34,301,Washington Heights,Annual Average 2019,01/01/2019,17.27,
602875,375,Nitrogen dioxide (NO2),Mean,ppb,UHF34,301,Washington Heights,Winter 2017-18,12/01/2017,25.64,
171574,375,Nitrogen dioxide (NO2),Mean,ppb,UHF34,301,Washington Heights,Winter 2008-09,12/01/2008,32.91,
211567,375,Nitrogen dioxide (NO2),Mean,ppb,UHF34,301,Washington Heights,Winter 2013-14,12/01/2013,26.86,
670922,386,Ozone (O3),Mean,ppb,UHF34,301,Washington Heights,Summer 2020,06/01/2020,28.84,
549384,386,Ozone (O3),Mean,ppb,UHF34,301,Washington Heights,Summer 2017,06/01/2017,26.92,
605287,386,Ozone (O3),Mean,ppb,UHF34,301,Washington Heights,Summer 2018,06/01/2018,28.95,
122128,386,Ozone (O3),Mean,ppb,UHF34,201,Greenpoint,2-Year Summer Average 2009-2010,06/01/2009,27.11,
670933,386,Ozone (O3),Mean,ppb,UHF34,201,Greenpoint,Summer 2020,06/01/2020,29.71,
122125,386,Ozone (O3),Mean,ppb,UHF34,102,Northeast Bronx,2-Year Summer Average 2009-2010,06/01/2009,28.64,
549370,386,Ozone (O3),Mean,ppb,UHF34,102,Northeast Bronx,Summer 2017,06/01/2017,29.01,
122124,386,Ozone (O3),Mean,ppb,UHF34,101,Kingsbridge - Riverdale,2-Year Summer Average 2009-2010,06/01/2009,28.37,
605272,386,Ozone (O3),Mean,ppb,UHF34,101,Kingsbridge - Riverdale,Summer 2018,06/01/2018,29.8,
670937,386,Ozone (O3),Mean,ppb,UHF34,101,Kingsbridge - Riverdale,Summer 2020,06/01/2020,28.49,
549369,386,Ozone (O3),Mean,ppb,UHF34,101,Kingsbridge - Riverdale,Summer 2017,06/01/2017,27.53,
549374,386,Ozone (O3),Mean,ppb,UHF34,202,Downtown - Heights - Slope,Summer 2017,06/01/2017,27.92,
670932,386,Ozone (O3),Mean,ppb,UHF34,202,Downtown - Heights - Slope,Summer 2020,06/01/2020,28.79,
221881,386,Ozone (O3),Mean,ppb,UHF34,301,Washington Heights,Summer 2011,06/01/2011,30.13,
412051,386,Ozone (O3),Mean,ppb,UHF34,301,Washington Heights,Summer 2016,06/01/2016,31.92,
221797,386,Ozone (O3),Mean,ppb,UHF34,102,Northeast Bronx,Summer 2011,06/01/2011,33.44,
412037,386,Ozone (O3),Mean,ppb,UHF34,102,Northeast Bronx,Summer 2016,06/01/2016,33.21,
221791,386,Ozone (O3),Mean,ppb,UHF34,101,Kingsbridge - Riverdale,Summer 2011,06/01/2011,31.24,
221790,386,Ozone (O3),Mean,ppb,UHF34,101,Kingsbridge - Riverdale,Summer 2010,06/01/2010,31.91,
412036,386,Ozone (O3),Mean,ppb,UHF34,101,Kingsbridge - Riverdale,Summer 2016,06/01/2016,32.46,
221820,386,Ozone (O3),Mean,ppb,UHF34,202,Downtown - Heights - Slope,Summer 2010,06/01/2010,30.94,
221821,386,Ozone (O3),Mean,ppb,UHF34,202,Downtown - Heights - Slope,Summer 2011,06/01/2011,29.54,
741034,375,Nitrogen dioxide (NO2),Mean,ppb,UHF34,202,Downtown - Heights - Slope,Winter 2020-21,12/01/2020,23.9,
172104,375,Nitrogen dioxide (NO2),Mean,ppb,UHF34,102,Northeast Bronx,Summer 2010,06/01/2010,17.86,
412556,375,Nitrogen dioxide (NO2),Mean,ppb,UHF34,102,Northeast Bronx,Winter 2015-16,12/01/2015,21.25,
412557,375,Nitrogen dioxide (NO2),Mean,ppb,UHF34,102,Northeast Bronx,Summer 2016,06/01/2016,14.6,
741022,375,Nitrogen dioxide (NO2),Mean,ppb,UHF34,102,Northeast Bronx,Winter 2020-21,12/01/2020,19.18,
172103,375,Nitrogen dioxide (NO2),Mean,ppb,UHF34,101,Kingsbridge - Riverdale,Summer 2010,06/01/2010,18.07,
412553,375,Nitrogen dioxide (NO2),Mean,ppb,UHF34,101,Kingsbridge - Riverdale,Winter 2015-16,12/01/2015,19.54,
172686,375,Nitrogen dioxide (NO2),Mean,ppb,UHF34,202,Downtown - Heights - Slope,Annual Average 2012,12/01/2011,23.98,
179366,375,Nitrogen dioxide (NO2),Mean,ppb,Borough,4,Queens,Summer 2013,06/01/2013,15.6,
605658,365,Fine particles (PM 2.5),Mean,mcg/m3,Borough,4,Queens,Summer 2018,06/01/2018,8.3,
179501,365,Fine particles (PM 2.5),Mean,mcg/m3,Borough,4,Queens,Winter 2009-10,12/01/2009,9.38,
742158,365,Fine particles (PM 2.5),Mean,mcg/m3,Borough,4,Queens,Annual Average 2021,01/01/2021,6.48,
179506,365,Fine particles (PM 2.5),Mean,mcg/m3,Borough,4,Queens,Winter 2010-11,12/01/2010,12.1,
333948,365,Fine particles (PM 2.5),Mean,mcg/m3,Borough,4,Queens,Winter 2014-15,12/01/2014,8.89,
179666,365,Fine particles (PM 2.5),Mean,mcg/m3,Borough,4,Queens,Annual Average 2013,12/01/2012,8.36,
122143,386,Ozone (O3),Mean,ppb,UHF34,401,Long Island City - Astoria,2-Year Summer Average 2009-2010,06/01/2009,27.57,
549388,386,Ozone (O3),Mean,ppb,UHF34,401,Long Island City - Astoria,Summer 2017,06/01/2017,29.12,
742156,365,Fine particles (PM 2.5),Mean,mcg/m3,Borough,4,Queens,Winter 2020-21,12/01/2020,6.68,
179581,365,Fine particles (PM 2.5),Mean,mcg/m3,Borough,4,Queens,Summer 2011,06/01/2011,11.23,
179576,365,Fine particles (PM 2.5),Mean,mcg/m3,Borough,4,Queens,Summer 2010,06/01/2010,11.53,
410729,365,Fine particles (PM 2.5),Mean,mcg/m3,Borough,4,Queens,Winter 2015-16,12/01/2015,7.59,
179516,365,Fine particles (PM 2.5),Mean,mcg/m3,Borough,4,Queens,Winter 2012-13,12/01/2012,9.9,
179651,365,Fine particles (PM 2.5),Mean,mcg/m3,Borough,4,Queens,Annual Average 2010,12/01/2009,9.2,
669843,365,Fine particles (PM 2.5),Mean,mcg/m3,Borough,4,Queens,Winter 2019-20,12/01/2019,7.55,
649658,365,Fine particles (PM 2.5),Mean,mcg/m3,Borough,4,Queens,Summer 2019,06/01/2019,7.72,
333947,365,Fine particles (PM 2.5),Mean,mcg/m3,Borough,4,Queens,Summer 2015,06/01/2015,9.21,
410731,365,Fine particles (PM 2.5),Mean,mcg/m3,Borough,4,Queens,Annual Average 2016,12/31/2015,7.17,
549921,375,Nitrogen dioxide (NO2),Mean,ppb,UHF34,208,Canarsie - Flatlands,Winter 2016-17,12/01/2016,22.76,
667377,375,Nitrogen dioxide (NO2),Mean,ppb,UHF34,208,Canarsie - Flatlands,Summer 2020,06/01/2020,8.63,
602862,375,Nitrogen dioxide (NO2),Mean,ppb,UHF34,208,Canarsie - Flatlands,Summer 2018,06/01/2018,9.05,
549919,375,Nitrogen dioxide (NO2),Mean,ppb,UHF34,208,Canarsie - Flatlands,Summer 2017,06/01/2017,10.26,
221847,386,Ozone (O3),Mean,ppb,UHF34,206,Borough Park,Summer 2013,06/01/2013,30.61,
221907,386,Ozone (O3),Mean,ppb,UHF34,401,Long Island City - Astoria,Summer 2013,06/01/2013,30.62,
221906,386,Ozone (O3),Mean,ppb,UHF34,401,Long Island City - Astoria,Summer 2012,06/01/2012,33.91,
605657,365,Fine particles (PM 2.5),Mean,mcg/m3,Borough,4,Queens,Annual Average 2018,01/01/2018,6.82,
221859,386,Ozone (O3),Mean,ppb,UHF34,208,Canarsie - Flatlands,Summer 2013,06/01/2013,33.7,
743673,386,Ozone (O3),Mean,ppb,UHF34,208,Canarsie - Flatlands,Summer 2021,06/01/2021,32.26,
743675,386,Ozone (O3),Mean,ppb,UHF34,206,Borough Park,Summer 2021,06/01/2021,30.45,
643472,375,Nitrogen dioxide (NO2),Mean,ppb,UHF34,206,Borough Park,Summer 2019,06/01/2019,13.58,
667364,375,Nitrogen dioxide (NO2),Mean,ppb,UHF34,206,Borough Park,Winter 2019-20,12/01/2019,25.64,
338238,386,Ozone (O3),Mean,ppb,UHF34,408,Jamaica,Summer 2015,06/01/2015,32.04,
650988,386,Ozone (O3),Mean,ppb,UHF34,408,Jamaica,Summer 2019,06/01/2019,32.83,
338233,386,Ozone (O3),Mean,ppb,UHF34,401,Long Island City - Astoria,Summer 2015,06/01/2015,31.43,
171592,375,Nitrogen dioxide (NO2),Mean,ppb,UHF34,105106107,South Bronx,Winter 2008-09,12/01/2008,32.11,
211585,375,Nitrogen dioxide (NO2),Mean,ppb,UHF34,105106107,South Bronx,Winter 2013-14,12/01/2013,28.11,
211576,375,Nitrogen dioxide (NO2),Mean,ppb,UHF34,408,Jamaica,Winter 2013-14,12/01/2013,26.89,
669892,365,Fine particles (PM 2.5),Mean,mcg/m3,CD,305,East New York and Starrett City (CD5),Annual Average 2020,01/01/2020,5.98,
170180,365,Fine particles (PM 2.5),Mean,mcg/m3,CD,205,Fordham and University Heights (CD5),Annual Average 2009,12/01/2008,12.1,
170298,365,Fine particles (PM 2.5),Mean,mcg/m3,CD,205,Fordham and University Heights (CD5),Annual Average 2011,12/01/2010,11.71,
213947,365,Fine particles (PM 2.5),Mean,mcg/m3,CD,205,Fordham and University Heights (CD5),Summer 2014,06/01/2014,9.5,
334231,365,Fine particles (PM 2.5),Mean,mcg/m3,CD,205,Fordham and University Heights (CD5),Annual Average 2015,01/01/2015,9.85,
649944,365,Fine particles (PM 2.5),Mean,mcg/m3,CD,205,Fordham and University Heights (CD5),Winter 2018-19,12/01/2018,7.97,
177147,365,Fine particles (PM 2.5),Mean,mcg/m3,UHF42,202,Downtown - Heights - Slope,Winter 2008-09,12/01/2008,14.16,
212669,365,Fine particles (PM 2.5),Mean,mcg/m3,UHF42,102,Northeast Bronx,Winter 2013-14,12/01/2013,12.2,
605668,365,Fine particles (PM 2.5),Mean,mcg/m3,UHF42,102,Northeast Bronx,Winter 2017-18,12/01/2017,8.13,
649666,365,Fine particles (PM 2.5),Mean,mcg/m3,UHF42,102,Northeast Bronx,Annual Average 2019,01/01/2019,6.68,
547372,365,Fine particles (PM 2.5),Mean,mcg/m3,UHF42,102,Northeast Bronx,Annual Average 2017,01/01/2017,7.46,
742167,365,Fine particles (PM 2.5),Mean,mcg/m3,UHF42,102,Northeast Bronx,Annual Average 2021,01/01/2021,6.49,
175425,375,Nitrogen dioxide (NO2),Mean,ppb,UHF42,202,Downtown - Heights - Slope,Winter 2012-13,12/01/2012,28.16,
176559,375,Nitrogen dioxide (NO2),Mean,ppb,UHF42,202,Downtown - Heights - Slope,Annual Average 2010,12/01/2009,26.46,
176552,375,Nitrogen dioxide (NO2),Mean,ppb,UHF42,102,Northeast Bronx,Annual Average 2010,12/01/2009,20.21,
175418,375,Nitrogen dioxide (NO2),Mean,ppb,UHF42,102,Northeast Bronx,Winter 2012-13,12/01/2012,22.24,
336494,375,Nitrogen dioxide (NO2),Mean,ppb,UHF42,102,Northeast Bronx,Summer 2015,06/01/2015,15.79,
336515,375,Nitrogen dioxide (NO2),Mean,ppb,UHF42,202,Downtown - Heights - Slope,Summer 2015,06/01/2015,17.42,
643322,375,Nitrogen dioxide (NO2),Mean,ppb,UHF42,102,Northeast Bronx,Summer 2019,06/01/2019,12.28,
667064,375,Nitrogen dioxide (NO2),Mean,ppb,UHF42,102,Northeast Bronx,Winter 2019-20,12/01/2019,21.91,
178575,365,Fine particles (PM 2.5),Mean,mcg/m3,UHF42,202,Downtown - Heights - Slope,Annual Average 2013,12/01/2012,9.46,
177231,365,Fine particles (PM 2.5),Mean,mcg/m3,UHF42,202,Downtown - Heights - Slope,Winter 2010-11,12/01/2010,13.85,
176055,375,Nitrogen dioxide (NO2),Mean,ppb,UHF42,202,Downtown - Heights - Slope,Summer 2013,06/01/2013,19.95,
176006,375,Nitrogen dioxide (NO2),Mean,ppb,UHF42,102,Northeast Bronx,Summer 2012,06/01/2012,16.25,
176048,375,Nitrogen dioxide (NO2),Mean,ppb,UHF42,102,Northeast Bronx,Summer 2013,06/01/2013,14.27,
643344,375,Nitrogen dioxide (NO2),Mean,ppb,UHF42,202,Downtown - Heights - Slope,Winter 2018-19,12/01/2018,24.83,
169519,365,Fine particles (PM 2.5),Mean,mcg/m3,CD,105,Midtown (CD5),Summer 2013,06/01/2013,15.03,
169460,365,Fine particles (PM 2.5),Mean,mcg/m3,CD,105,Midtown (CD5),Summer 2012,06/01/2012,14.8,
410980,365,Fine particles (PM 2.5),Mean,mcg/m3,CD,105,Midtown (CD5),Annual Average 2016,12/31/2015,11.34,
742406,365,Fine particles (PM 2.5),Mean,mcg/m3,CD,105,Midtown (CD5),Summer 2021,06/01/2021,10.94,
742165,365,Fine particles (PM 2.5),Mean,mcg/m3,UHF42,102,Northeast Bronx,Winter 2020-21,12/01/2020,6.32,
412453,375,Nitrogen dioxide (NO2),Mean,ppb,UHF42,202,Downtown - Heights - Slope,Annual Average 2016,12/31/2015,21.65,
740897,375,Nitrogen dioxide (NO2),Mean,ppb,UHF42,102,Northeast Bronx,Summer 2021,06/01/2021,12.38,
333973,365,Fine particles (PM 2.5),Mean,mcg/m3,UHF42,201,Greenpoint,Annual Average 2015,01/01/2015,10.49,
649719,365,Fine particles (PM 2.5),Mean,mcg/m3,UHF42,301,Washington Heights,Winter 2018-19,12/01/2018,7.76,
178417,365,Fine particles (PM 2.5),Mean,mcg/m3,UHF42,301,Washington Heights,Annual Average 2009,12/01/2008,11.55,
742163,365,Fine particles (PM 2.5),Mean,mcg/m3,UHF42,101,Kingsbridge - Riverdale,Summer 2021,06/01/2021,8.68,
172217,375,Nitrogen dioxide (NO2),Mean,ppb,UHF34,209,Bensonhurst - Bay Ridge,Summer 2013,06/01/2013,13.99,
743670,386,Ozone (O3),Mean,ppb,UHF34,211,Williamsburg - Bushwick,Summer 2021,06/01/2021,29.28,
221865,386,Ozone (O3),Mean,ppb,UHF34,209,Bensonhurst - Bay Ridge,Summer 2013,06/01/2013,31.44,
221864,386,Ozone (O3),Mean,ppb,UHF34,209,Bensonhurst - Bay Ridge,Summer 2012,06/01/2012,34.28,
743672,386,Ozone (O3),Mean,ppb,UHF34,209,Bensonhurst - Bay Ridge,Summer 2021,06/01/2021,30.41,
667394,375,Nitrogen dioxide (NO2),Mean,ppb,UHF34,211,Williamsburg - Bushwick,Winter 2019-20,12/01/2019,28.7,
338228,386,Ozone (O3),Mean,ppb,UHF34,211,Williamsburg - Bushwick,Summer 2015,06/01/2015,31.1,
650978,386,Ozone (O3),Mean,ppb,UHF34,211,Williamsburg - Bushwick,Summer 2019,06/01/2019,29.34,
171590,375,Nitrogen dioxide (NO2),Mean,ppb,UHF34,501502,Northern SI,Winter 2008-09,12/01/2008,24.38,
643537,375,Nitrogen dioxide (NO2),Mean,ppb,UHF34,501502,Northern SI,Annual Average 2019,01/01/2019,14.17,
171588,375,Nitrogen dioxide (NO2),Mean,ppb,UHF34,309310,Union Square-Lower Manhattan,Winter 2008-09,12/01/2008,38.85,
211583,375,Nitrogen dioxide (NO2),Mean,ppb,UHF34,501502,Northern SI,Winter 2013-14,12/01/2013,23.54,
178483,365,Fine particles (PM 2.5),Mean,mcg/m3,UHF42,101,Kingsbridge - Riverdale,Annual Average 2011,12/01/2010,10.65,
178399,365,Fine particles (PM 2.5),Mean,mcg/m3,UHF42,101,Kingsbridge - Riverdale,Annual Average 2009,12/01/2008,11.03,
212794,365,Fine particles (PM 2.5),Mean,mcg/m3,UHF42,101,Kingsbridge - Riverdale,Summer 2014,06/01/2014,8.65,
174157,365,Fine particles (PM 2.5),Mean,mcg/m3,UHF34,211,Williamsburg - Bushwick,Annual Average 2010,12/01/2009,10.33,
172727,375,Nitrogen dioxide (NO2),Mean,ppb,UHF34,209,Bensonhurst - Bay Ridge,Annual Average 2013,12/01/2012,18.58,
172081,375,Nitrogen dioxide (NO2),Mean,ppb,UHF34,209,Bensonhurst - Bay Ridge,Summer 2009,06/01/2009,18.95,
336654,375,Nitrogen dioxide (NO2),Mean,ppb,UHF34,209,Bensonhurst - Bay Ridge,Winter 2014-15,12/01/2014,24.9,
549923,375,Nitrogen dioxide (NO2),Mean,ppb,UHF34,209,Bensonhurst - Bay Ridge,Annual Average 2017,01/01/2017,17.69,
221873,386,Ozone (O3),Mean,ppb,UHF34,211,Williamsburg - Bushwick,Summer 2009,06/01/2009,24.76,
221861,386,Ozone (O3),Mean,ppb,UHF34,209,Bensonhurst - Bay Ridge,Summer 2009,06/01/2009,26.86,
211566,375,Nitrogen dioxide (NO2),Mean,ppb,UHF34,211,Williamsburg - Bushwick,Winter 2013-14,12/01/2013,29.79,
643486,375,Nitrogen dioxide (NO2),Mean,ppb,UHF34,211,Williamsburg - Bushwick,Annual Average 2019,01/01/2019,19.67,
122138,386,Ozone (O3),Mean,ppb,UHF34,211,Williamsburg - Bushwick,2-Year Summer Average 2009-2010,06/01/2009,26.65,
549381,386,Ozone (O3),Mean,ppb,UHF34,209,Bensonhurst - Bay Ridge,Summer 2017,06/01/2017,30.05,
605284,386,Ozone (O3),Mean,ppb,UHF34,209,Bensonhurst - Bay Ridge,Summer 2018,06/01/2018,30.9,
670925,386,Ozone (O3),Mean,ppb,UHF34,209,Bensonhurst - Bay Ridge,Summer 2020,06/01/2020,29.84,
221874,386,Ozone (O3),Mean,ppb,UHF34,211,Williamsburg - Bushwick,Summer 2010,06/01/2010,32.38,
221875,386,Ozone (O3),Mean,ppb,UHF34,211,Williamsburg - Bushwick,Summer 2011,06/01/2011,31.54,
549894,375,Nitrogen dioxide (NO2),Mean,ppb,UHF34,103,Fordham - Bronx Pk,Winter 2016-17,12/01/2016,26.33,
667323,375,Nitrogen dioxide (NO2),Mean,ppb,UHF34,103,Fordham - Bronx Pk,Summer 2020,06/01/2020,13.15,
549892,375,Nitrogen dioxide (NO2),Mean,ppb,UHF34,103,Fordham - Bronx Pk,Summer 2017,06/01/2017,14.87,
171663,375,Nitrogen dioxide (NO2),Mean,ppb,UHF34,103,Fordham - Bronx Pk,Winter 2011-12,12/01/2011,23.32,
211758,375,Nitrogen dioxide (NO2),Mean,ppb,UHF34,103,Fordham - Bronx Pk,Annual Average 2014,12/01/2013,19.44,
221833,386,Ozone (O3),Mean,ppb,UHF34,204,East New York,Summer 2011,06/01/2011,33.5,
412042,386,Ozone (O3),Mean,ppb,UHF34,203,Bedford Stuyvesant - Crown Heights,Summer 2016,06/01/2016,32.98,
221808,386,Ozone (O3),Mean,ppb,UHF34,104,Pelham - Throgs Neck,Summer 2010,06/01/2010,34.31,
221809,386,Ozone (O3),Mean,ppb,UHF34,104,Pelham - Throgs Neck,Summer 2011,06/01/2011,34.24,
412039,386,Ozone (O3),Mean,ppb,UHF34,104,Pelham - Throgs Neck,Summer 2016,06/01/2016,33.63,
412038,386,Ozone (O3),Mean,ppb,UHF34,103,Fordham - Bronx Pk,Summer 2016,06/01/2016,32.78,
221899,386,Ozone (O3),Mean,ppb,UHF34,304,Upper West Side,Summer 2011,06/01/2011,27.89,
221898,386,Ozone (O3),Mean,ppb,UHF34,304,Upper West Side,Summer 2010,06/01/2010,28.68,
221802,386,Ozone (O3),Mean,ppb,UHF34,103,Fordham - Bronx Pk,Summer 2010,06/01/2010,32.53,
412054,386,Ozone (O3),Mean,ppb,UHF34,304,Upper West Side,Summer 2016,06/01/2016,30.54,
412559,375,Nitrogen dioxide (NO2),Mean,ppb,UHF34,103,Fordham - Bronx Pk,Winter 2015-16,12/01/2015,21.54,
741025,375,Nitrogen dioxide (NO2),Mean,ppb,UHF34,103,Fordham - Bronx Pk,Winter 2020-21,12/01/2020,19.33,
172139,375,Nitrogen dioxide (NO2),Mean,ppb,UHF34,103,Fordham - Bronx Pk,Summer 2011,06/01/2011,18.38,
172684,375,Nitrogen dioxide (NO2),Mean,ppb,UHF34,104,Pelham - Throgs Neck,Annual Average 2012,12/01/2011,19.94,
172683,375,Nitrogen dioxide (NO2),Mean,ppb,UHF34,103,Fordham - Bronx Pk,Annual Average 2012,12/01/2011,21.01,
643466,375,Nitrogen dioxide (NO2),Mean,ppb,UHF34,204,East New York,Summer 2019,06/01/2019,11.97,
667352,375,Nitrogen dioxide (NO2),Mean,ppb,UHF34,204,East New York,Winter 2019-20,12/01/2019,25.5,
669693,365,Fine particles (PM 2.5),Mean,mcg/m3,UHF34,203,Bedford Stuyvesant - Crown Heights,Winter 2019-20,12/01/2019,7.81,
334088,365,Fine particles (PM 2.5),Mean,mcg/m3,UHF34,104,Pelham - Throgs Neck,Summer 2015,06/01/2015,9.68,
669702,365,Fine particles (PM 2.5),Mean,mcg/m3,UHF34,104,Pelham - Throgs Neck,Winter 2019-20,12/01/2019,7.28,
649799,365,Fine particles (PM 2.5),Mean,mcg/m3,UHF34,104,Pelham - Throgs Neck,Summer 2019,06/01/2019,7.81,
649796,365,Fine particles (PM 2.5),Mean,mcg/m3,UHF34,103,Fordham - Bronx Pk,Summer 2019,06/01/2019,7.77,
669705,365,Fine particles (PM 2.5),Mean,mcg/m3,UHF34,103,Fordham - Bronx Pk,Winter 2019-20,12/01/2019,6.68,
173106,365,Fine particles (PM 2.5),Mean,mcg/m3,UHF34,303,East Harlem,Winter 2008-09,12/01/2008,14.13,
649840,365,Fine particles (PM 2.5),Mean,mcg/m3,UHF34,303,East Harlem,Annual Average 2019,01/01/2019,7.11,
605842,365,Fine particles (PM 2.5),Mean,mcg/m3,UHF34,303,East Harlem,Winter 2017-18,12/01/2017,8.36,
334086,365,Fine particles (PM 2.5),Mean,mcg/m3,UHF34,103,Fordham - Bronx Pk,Winter 2014-15,12/01/2014,10.16,
173107,365,Fine particles (PM 2.5),Mean,mcg/m3,UHF34,304,Upper West Side,Winter 2008-09,12/01/2008,14.69,
211876,365,Fine particles (PM 2.5),Mean,mcg/m3,UHF34,304,Upper West Side,Winter 2013-14,12/01/2013,13.77,
605845,365,Fine particles (PM 2.5),Mean,mcg/m3,UHF34,304,Upper West Side,Winter 2017-18,12/01/2017,9.21,
411027,365,Fine particles (PM 2.5),Mean,mcg/m3,CD,209,Parkchester and Soundview (CD9),Summer 2016,06/01/2016,8.23,
669868,365,Fine particles (PM 2.5),Mean,mcg/m3,CD,209,Parkchester and Soundview (CD9),Annual Average 2020,01/01/2020,6.2,
170290,365,Fine particles (PM 2.5),Mean,mcg/m3,CD,109,Morningside Heights and Hamilton Heights (CD9),Annual Average 2011,12/01/2010,11.19,
170172,365,Fine particles (PM 2.5),Mean,mcg/m3,CD,109,Morningside Heights and Hamilton Heights (CD9),Annual Average 2009,12/01/2008,11.69,
213939,365,Fine particles (PM 2.5),Mean,mcg/m3,CD,109,Morningside Heights and Hamilton Heights (CD9),Summer 2014,06/01/2014,9.17,
649920,365,Fine particles (PM 2.5),Mean,mcg/m3,CD,109,Morningside Heights and Hamilton Heights (CD9),Winter 2018-19,12/01/2018,7.53,
669573,365,Fine particles (PM 2.5),Mean,mcg/m3,CD,109,Morningside Heights and Hamilton Heights (CD9),Annual Average 2020,01/01/2020,6.3,
170174,365,Fine particles (PM 2.5),Mean,mcg/m3,CD,111,East Harlem (CD11),Annual Average 2009,12/01/2008,11.54,
170292,365,Fine particles (PM 2.5),Mean,mcg/m3,CD,111,East Harlem (CD11),Annual Average 2011,12/01/2010,11.12,
213941,365,Fine particles (PM 2.5),Mean,mcg/m3,CD,111,East Harlem (CD11),Summer 2014,06/01/2014,9.25,
334213,365,Fine particles (PM 2.5),Mean,mcg/m3,CD,111,East Harlem (CD11),Annual Average 2015,01/01/2015,9.5,
649926,365,Fine particles (PM 2.5),Mean,mcg/m3,CD,111,East Harlem (CD11),Winter 2018-19,12/01/2018,7.8,
669579,365,Fine particles (PM 2.5),Mean,mcg/m3,CD,111,East Harlem (CD11),Annual Average 2020,01/01/2020,6.38,
170186,365,Fine particles (PM 2.5),Mean,mcg/m3,CD,211,Morris Park and Bronxdale (CD11),Annual Average 2009,12/01/2008,10.63,
170304,365,Fine particles (PM 2.5),Mean,mcg/m3,CD,211,Morris Park and Bronxdale (CD11),Annual Average 2011,12/01/2010,10.45,
669874,365,Fine particles (PM 2.5),Mean,mcg/m3,CD,211,Morris Park and Bronxdale (CD11),Annual Average 2020,01/01/2020,6.01,
170184,365,Fine particles (PM 2.5),Mean,mcg/m3,CD,209,Parkchester and Soundview (CD9),Annual Average 2009,12/01/2008,10.82,
170302,365,Fine particles (PM 2.5),Mean,mcg/m3,CD,209,Parkchester and Soundview (CD9),Annual Average 2011,12/01/2010,10.68,
213951,365,Fine particles (PM 2.5),Mean,mcg/m3,CD,209,Parkchester and Soundview (CD9),Summer 2014,06/01/2014,8.63,
334243,365,Fine particles (PM 2.5),Mean,mcg/m3,CD,209,Parkchester and Soundview (CD9),Annual Average 2015,01/01/2015,8.99,
211769,375,Nitrogen dioxide (NO2),Mean,ppb,UHF34,210,Coney Island - Sheepshead Bay,Annual Average 2014,12/01/2013,17.63,
549927,375,Nitrogen dioxide (NO2),Mean,ppb,UHF34,210,Coney Island - Sheepshead Bay,Winter 2016-17,12/01/2016,23.25,
172184,375,Nitrogen dioxide (NO2),Mean,ppb,UHF34,210,Coney Island - Sheepshead Bay,Summer 2012,06/01/2012,12.25,
412594,375,Nitrogen dioxide (NO2),Mean,ppb,UHF34,210,Coney Island - Sheepshead Bay,Annual Average 2016,12/31/2015,15.62,
221870,386,Ozone (O3),Mean,ppb,UHF34,210,Coney Island - Sheepshead Bay,Summer 2012,06/01/2012,37.08,
221871,386,Ozone (O3),Mean,ppb,UHF34,210,Coney Island - Sheepshead Bay,Summer 2013,06/01/2013,33.88,
650977,386,Ozone (O3),Mean,ppb,UHF34,210,Coney Island - Sheepshead Bay,Summer 2019,06/01/2019,33.33,
211578,375,Nitrogen dioxide (NO2),Mean,ppb,UHF34,410,Rockaways,Winter 2013-14,12/01/2013,22.68,
602908,375,Nitrogen dioxide (NO2),Mean,ppb,UHF34,410,Rockaways,Winter 2017-18,12/01/2017,14.41,
171585,375,Nitrogen dioxide (NO2),Mean,ppb,UHF34,410,Rockaways,Winter 2008-09,12/01/2008,21.03,
221945,386,Ozone (O3),Mean,ppb,UHF34,410,Rockaways,Summer 2009,06/01/2009,33.59,
172617,375,Nitrogen dioxide (NO2),Mean,ppb,UHF34,201,Greenpoint,Annual Average 2010,12/01/2009,25.08,
174148,365,Fine particles (PM 2.5),Mean,mcg/m3,UHF34,202,Downtown - Heights - Slope,Annual Average 2010,12/01/2009,10.49,
173230,365,Fine particles (PM 2.5),Mean,mcg/m3,UHF34,202,Downtown - Heights - Slope,Winter 2012-13,12/01/2012,11.11,
334094,365,Fine particles (PM 2.5),Mean,mcg/m3,UHF34,202,Downtown - Heights - Slope,Summer 2015,06/01/2015,10.29,
669696,365,Fine particles (PM 2.5),Mean,mcg/m3,UHF34,202,Downtown - Heights - Slope,Winter 2019-20,12/01/2019,8.55,
605836,365,Fine particles (PM 2.5),Mean,mcg/m3,UHF34,301,Washington Heights,Winter 2017-18,12/01/2017,8.29,
649834,365,Fine particles (PM 2.5),Mean,mcg/m3,UHF34,301,Washington Heights,Annual Average 2019,01/01/2019,7.11,
173105,365,Fine particles (PM 2.5),Mean,mcg/m3,UHF34,302,Central Harlem - Morningside Heights,Winter 2008-09,12/01/2008,14.56,
211874,365,Fine particles (PM 2.5),Mean,mcg/m3,UHF34,302,Central Harlem - Morningside Heights,Winter 2013-14,12/01/2013,13.1,
605839,365,Fine particles (PM 2.5),Mean,mcg/m3,UHF34,302,Central Harlem - Morningside Heights,Winter 2017-18,12/01/2017,8.44,
649837,365,Fine particles (PM 2.5),Mean,mcg/m3,UHF34,302,Central Harlem - Morningside Heights,Annual Average 2019,01/01/2019,7,
173600,365,Fine particles (PM 2.5),Mean,mcg/m3,UHF34,102,Northeast Bronx,Summer 2009,06/01/2009,10.33,
334083,365,Fine particles (PM 2.5),Mean,mcg/m3,UHF34,102,Northeast Bronx,Winter 2014-15,12/01/2014,10.14,
547498,365,Fine particles (PM 2.5),Mean,mcg/m3,UHF34,102,Northeast Bronx,Annual Average 2017,01/01/2017,7.46,
742293,365,Fine particles (PM 2.5),Mean,mcg/m3,UHF34,102,Northeast Bronx,Annual Average 2021,01/01/2021,6.49,
173599,365,Fine particles (PM 2.5),Mean,mcg/m3,UHF34,101,Kingsbridge - Riverdale,Summer 2009,06/01/2009,10.38,
173094,365,Fine particles (PM 2.5),Mean,mcg/m3,UHF34,202,Downtown - Heights - Slope,Winter 2008-09,12/01/2008,14.16,
173093,365,Fine particles (PM 2.5),Mean,mcg/m3,UHF34,201,Greenpoint,Winter 2008-09,12/01/2008,14.25,
211862,365,Fine particles (PM 2.5),Mean,mcg/m3,UHF34,201,Greenpoint,Winter 2013-14,12/01/2013,13.51,
649801,365,Fine particles (PM 2.5),Mean,mcg/m3,UHF34,201,Greenpoint,Annual Average 2019,01/01/2019,8.56,
173104,365,Fine particles (PM 2.5),Mean,mcg/m3,UHF34,301,Washington Heights,Winter 2008-09,12/01/2008,15.06,
211873,365,Fine particles (PM 2.5),Mean,mcg/m3,UHF34,301,Washington Heights,Winter 2013-14,12/01/2013,12.93,
174245,365,Fine particles (PM 2.5),Mean,mcg/m3,UHF34,101,Kingsbridge - Riverdale,Annual Average 2013,12/01/2012,8.88,
334080,365,Fine particles (PM 2.5),Mean,mcg/m3,UHF34,101,Kingsbridge - Riverdale,Winter 2014-15,12/01/2014,10.16,
547495,365,Fine particles (PM 2.5),Mean,mcg/m3,UHF34,101,Kingsbridge - Riverdale,Annual Average 2017,01/01/2017,7.41,
174215,365,Fine particles (PM 2.5),Mean,mcg/m3,UHF34,201,Greenpoint,Annual Average 2012,12/01/2011,10.27,
174212,365,Fine particles (PM 2.5),Mean,mcg/m3,UHF34,102,Northeast Bronx,Annual Average 2012,12/01/2011,9.11,
174216,365,Fine particles (PM 2.5),Mean,mcg/m3,UHF34,202,Downtown - Heights - Slope,Annual Average 2012,12/01/2011,9.9,
174211,365,Fine particles (PM 2.5),Mean,mcg/m3,UHF34,101,Kingsbridge - Riverdale,Annual Average 2012,12/01/2011,9.27,
173226,365,Fine particles (PM 2.5),Mean,mcg/m3,UHF34,102,Northeast Bronx,Winter 2012-13,12/01/2012,10.59,
174144,365,Fine particles (PM 2.5),Mean,mcg/m3,UHF34,102,Northeast Bronx,Annual Average 2010,12/01/2009,9.65,
334082,365,Fine particles (PM 2.5),Mean,mcg/m3,UHF34,102,Northeast Bronx,Summer 2015,06/01/2015,9.73,
667105,375,Nitrogen dioxide (NO2),Mean,ppb,UHF42,202,Downtown - Heights - Slope,Annual Average 2020,01/01/2020,18.26,
177273,365,Fine particles (PM 2.5),Mean,mcg/m3,UHF42,202,Downtown - Heights - Slope,Winter 2011-12,12/01/2011,10.44,
177189,365,Fine particles (PM 2.5),Mean,mcg/m3,UHF42,202,Downtown - Heights - Slope,Winter 2009-10,12/01/2009,10.67,
176510,375,Nitrogen dioxide (NO2),Mean,ppb,UHF42,102,Northeast Bronx,Annual Average 2009,12/01/2008,22.39,
176594,375,Nitrogen dioxide (NO2),Mean,ppb,UHF42,102,Northeast Bronx,Annual Average 2011,12/01/2010,21.06,
212417,375,Nitrogen dioxide (NO2),Mean,ppb,UHF42,102,Northeast Bronx,Summer 2014,06/01/2014,15.4,
336493,375,Nitrogen dioxide (NO2),Mean,ppb,UHF42,102,Northeast Bronx,Annual Average 2015,01/01/2015,19.52,
122134,386,Ozone (O3),Mean,ppb,UHF34,207,East Flatbush - Flatbush,2-Year Summer Average 2009-2010,06/01/2009,27.11,
177861,365,Fine particles (PM 2.5),Mean,mcg/m3,UHF42,202,Downtown - Heights - Slope,Summer 2011,06/01/2011,12.26,
410759,365,Fine particles (PM 2.5),Mean,mcg/m3,UHF42,202,Downtown - Heights - Slope,Winter 2015-16,12/01/2015,9.84,
178533,365,Fine particles (PM 2.5),Mean,mcg/m3,UHF42,202,Downtown - Heights - Slope,Annual Average 2012,12/01/2011,9.9,
333956,365,Fine particles (PM 2.5),Mean,mcg/m3,UHF42,102,Northeast Bronx,Summer 2015,06/01/2015,9.73,
649667,365,Fine particles (PM 2.5),Mean,mcg/m3,UHF42,102,Northeast Bronx,Summer 2019,06/01/2019,7.7,
669834,365,Fine particles (PM 2.5),Mean,mcg/m3,UHF42,102,Northeast Bronx,Winter 2019-20,12/01/2019,6.66,
177903,365,Fine particles (PM 2.5),Mean,mcg/m3,UHF42,202,Downtown - Heights - Slope,Summer 2012,06/01/2012,11.12,
177938,365,Fine particles (PM 2.5),Mean,mcg/m3,UHF42,102,Northeast Bronx,Summer 2013,06/01/2013,10.17,
410740,365,Fine particles (PM 2.5),Mean,mcg/m3,UHF42,102,Northeast Bronx,Annual Average 2016,12/31/2015,7.55,
742166,365,Fine particles (PM 2.5),Mean,mcg/m3,UHF42,102,Northeast Bronx,Summer 2021,06/01/2021,8.54,
178506,365,Fine particles (PM 2.5),Mean,mcg/m3,UHF42,306,Chelsea - Clinton,Annual Average 2011,12/01/2010,13.27,
221852,386,Ozone (O3),Mean,ppb,UHF34,207,East Flatbush - Flatbush,Summer 2012,06/01/2012,33.38,
221853,386,Ozone (O3),Mean,ppb,UHF34,207,East Flatbush - Flatbush,Summer 2013,06/01/2013,30.73,
172623,375,Nitrogen dioxide (NO2),Mean,ppb,UHF34,207,East Flatbush - Flatbush,Annual Average 2010,12/01/2009,23.64,
336647,375,Nitrogen dioxide (NO2),Mean,ppb,UHF34,207,East Flatbush - Flatbush,Summer 2015,06/01/2015,14.54,
171582,375,Nitrogen dioxide (NO2),Mean,ppb,UHF34,407,Southwest Queens,Winter 2008-09,12/01/2008,29.22,
211575,375,Nitrogen dioxide (NO2),Mean,ppb,UHF34,407,Southwest Queens,Winter 2013-14,12/01/2013,27.42,
643513,375,Nitrogen dioxide (NO2),Mean,ppb,UHF34,407,Southwest Queens,Annual Average 2019,01/01/2019,15.14,
178491,365,Fine particles (PM 2.5),Mean,mcg/m3,UHF42,202,Downtown - Heights - Slope,Annual Average 2011,12/01/2010,11.14,
178484,365,Fine particles (PM 2.5),Mean,mcg/m3,UHF42,102,Northeast Bronx,Annual Average 2011,12/01/2010,10.48,
212795,365,Fine particles (PM 2.5),Mean,mcg/m3,UHF42,102,Northeast Bronx,Summer 2014,06/01/2014,8.71,
333955,365,Fine particles (PM 2.5),Mean,mcg/m3,UHF42,102,Northeast Bronx,Annual Average 2015,01/01/2015,9.13,
669835,365,Fine particles (PM 2.5),Mean,mcg/m3,UHF42,102,Northeast Bronx,Annual Average 2020,01/01/2020,5.95,
549917,375,Nitrogen dioxide (NO2),Mean,ppb,UHF34,207,East Flatbush - Flatbush,Annual Average 2017,01/01/2017,18.83,
741051,375,Nitrogen dioxide (NO2),Mean,ppb,UHF34,207,East Flatbush - Flatbush,Annual Average 2021,01/01/2021,16.38,
643516,375,Nitrogen dioxide (NO2),Mean,ppb,UHF34,408,Jamaica,Annual Average 2019,01/01/2019,15.51,
211571,375,Nitrogen dioxide (NO2),Mean,ppb,UHF34,401,Long Island City - Astoria,Winter 2013-14,12/01/2013,29.39,
602887,375,Nitrogen dioxide (NO2),Mean,ppb,UHF34,401,Long Island City - Astoria,Winter 2017-18,12/01/2017,27.14,
221843,386,Ozone (O3),Mean,ppb,UHF34,206,Borough Park,Summer 2009,06/01/2009,25.54,
211423,365,Fine particles (PM 2.5),Mean,mcg/m3,Borough,4,Queens,Summer 2014,06/01/2014,8.23,
742157,365,Fine particles (PM 2.5),Mean,mcg/m3,Borough,4,Queens,Summer 2021,06/01/2021,8.14,
179586,365,Fine particles (PM 2.5),Mean,mcg/m3,Borough,4,Queens,Summer 2012,06/01/2012,10.06,
179591,365,Fine particles (PM 2.5),Mean,mcg/m3,Borough,4,Queens,Summer 2013,06/01/2013,10.09,
605822,365,Fine particles (PM 2.5),Mean,mcg/m3,UHF34,208,Canarsie - Flatlands,Annual Average 2018,01/01/2018,6.7,
742322,365,Fine particles (PM 2.5),Mean,mcg/m3,UHF34,208,Canarsie - Flatlands,Summer 2021,06/01/2021,7.99,
221903,386,Ozone (O3),Mean,ppb,UHF34,401,Long Island City - Astoria,Summer 2009,06/01/2009,26.08,
221855,386,Ozone (O3),Mean,ppb,UHF34,208,Canarsie - Flatlands,Summer 2009,06/01/2009,28.97,
549920,375,Nitrogen dioxide (NO2),Mean,ppb,UHF34,208,Canarsie - Flatlands,Annual Average 2017,01/01/2017,15.64,
741054,375,Nitrogen dioxide (NO2),Mean,ppb,UHF34,208,Canarsie - Flatlands,Annual Average 2021,01/01/2021,14.28,
171570,375,Nitrogen dioxide (NO2),Mean,ppb,UHF34,208,Canarsie - Flatlands,Winter 2008-09,12/01/2008,25.93,
211563,375,Nitrogen dioxide (NO2),Mean,ppb,UHF34,208,Canarsie - Flatlands,Winter 2013-14,12/01/2013,25.35,
211561,375,Nitrogen dioxide (NO2),Mean,ppb,UHF34,206,Borough Park,Winter 2013-14,12/01/2013,28.12,
122135,386,Ozone (O3),Mean,ppb,UHF34,208,Canarsie - Flatlands,2-Year Summer Average 2009-2010,06/01/2009,29,
605283,386,Ozone (O3),Mean,ppb,UHF34,208,Canarsie - Flatlands,Summer 2018,06/01/2018,32.96,
549380,386,Ozone (O3),Mean,ppb,UHF34,208,Canarsie - Flatlands,Summer 2017,06/01/2017,32.45,
670926,386,Ozone (O3),Mean,ppb,UHF34,208,Canarsie - Flatlands,Summer 2020,06/01/2020,30.36,
221857,386,Ozone (O3),Mean,ppb,UHF34,208,Canarsie - Flatlands,Summer 2011,06/01/2011,35.91,
412047,386,Ozone (O3),Mean,ppb,UHF34,208,Canarsie - Flatlands,Summer 2016,06/01/2016,35.79,
741052,375,Nitrogen dioxide (NO2),Mean,ppb,UHF34,208,Canarsie - Flatlands,Winter 2020-21,12/01/2020,21.17,
172690,375,Nitrogen dioxide (NO2),Mean,ppb,UHF34,206,Borough Park,Annual Average 2012,12/01/2011,20.87,
174154,365,Fine particles (PM 2.5),Mean,mcg/m3,UHF34,208,Canarsie - Flatlands,Annual Average 2010,12/01/2009,9.12,
173236,365,Fine particles (PM 2.5),Mean,mcg/m3,UHF34,208,Canarsie - Flatlands,Winter 2012-13,12/01/2012,9.83,
334112,365,Fine particles (PM 2.5),Mean,mcg/m3,UHF34,208,Canarsie - Flatlands,Summer 2015,06/01/2015,8.97,
649823,365,Fine particles (PM 2.5),Mean,mcg/m3,UHF34,208,Canarsie - Flatlands,Summer 2019,06/01/2019,7.71,
669678,365,Fine particles (PM 2.5),Mean,mcg/m3,UHF34,208,Canarsie - Flatlands,Winter 2019-20,12/01/2019,6.85,
173108,365,Fine particles (PM 2.5),Mean,mcg/m3,UHF34,401,Long Island City - Astoria,Winter 2008-09,12/01/2008,13.59,
649846,365,Fine particles (PM 2.5),Mean,mcg/m3,UHF34,401,Long Island City - Astoria,Annual Average 2019,01/01/2019,7.99,
173098,365,Fine particles (PM 2.5),Mean,mcg/m3,UHF34,206,Borough Park,Winter 2008-09,12/01/2008,12.56,
211867,365,Fine particles (PM 2.5),Mean,mcg/m3,UHF34,206,Borough Park,Winter 2013-14,12/01/2013,11.67,
605818,365,Fine particles (PM 2.5),Mean,mcg/m3,UHF34,206,Borough Park,Winter 2017-18,12/01/2017,8.4,
410743,365,Fine particles (PM 2.5),Mean,mcg/m3,UHF42,103,Fordham - Bronx Pk,Annual Average 2016,12/31/2015,7.57,
605669,365,Fine particles (PM 2.5),Mean,mcg/m3,UHF42,103,Fordham - Bronx Pk,Annual Average 2018,01/01/2018,7.19,
742169,365,Fine particles (PM 2.5),Mean,mcg/m3,UHF42,103,Fordham - Bronx Pk,Summer 2021,06/01/2021,8.67,
334042,365,Fine particles (PM 2.5),Mean,mcg/m3,UHF42,403,Flushing - Clearview,Annual Average 2015,01/01/2015,8.45,
669772,365,Fine particles (PM 2.5),Mean,mcg/m3,UHF42,305,Upper East Side,Annual Average 2020,01/01/2020,6.72,
178505,365,Fine particles (PM 2.5),Mean,mcg/m3,UHF42,305,Upper East Side,Annual Average 2011,12/01/2010,12.1,
178421,365,Fine particles (PM 2.5),Mean,mcg/m3,UHF42,305,Upper East Side,Annual Average 2009,12/01/2008,12.88,
212816,365,Fine particles (PM 2.5),Mean,mcg/m3,UHF42,305,Upper East Side,Summer 2014,06/01/2014,10.43,
669811,365,Fine particles (PM 2.5),Mean,mcg/m3,UHF42,203,Bedford Stuyvesant - Crown Heights,Annual Average 2020,01/01/2020,6.2,
178494,365,Fine particles (PM 2.5),Mean,mcg/m3,UHF42,205,Sunset Park,Annual Average 2011,12/01/2010,10.84,
178410,365,Fine particles (PM 2.5),Mean,mcg/m3,UHF42,205,Sunset Park,Annual Average 2009,12/01/2008,11.04,
212805,365,Fine particles (PM 2.5),Mean,mcg/m3,UHF42,205,Sunset Park,Summer 2014,06/01/2014,9.45,
333985,365,Fine particles (PM 2.5),Mean,mcg/m3,UHF42,205,Sunset Park,Annual Average 2015,01/01/2015,9.45,
649698,365,Fine particles (PM 2.5),Mean,mcg/m3,UHF42,205,Sunset Park,Winter 2018-19,12/01/2018,7.97,
669805,365,Fine particles (PM 2.5),Mean,mcg/m3,UHF42,205,Sunset Park,Annual Average 2020,01/01/2020,6.47,
333964,365,Fine particles (PM 2.5),Mean,mcg/m3,UHF42,105,Crotona -Tremont,Annual Average 2015,01/01/2015,9.67,
605675,365,Fine particles (PM 2.5),Mean,mcg/m3,UHF42,105,Crotona -Tremont,Annual Average 2018,01/01/2018,7.53,
742175,365,Fine particles (PM 2.5),Mean,mcg/m3,UHF42,105,Crotona -Tremont,Summer 2021,06/01/2021,8.73,
177899,365,Fine particles (PM 2.5),Mean,mcg/m3,UHF42,105,Crotona -Tremont,Summer 2012,06/01/2012,11.01,
177941,365,Fine particles (PM 2.5),Mean,mcg/m3,UHF42,105,Crotona -Tremont,Summer 2013,06/01/2013,10.94,
602926,375,Nitrogen dioxide (NO2),Mean,ppb,UHF34,503504,Southern SI,Winter 2017-18,12/01/2017,18.06,
643540,375,Nitrogen dioxide (NO2),Mean,ppb,UHF34,503504,Southern SI,Annual Average 2019,01/01/2019,10.97,
211584,375,Nitrogen dioxide (NO2),Mean,ppb,UHF34,503504,Southern SI,Winter 2013-14,12/01/2013,21.06,
212803,365,Fine particles (PM 2.5),Mean,mcg/m3,UHF42,203,Bedford Stuyvesant - Crown Heights,Summer 2014,06/01/2014,8.97,
178408,365,Fine particles (PM 2.5),Mean,mcg/m3,UHF42,203,Bedford Stuyvesant - Crown Heights,Annual Average 2009,12/01/2008,10.75,
178492,365,Fine particles (PM 2.5),Mean,mcg/m3,UHF42,203,Bedford Stuyvesant - Crown Heights,Annual Average 2011,12/01/2010,10.29,
333979,365,Fine particles (PM 2.5),Mean,mcg/m3,UHF42,203,Bedford Stuyvesant - Crown Heights,Annual Average 2015,01/01/2015,8.87,
649692,365,Fine particles (PM 2.5),Mean,mcg/m3,UHF42,203,Bedford Stuyvesant - Crown Heights,Winter 2018-19,12/01/2018,7.23,
178401,365,Fine particles (PM 2.5),Mean,mcg/m3,UHF42,103,Fordham - Bronx Pk,Annual Average 2009,12/01/2008,11.1,
178485,365,Fine particles (PM 2.5),Mean,mcg/m3,UHF42,103,Fordham - Bronx Pk,Annual Average 2011,12/01/2010,10.77,
212796,365,Fine particles (PM 2.5),Mean,mcg/m3,UHF42,103,Fordham - Bronx Pk,Summer 2014,06/01/2014,8.76,
333958,365,Fine particles (PM 2.5),Mean,mcg/m3,UHF42,103,Fordham - Bronx Pk,Annual Average 2015,01/01/2015,9.14,
649671,365,Fine particles (PM 2.5),Mean,mcg/m3,UHF42,103,Fordham - Bronx Pk,Winter 2018-19,12/01/2018,7.2,
649843,365,Fine particles (PM 2.5),Mean,mcg/m3,UHF34,304,Upper West Side,Annual Average 2019,01/01/2019,7.38,
211865,365,Fine particles (PM 2.5),Mean,mcg/m3,UHF34,204,East New York,Winter 2013-14,12/01/2013,11.69,
211864,365,Fine particles (PM 2.5),Mean,mcg/m3,UHF34,203,Bedford Stuyvesant - Crown Heights,Winter 2013-14,12/01/2013,11.94,
649810,365,Fine particles (PM 2.5),Mean,mcg/m3,UHF34,204,East New York,Annual Average 2019,01/01/2019,6.56,
605812,365,Fine particles (PM 2.5),Mean,mcg/m3,UHF34,204,East New York,Winter 2017-18,12/01/2017,8.23,
605809,365,Fine particles (PM 2.5),Mean,mcg/m3,UHF34,203,Bedford Stuyvesant - Crown Heights,Winter 2017-18,12/01/2017,8.61,
649807,365,Fine particles (PM 2.5),Mean,mcg/m3,UHF34,203,Bedford Stuyvesant - Crown Heights,Annual Average 2019,01/01/2019,6.61,
211861,365,Fine particles (PM 2.5),Mean,mcg/m3,UHF34,104,Pelham - Throgs Neck,Winter 2013-14,12/01/2013,12.05,
605800,365,Fine particles (PM 2.5),Mean,mcg/m3,UHF34,104,Pelham - Throgs Neck,Winter 2017-18,12/01/2017,8.06,
649798,365,Fine particles (PM 2.5),Mean,mcg/m3,UHF34,104,Pelham - Throgs Neck,Annual Average 2019,01/01/2019,6.74,
174214,365,Fine particles (PM 2.5),Mean,mcg/m3,UHF34,104,Pelham - Throgs Neck,Annual Average 2012,12/01/2011,9.23,
174213,365,Fine particles (PM 2.5),Mean,mcg/m3,UHF34,103,Fordham - Bronx Pk,Annual Average 2012,12/01/2011,9.47,
334085,365,Fine particles (PM 2.5),Mean,mcg/m3,UHF34,103,Fordham - Bronx Pk,Summer 2015,06/01/2015,9.73,
171701,375,Nitrogen dioxide (NO2),Mean,ppb,UHF34,203,Bedford Stuyvesant - Crown Heights,Winter 2012-13,12/01/2012,27.11,
172619,375,Nitrogen dioxide (NO2),Mean,ppb,UHF34,203,Bedford Stuyvesant - Crown Heights,Annual Average 2010,12/01/2009,25.17,
336635,375,Nitrogen dioxide (NO2),Mean,ppb,UHF34,203,Bedford Stuyvesant - Crown Heights,Summer 2015,06/01/2015,15.97,
643463,375,Nitrogen dioxide (NO2),Mean,ppb,UHF34,203,Bedford Stuyvesant - Crown Heights,Summer 2019,06/01/2019,14.34,
171698,375,Nitrogen dioxide (NO2),Mean,ppb,UHF34,104,Pelham - Throgs Neck,Winter 2012-13,12/01/2012,22.38,
172616,375,Nitrogen dioxide (NO2),Mean,ppb,UHF34,104,Pelham - Throgs Neck,Annual Average 2010,12/01/2009,21.04,
336626,375,Nitrogen dioxide (NO2),Mean,ppb,UHF34,104,Pelham - Throgs Neck,Summer 2015,06/01/2015,15.12,
643454,375,Nitrogen dioxide (NO2),Mean,ppb,UHF34,104,Pelham - Throgs Neck,Summer 2019,06/01/2019,12.8,
667328,375,Nitrogen dioxide (NO2),Mean,ppb,UHF34,104,Pelham - Throgs Neck,Winter 2019-20,12/01/2019,22.22,
338217,386,Ozone (O3),Mean,ppb,UHF34,104,Pelham - Throgs Neck,Summer 2015,06/01/2015,31.41,
650967,386,Ozone (O3),Mean,ppb,UHF34,104,Pelham - Throgs Neck,Summer 2019,06/01/2019,30.87,
650966,386,Ozone (O3),Mean,ppb,UHF34,103,Fordham - Bronx Pk,Summer 2019,06/01/2019,29.64,
650971,386,Ozone (O3),Mean,ppb,UHF34,204,East New York,Summer 2019,06/01/2019,32.61,
643451,375,Nitrogen dioxide (NO2),Mean,ppb,UHF34,103,Fordham - Bronx Pk,Summer 2019,06/01/2019,12.17,
667322,375,Nitrogen dioxide (NO2),Mean,ppb,UHF34,103,Fordham - Bronx Pk,Winter 2019-20,12/01/2019,22.59,
171697,375,Nitrogen dioxide (NO2),Mean,ppb,UHF34,103,Fordham - Bronx Pk,Winter 2012-13,12/01/2012,24.13,
172665,375,Nitrogen dioxide (NO2),Mean,ppb,UHF34,304,Upper West Side,Annual Average 2011,12/01/2010,29.3,
172664,375,Nitrogen dioxide (NO2),Mean,ppb,UHF34,303,East Harlem,Annual Average 2011,12/01/2010,27.65,
172596,375,Nitrogen dioxide (NO2),Mean,ppb,UHF34,303,East Harlem,Annual Average 2009,12/01/2008,29.9,
336667,375,Nitrogen dioxide (NO2),Mean,ppb,UHF34,303,East Harlem,Annual Average 2015,01/01/2015,22.99,
649793,365,Fine particles (PM 2.5),Mean,mcg/m3,UHF34,102,Northeast Bronx,Summer 2019,06/01/2019,7.7,
669708,365,Fine particles (PM 2.5),Mean,mcg/m3,UHF34,102,Northeast Bronx,Winter 2019-20,12/01/2019,6.66,
173225,365,Fine particles (PM 2.5),Mean,mcg/m3,UHF34,101,Kingsbridge - Riverdale,Winter 2012-13,12/01/2012,11.33,
338218,386,Ozone (O3),Mean,ppb,UHF34,201,Greenpoint,Summer 2015,06/01/2015,30.97,
338215,386,Ozone (O3),Mean,ppb,UHF34,102,Northeast Bronx,Summer 2015,06/01/2015,29.93,
650965,386,Ozone (O3),Mean,ppb,UHF34,102,Northeast Bronx,Summer 2019,06/01/2019,30.34,
338214,386,Ozone (O3),Mean,ppb,UHF34,101,Kingsbridge - Riverdale,Summer 2015,06/01/2015,28.72,
650964,386,Ozone (O3),Mean,ppb,UHF34,101,Kingsbridge - Riverdale,Summer 2019,06/01/2019,28.43,
338219,386,Ozone (O3),Mean,ppb,UHF34,202,Downtown - Heights - Slope,Summer 2015,06/01/2015,29.76,
650969,386,Ozone (O3),Mean,ppb,UHF34,202,Downtown - Heights - Slope,Summer 2019,06/01/2019,27.61,
171700,375,Nitrogen dioxide (NO2),Mean,ppb,UHF34,202,Downtown - Heights - Slope,Winter 2012-13,12/01/2012,28.16,
172618,375,Nitrogen dioxide (NO2),Mean,ppb,UHF34,202,Downtown - Heights - Slope,Annual Average 2010,12/01/2009,26.46,
336632,375,Nitrogen dioxide (NO2),Mean,ppb,UHF34,202,Downtown - Heights - Slope,Summer 2015,06/01/2015,17.42,
643460,375,Nitrogen dioxide (NO2),Mean,ppb,UHF34,202,Downtown - Heights - Slope,Summer 2019,06/01/2019,17.99,
172614,375,Nitrogen dioxide (NO2),Mean,ppb,UHF34,102,Northeast Bronx,Annual Average 2010,12/01/2009,20.21,
171696,375,Nitrogen dioxide (NO2),Mean,ppb,UHF34,102,Northeast Bronx,Winter 2012-13,12/01/2012,22.24,
336620,375,Nitrogen dioxide (NO2),Mean,ppb,UHF34,102,Northeast Bronx,Summer 2015,06/01/2015,15.79,
643448,375,Nitrogen dioxide (NO2),Mean,ppb,UHF34,102,Northeast Bronx,Summer 2019,06/01/2019,12.28,
667316,375,Nitrogen dioxide (NO2),Mean,ppb,UHF34,102,Northeast Bronx,Winter 2019-20,12/01/2019,21.91,
171695,375,Nitrogen dioxide (NO2),Mean,ppb,UHF34,101,Kingsbridge - Riverdale,Winter 2012-13,12/01/2012,23.12,
172613,375,Nitrogen dioxide (NO2),Mean,ppb,UHF34,101,Kingsbridge - Riverdale,Annual Average 2010,12/01/2009,20.13,
336617,375,Nitrogen dioxide (NO2),Mean,ppb,UHF34,101,Kingsbridge - Riverdale,Summer 2015,06/01/2015,14.28,
643445,375,Nitrogen dioxide (NO2),Mean,ppb,UHF34,101,Kingsbridge - Riverdale,Summer 2019,06/01/2019,10.39,
221926,386,Ozone (O3),Mean,ppb,UHF34,405,Ridgewood - Forest Hills,Summer 2014,06/01/2014,31.33,
221890,386,Ozone (O3),Mean,ppb,UHF34,302,Central Harlem - Morningside Heights,Summer 2014,06/01/2014,28.58,
221914,386,Ozone (O3),Mean,ppb,UHF34,402,West Queens,Summer 2014,06/01/2014,30.87,
172595,375,Nitrogen dioxide (NO2),Mean,ppb,UHF34,302,Central Harlem - Morningside Heights,Annual Average 2009,12/01/2008,31.06,
667405,375,Nitrogen dioxide (NO2),Mean,ppb,UHF34,302,Central Harlem - Morningside Heights,Annual Average 2020,01/01/2020,18.99,
643491,375,Nitrogen dioxide (NO2),Mean,ppb,UHF34,301,Washington Heights,Winter 2018-19,12/01/2018,22.24,
172594,375,Nitrogen dioxide (NO2),Mean,ppb,UHF34,301,Washington Heights,Annual Average 2009,12/01/2008,28.5,
211669,375,Nitrogen dioxide (NO2),Mean,ppb,UHF34,301,Washington Heights,Summer 2014,06/01/2014,17.09,
336661,375,Nitrogen dioxide (NO2),Mean,ppb,UHF34,301,Washington Heights,Annual Average 2015,01/01/2015,21.14,
667333,375,Nitrogen dioxide (NO2),Mean,ppb,UHF34,201,Greenpoint,Annual Average 2020,01/01/2020,19.63,
336628,375,Nitrogen dioxide (NO2),Mean,ppb,UHF34,201,Greenpoint,Annual Average 2015,01/01/2015,21.69,
221862,386,Ozone (O3),Mean,ppb,UHF34,209,Bensonhurst - Bay Ridge,Summer 2010,06/01/2010,34.5,
221863,386,Ozone (O3),Mean,ppb,UHF34,209,Bensonhurst - Bay Ridge,Summer 2011,06/01/2011,33.85,
412048,386,Ozone (O3),Mean,ppb,UHF34,209,Bensonhurst - Bay Ridge,Summer 2016,06/01/2016,34.25,
172693,375,Nitrogen dioxide (NO2),Mean,ppb,UHF34,209,Bensonhurst - Bay Ridge,Annual Average 2012,12/01/2011,19.27,
173239,365,Fine particles (PM 2.5),Mean,mcg/m3,UHF34,211,Williamsburg - Bushwick,Winter 2012-13,12/01/2012,10.94,
334121,365,Fine particles (PM 2.5),Mean,mcg/m3,UHF34,211,Williamsburg - Bushwick,Summer 2015,06/01/2015,10.2,
649832,365,Fine particles (PM 2.5),Mean,mcg/m3,UHF34,211,Williamsburg - Bushwick,Summer 2019,06/01/2019,8.96,
669669,365,Fine particles (PM 2.5),Mean,mcg/m3,UHF34,211,Williamsburg - Bushwick,Winter 2019-20,12/01/2019,8.29,
173237,365,Fine particles (PM 2.5),Mean,mcg/m3,UHF34,209,Bensonhurst - Bay Ridge,Winter 2012-13,12/01/2012,9.88,
174155,365,Fine particles (PM 2.5),Mean,mcg/m3,UHF34,209,Bensonhurst - Bay Ridge,Annual Average 2010,12/01/2009,9.18,
334115,365,Fine particles (PM 2.5),Mean,mcg/m3,UHF34,209,Bensonhurst - Bay Ridge,Summer 2015,06/01/2015,8.95,
173103,365,Fine particles (PM 2.5),Mean,mcg/m3,UHF34,211,Williamsburg - Bushwick,Winter 2008-09,12/01/2008,14.11,
211872,365,Fine particles (PM 2.5),Mean,mcg/m3,UHF34,211,Williamsburg - Bushwick,Winter 2013-14,12/01/2013,12.69,
649831,365,Fine particles (PM 2.5),Mean,mcg/m3,UHF34,211,Williamsburg - Bushwick,Annual Average 2019,01/01/2019,7.5,
605833,365,Fine particles (PM 2.5),Mean,mcg/m3,UHF34,211,Williamsburg - Bushwick,Winter 2017-18,12/01/2017,9.42,
174223,365,Fine particles (PM 2.5),Mean,mcg/m3,UHF34,209,Bensonhurst - Bay Ridge,Annual Average 2012,12/01/2011,8.6,
171707,375,Nitrogen dioxide (NO2),Mean,ppb,UHF34,209,Bensonhurst - Bay Ridge,Winter 2012-13,12/01/2012,24.26,
172625,375,Nitrogen dioxide (NO2),Mean,ppb,UHF34,209,Bensonhurst - Bay Ridge,Annual Average 2010,12/01/2009,21.48,
336653,375,Nitrogen dioxide (NO2),Mean,ppb,UHF34,209,Bensonhurst - Bay Ridge,Summer 2015,06/01/2015,13.33,
338226,386,Ozone (O3),Mean,ppb,UHF34,209,Bensonhurst - Bay Ridge,Summer 2015,06/01/2015,32.83,
650976,386,Ozone (O3),Mean,ppb,UHF34,209,Bensonhurst - Bay Ridge,Summer 2019,06/01/2019,30.83,
667382,375,Nitrogen dioxide (NO2),Mean,ppb,UHF34,209,Bensonhurst - Bay Ridge,Winter 2019-20,12/01/2019,23.75,
221980,386,Ozone (O3),Mean,ppb,UHF34,501502,Northern SI,Summer 2014,06/01/2014,30.82,
667393,375,Nitrogen dioxide (NO2),Mean,ppb,UHF34,211,Williamsburg - Bushwick,Annual Average 2020,01/01/2020,18.5,
643488,375,Nitrogen dioxide (NO2),Mean,ppb,UHF34,211,Williamsburg - Bushwick,Winter 2018-19,12/01/2018,25.25,
172183,375,Nitrogen dioxide (NO2),Mean,ppb,UHF34,209,Bensonhurst - Bay Ridge,Summer 2012,06/01/2012,14.96,
412591,375,Nitrogen dioxide (NO2),Mean,ppb,UHF34,209,Bensonhurst - Bay Ridge,Annual Average 2016,12/31/2015,17.78,
602864,375,Nitrogen dioxide (NO2),Mean,ppb,UHF34,209,Bensonhurst - Bay Ridge,Annual Average 2018,01/01/2018,16.86,
741056,375,Nitrogen dioxide (NO2),Mean,ppb,UHF34,209,Bensonhurst - Bay Ridge,Summer 2021,06/01/2021,10.81,
174191,365,Fine particles (PM 2.5),Mean,mcg/m3,UHF34,211,Williamsburg - Bushwick,Annual Average 2011,12/01/2010,10.88,
174123,365,Fine particles (PM 2.5),Mean,mcg/m3,UHF34,211,Williamsburg - Bushwick,Annual Average 2009,12/01/2008,11.36,
211974,365,Fine particles (PM 2.5),Mean,mcg/m3,UHF34,211,Williamsburg - Bushwick,Summer 2014,06/01/2014,9.63,
669670,365,Fine particles (PM 2.5),Mean,mcg/m3,UHF34,211,Williamsburg - Bushwick,Annual Average 2020,01/01/2020,6.72,
669832,365,Fine particles (PM 2.5),Mean,mcg/m3,UHF42,103,Fordham - Bronx Pk,Annual Average 2020,01/01/2020,6,
167632,375,Nitrogen dioxide (NO2),Mean,ppb,CD,106,Stuyvesant Town and Turtle Bay (CD6),Annual Average 2011,12/01/2010,36.42,
167514,375,Nitrogen dioxide (NO2),Mean,ppb,CD,106,Stuyvesant Town and Turtle Bay (CD6),Annual Average 2009,12/01/2008,39.92,
213405,375,Nitrogen dioxide (NO2),Mean,ppb,CD,106,Stuyvesant Town and Turtle Bay (CD6),Summer 2014,06/01/2014,28.64,
167630,375,Nitrogen dioxide (NO2),Mean,ppb,CD,104,Clinton and Chelsea (CD4),Annual Average 2011,12/01/2010,33.45,
167512,375,Nitrogen dioxide (NO2),Mean,ppb,CD,104,Clinton and Chelsea (CD4),Annual Average 2009,12/01/2008,36.27,
213403,375,Nitrogen dioxide (NO2),Mean,ppb,CD,104,Clinton and Chelsea (CD4),Summer 2014,06/01/2014,25.35,
336730,375,Nitrogen dioxide (NO2),Mean,ppb,CD,104,Clinton and Chelsea (CD4),Annual Average 2015,01/01/2015,27.25,
643638,375,Nitrogen dioxide (NO2),Mean,ppb,CD,306,Park Slope and Carroll Gardens (CD6),Winter 2018-19,12/01/2018,24.97,
222646,386,Ozone (O3),Mean,ppb,UHF42,503,Willowbrook,Summer 2014,06/01/2014,31.13,
222472,386,Ozone (O3),Mean,ppb,UHF42,205,Sunset Park,Summer 2014,06/01/2014,30.6,
222460,386,Ozone (O3),Mean,ppb,UHF42,203,Bedford Stuyvesant - Crown Heights,Summer 2014,06/01/2014,30.33,
222418,386,Ozone (O3),Mean,ppb,UHF42,103,Fordham - Bronx Pk,Summer 2014,06/01/2014,30.7,
222538,386,Ozone (O3),Mean,ppb,UHF42,305,Upper East Side,Summer 2014,06/01/2014,26.66,
222430,386,Ozone (O3),Mean,ppb,UHF42,105,Crotona -Tremont,Summer 2014,06/01/2014,30.07,
643326,375,Nitrogen dioxide (NO2),Mean,ppb,UHF42,103,Fordham - Bronx Pk,Winter 2018-19,12/01/2018,19.92,
643566,375,Nitrogen dioxide (NO2),Mean,ppb,CD,106,Stuyvesant Town and Turtle Bay (CD6),Winter 2018-19,12/01/2018,28.25,
170169,365,Fine particles (PM 2.5),Mean,mcg/m3,CD,106,Stuyvesant Town and Turtle Bay (CD6),Annual Average 2009,12/01/2008,14.08,
334198,365,Fine particles (PM 2.5),Mean,mcg/m3,CD,106,Stuyvesant Town and Turtle Bay (CD6),Annual Average 2015,01/01/2015,11.21,
669564,365,Fine particles (PM 2.5),Mean,mcg/m3,CD,106,Stuyvesant Town and Turtle Bay (CD6),Annual Average 2020,01/01/2020,7.79,
216397,386,Ozone (O3),Mean,ppb,CD,208,Riverdale and Fieldston (CD8),Summer 2014,06/01/2014,30.51,
216301,386,Ozone (O3),Mean,ppb,CD,104,Clinton and Chelsea (CD4),Summer 2014,06/01/2014,26.12,
216385,386,Ozone (O3),Mean,ppb,CD,206,Belmont and East Tremont (CD6),Summer 2014,06/01/2014,30.34,
216313,386,Ozone (O3),Mean,ppb,CD,106,Stuyvesant Town and Turtle Bay (CD6),Summer 2014,06/01/2014,24.05,
167646,375,Nitrogen dioxide (NO2),Mean,ppb,CD,208,Riverdale and Fieldston (CD8),Annual Average 2011,12/01/2010,20.8,
167528,375,Nitrogen dioxide (NO2),Mean,ppb,CD,208,Riverdale and Fieldston (CD8),Annual Average 2009,12/01/2008,23.21,
213419,375,Nitrogen dioxide (NO2),Mean,ppb,CD,208,Riverdale and Fieldston (CD8),Summer 2014,06/01/2014,13.59,
336778,375,Nitrogen dioxide (NO2),Mean,ppb,CD,208,Riverdale and Fieldston (CD8),Annual Average 2015,01/01/2015,17.83,
643608,375,Nitrogen dioxide (NO2),Mean,ppb,CD,208,Riverdale and Fieldston (CD8),Winter 2018-19,12/01/2018,18.31,
643560,375,Nitrogen dioxide (NO2),Mean,ppb,CD,104,Clinton and Chelsea (CD4),Winter 2018-19,12/01/2018,28.31,
667537,375,Nitrogen dioxide (NO2),Mean,ppb,CD,104,Clinton and Chelsea (CD4),Annual Average 2020,01/01/2020,22.53,
"130933,651,Cardiovascular hospitalizations due to PM2.5 (age 40+),Estimated annual rate,""per 100,000 adults"",UHF42,103,Fordham - Bronx Pk,2005-2007,01/01/2005,30.6,"
172651,375,Nitrogen dioxide (NO2),Mean,ppb,UHF34,201,Greenpoint,Annual Average 2011,12/01/2010,25.84,
172583,375,Nitrogen dioxide (NO2),Mean,ppb,UHF34,201,Greenpoint,Annual Average 2009,12/01/2008,26.95,
211658,375,Nitrogen dioxide (NO2),Mean,ppb,UHF34,201,Greenpoint,Summer 2014,06/01/2014,17.27,
172176,375,Nitrogen dioxide (NO2),Mean,ppb,UHF34,202,Downtown - Heights - Slope,Summer 2012,06/01/2012,20.18,
172210,375,Nitrogen dioxide (NO2),Mean,ppb,UHF34,202,Downtown - Heights - Slope,Summer 2013,06/01/2013,19.95,
412570,375,Nitrogen dioxide (NO2),Mean,ppb,UHF34,202,Downtown - Heights - Slope,Annual Average 2016,12/31/2015,21.65,
167642,375,Nitrogen dioxide (NO2),Mean,ppb,CD,204,Highbridge and Concourse (CD4),Annual Average 2011,12/01/2010,26.9,
167524,375,Nitrogen dioxide (NO2),Mean,ppb,CD,204,Highbridge and Concourse (CD4),Annual Average 2009,12/01/2008,29.71,
213415,375,Nitrogen dioxide (NO2),Mean,ppb,CD,204,Highbridge and Concourse (CD4),Summer 2014,06/01/2014,18.47,
336766,375,Nitrogen dioxide (NO2),Mean,ppb,CD,204,Highbridge and Concourse (CD4),Annual Average 2015,01/01/2015,22.44,
643596,375,Nitrogen dioxide (NO2),Mean,ppb,CD,204,Highbridge and Concourse (CD4),Winter 2018-19,12/01/2018,23.79,
667609,375,Nitrogen dioxide (NO2),Mean,ppb,CD,204,Highbridge and Concourse (CD4),Annual Average 2020,01/01/2020,19.05,
643593,375,Nitrogen dioxide (NO2),Mean,ppb,CD,203,Morrisania and Crotona (CD3),Winter 2018-19,12/01/2018,22.99,
667603,375,Nitrogen dioxide (NO2),Mean,ppb,CD,203,Morrisania and Crotona (CD3),Annual Average 2020,01/01/2020,18.08,
213414,375,Nitrogen dioxide (NO2),Mean,ppb,CD,203,Morrisania and Crotona (CD3),Summer 2014,06/01/2014,17.28,
336763,375,Nitrogen dioxide (NO2),Mean,ppb,CD,203,Morrisania and Crotona (CD3),Annual Average 2015,01/01/2015,21.37,
213427,375,Nitrogen dioxide (NO2),Mean,ppb,CD,304,Bushwick (CD4),Summer 2014,06/01/2014,15.87,
167536,375,Nitrogen dioxide (NO2),Mean,ppb,CD,304,Bushwick (CD4),Annual Average 2009,12/01/2008,25.88,
174143,365,Fine particles (PM 2.5),Mean,mcg/m3,UHF34,101,Kingsbridge - Riverdale,Annual Average 2010,12/01/2009,10.09,
334079,365,Fine particles (PM 2.5),Mean,mcg/m3,UHF34,101,Kingsbridge - Riverdale,Summer 2015,06/01/2015,9.63,
649790,365,Fine particles (PM 2.5),Mean,mcg/m3,UHF34,101,Kingsbridge - Riverdale,Summer 2019,06/01/2019,7.78,
669711,365,Fine particles (PM 2.5),Mean,mcg/m3,UHF34,101,Kingsbridge - Riverdale,Winter 2019-20,12/01/2019,6.37,
669700,365,Fine particles (PM 2.5),Mean,mcg/m3,UHF34,201,Greenpoint,Annual Average 2020,01/01/2020,7.04,
649803,365,Fine particles (PM 2.5),Mean,mcg/m3,UHF34,201,Greenpoint,Winter 2018-19,12/01/2018,9.24,
334090,365,Fine particles (PM 2.5),Mean,mcg/m3,UHF34,201,Greenpoint,Annual Average 2015,01/01/2015,10.49,
174181,365,Fine particles (PM 2.5),Mean,mcg/m3,UHF34,201,Greenpoint,Annual Average 2011,12/01/2010,11.51,
174113,365,Fine particles (PM 2.5),Mean,mcg/m3,UHF34,201,Greenpoint,Annual Average 2009,12/01/2008,11.93,
211964,365,Fine particles (PM 2.5),Mean,mcg/m3,UHF34,201,Greenpoint,Summer 2014,06/01/2014,10.37,
174178,365,Fine particles (PM 2.5),Mean,mcg/m3,UHF34,102,Northeast Bronx,Annual Average 2011,12/01/2010,10.48,
211975,365,Fine particles (PM 2.5),Mean,mcg/m3,UHF34,301,Washington Heights,Summer 2014,06/01/2014,8.96,
222484,386,Ozone (O3),Mean,ppb,UHF42,207,East Flatbush - Flatbush,Summer 2014,06/01/2014,30.94,
222490,386,Ozone (O3),Mean,ppb,UHF42,208,Canarsie - Flatlands,Summer 2014,06/01/2014,33.25,
222442,386,Ozone (O3),Mean,ppb,UHF42,107,Hunts Point - Mott Haven,Summer 2014,06/01/2014,31.41,
643497,375,Nitrogen dioxide (NO2),Mean,ppb,UHF34,303,East Harlem,Winter 2018-19,12/01/2018,24.44,
172586,375,Nitrogen dioxide (NO2),Mean,ppb,UHF34,204,East New York,Annual Average 2009,12/01/2008,23.9,
172654,375,Nitrogen dioxide (NO2),Mean,ppb,UHF34,204,East New York,Annual Average 2011,12/01/2010,22.9,
643500,375,Nitrogen dioxide (NO2),Mean,ppb,UHF34,304,Upper West Side,Winter 2018-19,12/01/2018,25.25,
667417,375,Nitrogen dioxide (NO2),Mean,ppb,UHF34,304,Upper West Side,Annual Average 2020,01/01/2020,19.62,
643464,375,Nitrogen dioxide (NO2),Mean,ppb,UHF34,203,Bedford Stuyvesant - Crown Heights,Winter 2018-19,12/01/2018,23.23,
743677,386,Ozone (O3),Mean,ppb,UHF34,204,East New York,Summer 2021,06/01/2021,31.08,
743666,386,Ozone (O3),Mean,ppb,UHF34,304,Upper West Side,Summer 2021,06/01/2021,27.81,
741038,375,Nitrogen dioxide (NO2),Mean,ppb,UHF34,203,Bedford Stuyvesant - Crown Heights,Summer 2021,06/01/2021,11.86,
213401,375,Nitrogen dioxide (NO2),Mean,ppb,CD,102,Greenwich Village and Soho (CD2),Summer 2014,06/01/2014,24.02,
643551,375,Nitrogen dioxide (NO2),Mean,ppb,CD,101,Financial District (CD1),Winter 2018-19,12/01/2018,27.89,
667519,375,Nitrogen dioxide (NO2),Mean,ppb,CD,101,Financial District (CD1),Annual Average 2020,01/01/2020,21.7,
167640,375,Nitrogen dioxide (NO2),Mean,ppb,CD,202,Hunts Point and Longwood (CD2),Annual Average 2011,12/01/2010,24.34,
213413,375,Nitrogen dioxide (NO2),Mean,ppb,CD,202,Hunts Point and Longwood (CD2),Summer 2014,06/01/2014,16.33,
643590,375,Nitrogen dioxide (NO2),Mean,ppb,CD,202,Hunts Point and Longwood (CD2),Winter 2018-19,12/01/2018,24.5,
167509,375,Nitrogen dioxide (NO2),Mean,ppb,CD,101,Financial District (CD1),Annual Average 2009,12/01/2008,36.62,
167627,375,Nitrogen dioxide (NO2),Mean,ppb,CD,101,Financial District (CD1),Annual Average 2011,12/01/2010,33.51,
213400,375,Nitrogen dioxide (NO2),Mean,ppb,CD,101,Financial District (CD1),Summer 2014,06/01/2014,25.15,
336721,375,Nitrogen dioxide (NO2),Mean,ppb,CD,101,Financial District (CD1),Annual Average 2015,01/01/2015,26.7,
174145,365,Fine particles (PM 2.5),Mean,mcg/m3,UHF34,103,Fordham - Bronx Pk,Annual Average 2010,12/01/2009,10.26,
173227,365,Fine particles (PM 2.5),Mean,mcg/m3,UHF34,103,Fordham - Bronx Pk,Winter 2012-13,12/01/2012,11.27,
174195,365,Fine particles (PM 2.5),Mean,mcg/m3,UHF34,304,Upper West Side,Annual Average 2011,12/01/2010,11.49,
174127,365,Fine particles (PM 2.5),Mean,mcg/m3,UHF34,304,Upper West Side,Annual Average 2009,12/01/2008,12.18,
669658,365,Fine particles (PM 2.5),Mean,mcg/m3,UHF34,304,Upper West Side,Annual Average 2020,01/01/2020,6.35,
649845,365,Fine particles (PM 2.5),Mean,mcg/m3,UHF34,304,Upper West Side,Winter 2018-19,12/01/2018,8.16,
174116,365,Fine particles (PM 2.5),Mean,mcg/m3,UHF34,204,East New York,Annual Average 2009,12/01/2008,10.6,
174184,365,Fine particles (PM 2.5),Mean,mcg/m3,UHF34,204,East New York,Annual Average 2011,12/01/2010,10.09,
211967,365,Fine particles (PM 2.5),Mean,mcg/m3,UHF34,204,East New York,Summer 2014,06/01/2014,8.78,
174183,365,Fine particles (PM 2.5),Mean,mcg/m3,UHF34,203,Bedford Stuyvesant - Crown Heights,Annual Average 2011,12/01/2010,10.29,
174115,365,Fine particles (PM 2.5),Mean,mcg/m3,UHF34,203,Bedford Stuyvesant - Crown Heights,Annual Average 2009,12/01/2008,10.75,
649812,365,Fine particles (PM 2.5),Mean,mcg/m3,UHF34,204,East New York,Winter 2018-19,12/01/2018,7.15,
669691,365,Fine particles (PM 2.5),Mean,mcg/m3,UHF34,204,East New York,Annual Average 2020,01/01/2020,6.02,
649809,365,Fine particles (PM 2.5),Mean,mcg/m3,UHF34,203,Bedford Stuyvesant - Crown Heights,Winter 2018-19,12/01/2018,7.23,
336614,375,Nitrogen dioxide (NO2),Mean,ppb,UHF42,504,South Beach - Tottenville,Summer 2015,06/01/2015,6.69,
643442,375,Nitrogen dioxide (NO2),Mean,ppb,UHF42,504,South Beach - Tottenville,Summer 2019,06/01/2019,7.82,
667304,375,Nitrogen dioxide (NO2),Mean,ppb,UHF42,504,South Beach - Tottenville,Winter 2019-20,12/01/2019,15.41,
175448,375,Nitrogen dioxide (NO2),Mean,ppb,UHF42,404,Bayside - Little Neck,Winter 2012-13,12/01/2012,19.33,
176582,375,Nitrogen dioxide (NO2),Mean,ppb,UHF42,404,Bayside - Little Neck,Annual Average 2010,12/01/2009,19.23,
336584,375,Nitrogen dioxide (NO2),Mean,ppb,UHF42,404,Bayside - Little Neck,Summer 2015,06/01/2015,12.65,
412061,386,Ozone (O3),Mean,ppb,UHF34,409,Southeast Queens,Summer 2016,06/01/2016,34.29,
643412,375,Nitrogen dioxide (NO2),Mean,ppb,UHF42,404,Bayside - Little Neck,Summer 2019,06/01/2019,12.49,
667244,375,Nitrogen dioxide (NO2),Mean,ppb,UHF42,404,Bayside - Little Neck,Winter 2019-20,12/01/2019,19.92,
549792,375,Nitrogen dioxide (NO2),Mean,ppb,UHF42,204,East New York,Winter 2016-17,12/01/2016,24.86,
602733,375,Nitrogen dioxide (NO2),Mean,ppb,UHF42,204,East New York,Summer 2018,06/01/2018,11.97,
667119,375,Nitrogen dioxide (NO2),Mean,ppb,UHF42,204,East New York,Summer 2020,06/01/2020,10.42,
"131596,639,Deaths due to PM2.5,Estimated annual rate (age 30+),""per 100,000 adults"",UHF42,504,South Beach - Tottenville,2009-2011,01/01/2009,48,"
"131565,639,Deaths due to PM2.5,Estimated annual rate (age 30+),""per 100,000 adults"",UHF42,204,East New York,2009-2011,01/01/2009,45.9,"
"131576,639,Deaths due to PM2.5,Estimated annual rate (age 30+),""per 100,000 adults"",UHF42,304,Upper West Side,2009-2011,01/01/2009,48.9,"
"131586,639,Deaths due to PM2.5,Estimated annual rate (age 30+),""per 100,000 adults"",UHF42,404,Bayside - Little Neck,2009-2011,01/01/2009,34.5,"
"131572,639,Deaths due to PM2.5,Estimated annual rate (age 30+),""per 100,000 adults"",UHF42,211,Williamsburg - Bushwick,2009-2011,01/01/2009,50,"
"131558,639,Deaths due to PM2.5,Estimated annual rate (age 30+),""per 100,000 adults"",UHF42,104,Pelham - Throgs Neck,2009-2011,01/01/2009,54.5,"
"518761,639,Deaths due to PM2.5,Estimated annual rate (age 30+),""per 100,000 adults"",UHF42,211,Williamsburg - Bushwick,2012-2014,01/02/2012,41.09,"
"628406,639,Deaths due to PM2.5,Estimated annual rate (age 30+),""per 100,000 adults"",UHF42,211,Williamsburg - Bushwick,2015-2017,01/01/2015,34.7,"
"131346,661,Asthma hospitalizations due to Ozone,Estimated annual rate (age 18+),""per 100,000 adults"",UHF42,404,Bayside - Little Neck,2005-2007,01/01/2005,1.8,"
169504,365,Fine particles (PM 2.5),Mean,mcg/m3,CD,407,Flushing and Whitestone (CD7),Summer 2012,06/01/2012,10.11,
169563,365,Fine particles (PM 2.5),Mean,mcg/m3,CD,407,Flushing and Whitestone (CD7),Summer 2013,06/01/2013,10.13,
411112,365,Fine particles (PM 2.5),Mean,mcg/m3,CD,407,Flushing and Whitestone (CD7),Annual Average 2016,12/31/2015,7.26,
605758,365,Fine particles (PM 2.5),Mean,mcg/m3,UHF42,404,Bayside - Little Neck,Winter 2017-18,12/01/2017,7.57,
649726,365,Fine particles (PM 2.5),Mean,mcg/m3,UHF42,304,Upper West Side,Annual Average 2019,01/01/2019,7.38,
177180,365,Fine particles (PM 2.5),Mean,mcg/m3,UHF42,504,South Beach - Tottenville,Winter 2008-09,12/01/2008,11.62,
212709,365,Fine particles (PM 2.5),Mean,mcg/m3,UHF42,504,South Beach - Tottenville,Winter 2013-14,12/01/2013,11.55,
"131362,661,Asthma hospitalizations due to Ozone,Estimated annual rate (age 18+),""per 100,000 adults"",Borough,5,Staten Island,2005-2007,01/01/2005,4.7,"
"518562,659,Asthma emergency departments visits due to Ozone,Estimated annual rate (age 18+),""per 100,000 adults"",UHF42,204,East New York,2012-2014,01/02/2012,115.2,"
"628927,659,Asthma emergency departments visits due to Ozone,Estimated annual rate (age 18+),""per 100,000 adults"",UHF42,204,East New York,2015-2017,01/01/2015,107.8,"
219976,386,Ozone (O3),Mean,ppb,Borough,2,Brooklyn,Summer 2014,06/01/2014,31.29,
176607,375,Nitrogen dioxide (NO2),Mean,ppb,UHF42,208,Canarsie - Flatlands,Annual Average 2011,12/01/2010,19.21,
176523,375,Nitrogen dioxide (NO2),Mean,ppb,UHF42,208,Canarsie - Flatlands,Annual Average 2009,12/01/2008,20.22,
336532,375,Nitrogen dioxide (NO2),Mean,ppb,UHF42,208,Canarsie - Flatlands,Annual Average 2015,01/01/2015,16.52,
667141,375,Nitrogen dioxide (NO2),Mean,ppb,UHF42,208,Canarsie - Flatlands,Annual Average 2020,01/01/2020,13.76,
336478,375,Nitrogen dioxide (NO2),Mean,ppb,Borough,2,Brooklyn,Annual Average 2015,01/01/2015,19.29,
336475,375,Nitrogen dioxide (NO2),Mean,ppb,Borough,1,Bronx,Annual Average 2015,01/01/2015,19.97,
667033,375,Nitrogen dioxide (NO2),Mean,ppb,Borough,2,Brooklyn,Annual Average 2020,01/01/2020,16,
643308,375,Nitrogen dioxide (NO2),Mean,ppb,Borough,2,Brooklyn,Winter 2018-19,12/01/2018,21.79,
179429,375,Nitrogen dioxide (NO2),Mean,ppb,Borough,2,Brooklyn,Annual Average 2011,12/01/2010,22.84,
211376,375,Nitrogen dioxide (NO2),Mean,ppb,Borough,2,Brooklyn,Summer 2014,06/01/2014,14.54,
174182,365,Fine particles (PM 2.5),Mean,mcg/m3,UHF34,202,Downtown - Heights - Slope,Annual Average 2011,12/01/2010,11.14,
174114,365,Fine particles (PM 2.5),Mean,mcg/m3,UHF34,202,Downtown - Heights - Slope,Annual Average 2009,12/01/2008,11.5,
211965,365,Fine particles (PM 2.5),Mean,mcg/m3,UHF34,202,Downtown - Heights - Slope,Summer 2014,06/01/2014,9.87,
334093,365,Fine particles (PM 2.5),Mean,mcg/m3,UHF34,202,Downtown - Heights - Slope,Annual Average 2015,01/01/2015,9.89,
669697,365,Fine particles (PM 2.5),Mean,mcg/m3,UHF34,202,Downtown - Heights - Slope,Annual Average 2020,01/01/2020,6.69,
649806,365,Fine particles (PM 2.5),Mean,mcg/m3,UHF34,202,Downtown - Heights - Slope,Winter 2018-19,12/01/2018,8.15,
174110,365,Fine particles (PM 2.5),Mean,mcg/m3,UHF34,102,Northeast Bronx,Annual Average 2009,12/01/2008,10.68,
334081,365,Fine particles (PM 2.5),Mean,mcg/m3,UHF34,102,Northeast Bronx,Annual Average 2015,01/01/2015,9.13,
669709,365,Fine particles (PM 2.5),Mean,mcg/m3,UHF34,102,Northeast Bronx,Annual Average 2020,01/01/2020,5.95,
170191,365,Fine particles (PM 2.5),Mean,mcg/m3,CD,304,Bushwick (CD4),Annual Average 2009,12/01/2008,10.81,
334264,365,Fine particles (PM 2.5),Mean,mcg/m3,CD,304,Bushwick (CD4),Annual Average 2015,01/01/2015,8.98,
173706,365,Fine particles (PM 2.5),Mean,mcg/m3,UHF34,202,Downtown - Heights - Slope,Summer 2012,06/01/2012,11.12,
410878,365,Fine particles (PM 2.5),Mean,mcg/m3,UHF34,202,Downtown - Heights - Slope,Annual Average 2016,12/31/2015,8.86,
605804,365,Fine particles (PM 2.5),Mean,mcg/m3,UHF34,202,Downtown - Heights - Slope,Annual Average 2018,01/01/2018,7.85,
216631,386,Ozone (O3),Mean,ppb,CD,503,Tottenville and Great Kills (CD3),Summer 2014,06/01/2014,31.89,
216523,386,Ozone (O3),Mean,ppb,CD,317,East Flatbush (CD17),Summer 2014,06/01/2014,31.23,
216529,386,Ozone (O3),Mean,ppb,CD,318,Flatlands and Canarsie (CD18),Summer 2014,06/01/2014,33.12,
167629,375,Nitrogen dioxide (NO2),Mean,ppb,CD,103,Lower East Side and Chinatown (CD3),Annual Average 2011,12/01/2010,29.7,
336727,375,Nitrogen dioxide (NO2),Mean,ppb,CD,103,Lower East Side and Chinatown (CD3),Annual Average 2015,01/01/2015,24.3,
643557,375,Nitrogen dioxide (NO2),Mean,ppb,CD,103,Lower East Side and Chinatown (CD3),Winter 2018-19,12/01/2018,25.62,
741035,375,Nitrogen dioxide (NO2),Mean,ppb,UHF34,202,Downtown - Heights - Slope,Summer 2021,06/01/2021,14.56,
172206,375,Nitrogen dioxide (NO2),Mean,ppb,UHF34,102,Northeast Bronx,Summer 2013,06/01/2013,14.27,
669694,365,Fine particles (PM 2.5),Mean,mcg/m3,UHF34,203,Bedford Stuyvesant - Crown Heights,Annual Average 2020,01/01/2020,6.2,
222568,386,Ozone (O3),Mean,ppb,UHF42,310,Lower Manhattan,Summer 2014,06/01/2014,25.98,
222496,386,Ozone (O3),Mean,ppb,UHF42,209,Bensonhurst - Bay Ridge,Summer 2014,06/01/2014,31.32,
219982,386,Ozone (O3),Mean,ppb,Borough,3,Manhattan,Summer 2014,06/01/2014,27,
222436,386,Ozone (O3),Mean,ppb,UHF42,106,High Bridge - Morrisania,Summer 2014,06/01/2014,29.91,
643311,375,Nitrogen dioxide (NO2),Mean,ppb,Borough,3,Manhattan,Winter 2018-19,12/01/2018,26.02,
174180,365,Fine particles (PM 2.5),Mean,mcg/m3,UHF34,104,Pelham - Throgs Neck,Annual Average 2011,12/01/2010,10.5,
211963,365,Fine particles (PM 2.5),Mean,mcg/m3,UHF34,104,Pelham - Throgs Neck,Summer 2014,06/01/2014,8.55,
334087,365,Fine particles (PM 2.5),Mean,mcg/m3,UHF34,104,Pelham - Throgs Neck,Annual Average 2015,01/01/2015,8.93,
669703,365,Fine particles (PM 2.5),Mean,mcg/m3,UHF34,104,Pelham - Throgs Neck,Annual Average 2020,01/01/2020,6.12,
649800,365,Fine particles (PM 2.5),Mean,mcg/m3,UHF34,104,Pelham - Throgs Neck,Winter 2018-19,12/01/2018,7.31,
649797,365,Fine particles (PM 2.5),Mean,mcg/m3,UHF34,103,Fordham - Bronx Pk,Winter 2018-19,12/01/2018,7.2,
669706,365,Fine particles (PM 2.5),Mean,mcg/m3,UHF34,103,Fordham - Bronx Pk,Annual Average 2020,01/01/2020,6,
170283,365,Fine particles (PM 2.5),Mean,mcg/m3,CD,102,Greenwich Village and Soho (CD2),Annual Average 2011,12/01/2010,12.08,
649896,365,Fine particles (PM 2.5),Mean,mcg/m3,CD,101,Financial District (CD1),Winter 2018-19,12/01/2018,9.52,
669607,365,Fine particles (PM 2.5),Mean,mcg/m3,CD,101,Financial District (CD1),Annual Average 2020,01/01/2020,7.52,
170164,365,Fine particles (PM 2.5),Mean,mcg/m3,CD,101,Financial District (CD1),Annual Average 2009,12/01/2008,13.05,
170282,365,Fine particles (PM 2.5),Mean,mcg/m3,CD,101,Financial District (CD1),Annual Average 2011,12/01/2010,12.27,
213931,365,Fine particles (PM 2.5),Mean,mcg/m3,CD,101,Financial District (CD1),Summer 2014,06/01/2014,10.92,
334183,365,Fine particles (PM 2.5),Mean,mcg/m3,CD,101,Financial District (CD1),Annual Average 2015,01/01/2015,10.57,
334186,365,Fine particles (PM 2.5),Mean,mcg/m3,CD,102,Greenwich Village and Soho (CD2),Annual Average 2015,01/01/2015,10.61,
649899,365,Fine particles (PM 2.5),Mean,mcg/m3,CD,102,Greenwich Village and Soho (CD2),Winter 2018-19,12/01/2018,11.42,
605795,365,Fine particles (PM 2.5),Mean,mcg/m3,UHF34,103,Fordham - Bronx Pk,Annual Average 2018,01/01/2018,7.19,
742295,365,Fine particles (PM 2.5),Mean,mcg/m3,UHF34,103,Fordham - Bronx Pk,Summer 2021,06/01/2021,8.67,
216427,386,Ozone (O3),Mean,ppb,CD,301,Greenpoint and Williamsburg (CD1),Summer 2014,06/01/2014,30.48,
216355,386,Ozone (O3),Mean,ppb,CD,201,Mott Haven and Melrose (CD1),Summer 2014,06/01/2014,30.46,
216283,386,Ozone (O3),Mean,ppb,CD,101,Financial District (CD1),Summer 2014,06/01/2014,26.1,
216289,386,Ozone (O3),Mean,ppb,CD,102,Greenwich Village and Soho (CD2),Summer 2014,06/01/2014,26.46,
216361,386,Ozone (O3),Mean,ppb,CD,202,Hunts Point and Longwood (CD2),Summer 2014,06/01/2014,31.65,
336724,375,Nitrogen dioxide (NO2),Mean,ppb,CD,102,Greenwich Village and Soho (CD2),Annual Average 2015,01/01/2015,26.31,
667525,375,Nitrogen dioxide (NO2),Mean,ppb,CD,102,Greenwich Village and Soho (CD2),Annual Average 2020,01/01/2020,21.26,
"130958,651,Cardiovascular hospitalizations due to PM2.5 (age 40+),Estimated annual rate,""per 100,000 adults"",UHF42,310,Lower Manhattan,2005-2007,01/01/2005,18.6,"
549379,386,Ozone (O3),Mean,ppb,UHF34,207,East Flatbush - Flatbush,Summer 2017,06/01/2017,30.13,
605282,386,Ozone (O3),Mean,ppb,UHF34,207,East Flatbush - Flatbush,Summer 2018,06/01/2018,30.95,
549918,375,Nitrogen dioxide (NO2),Mean,ppb,UHF34,207,East Flatbush - Flatbush,Winter 2016-17,12/01/2016,25.18,
173099,365,Fine particles (PM 2.5),Mean,mcg/m3,UHF34,207,East Flatbush - Flatbush,Winter 2008-09,12/01/2008,13.08,
211868,365,Fine particles (PM 2.5),Mean,mcg/m3,UHF34,207,East Flatbush - Flatbush,Winter 2013-14,12/01/2013,11.7,
547524,365,Fine particles (PM 2.5),Mean,mcg/m3,UHF34,207,East Flatbush - Flatbush,Summer 2017,06/01/2017,8.92,
669680,365,Fine particles (PM 2.5),Mean,mcg/m3,UHF34,207,East Flatbush - Flatbush,Summer 2020,06/01/2020,6.76,
221932,386,Ozone (O3),Mean,ppb,UHF34,407,Southwest Queens,Summer 2014,06/01/2014,32.51,
211664,375,Nitrogen dioxide (NO2),Mean,ppb,UHF34,207,East Flatbush - Flatbush,Summer 2014,06/01/2014,15.06,
743674,386,Ozone (O3),Mean,ppb,UHF34,207,East Flatbush - Flatbush,Summer 2021,06/01/2021,30.88,
167643,375,Nitrogen dioxide (NO2),Mean,ppb,CD,205,Fordham and University Heights (CD5),Annual Average 2011,12/01/2010,26.79,
213416,375,Nitrogen dioxide (NO2),Mean,ppb,CD,205,Fordham and University Heights (CD5),Summer 2014,06/01/2014,18.83,
643599,375,Nitrogen dioxide (NO2),Mean,ppb,CD,205,Fordham and University Heights (CD5),Winter 2018-19,12/01/2018,23.1,
667615,375,Nitrogen dioxide (NO2),Mean,ppb,CD,205,Fordham and University Heights (CD5),Annual Average 2020,01/01/2020,19.15,
167631,375,Nitrogen dioxide (NO2),Mean,ppb,CD,105,Midtown (CD5),Annual Average 2011,12/01/2010,41.84,
167513,375,Nitrogen dioxide (NO2),Mean,ppb,CD,105,Midtown (CD5),Annual Average 2009,12/01/2008,46.75,
213404,375,Nitrogen dioxide (NO2),Mean,ppb,CD,105,Midtown (CD5),Summer 2014,06/01/2014,34.36,
336733,375,Nitrogen dioxide (NO2),Mean,ppb,CD,105,Midtown (CD5),Annual Average 2015,01/01/2015,32.91,
643563,375,Nitrogen dioxide (NO2),Mean,ppb,CD,105,Midtown (CD5),Winter 2018-19,12/01/2018,31.49,
649820,365,Fine particles (PM 2.5),Mean,mcg/m3,UHF34,207,East Flatbush - Flatbush,Summer 2019,06/01/2019,7.87,
669681,365,Fine particles (PM 2.5),Mean,mcg/m3,UHF34,207,East Flatbush - Flatbush,Winter 2019-20,12/01/2019,7.47,
174187,365,Fine particles (PM 2.5),Mean,mcg/m3,UHF34,207,East Flatbush - Flatbush,Annual Average 2011,12/01/2010,10.15,
211970,365,Fine particles (PM 2.5),Mean,mcg/m3,UHF34,207,East Flatbush - Flatbush,Summer 2014,06/01/2014,8.74,
174119,365,Fine particles (PM 2.5),Mean,mcg/m3,UHF34,207,East Flatbush - Flatbush,Annual Average 2009,12/01/2008,10.47,
334108,365,Fine particles (PM 2.5),Mean,mcg/m3,UHF34,207,East Flatbush - Flatbush,Annual Average 2015,01/01/2015,8.59,
222544,386,Ozone (O3),Mean,ppb,UHF42,306,Chelsea - Clinton,Summer 2014,06/01/2014,24.61,
222520,386,Ozone (O3),Mean,ppb,UHF42,302,Central Harlem - Morningside Heights,Summer 2014,06/01/2014,28.58,
222412,386,Ozone (O3),Mean,ppb,UHF42,102,Northeast Bronx,Summer 2014,06/01/2014,31.49,
222454,386,Ozone (O3),Mean,ppb,UHF42,202,Downtown - Heights - Slope,Summer 2014,06/01/2014,29.32,
176517,375,Nitrogen dioxide (NO2),Mean,ppb,UHF42,202,Downtown - Heights - Slope,Annual Average 2009,12/01/2008,28.4,
176601,375,Nitrogen dioxide (NO2),Mean,ppb,UHF42,202,Downtown - Heights - Slope,Annual Average 2011,12/01/2010,26.64,
336514,375,Nitrogen dioxide (NO2),Mean,ppb,UHF42,202,Downtown - Heights - Slope,Annual Average 2015,01/01/2015,21.87,
212424,375,Nitrogen dioxide (NO2),Mean,ppb,UHF42,202,Downtown - Heights - Slope,Summer 2014,06/01/2014,17.79,
222574,386,Ozone (O3),Mean,ppb,UHF42,401,Long Island City - Astoria,Summer 2014,06/01/2014,30.71,
222514,386,Ozone (O3),Mean,ppb,UHF42,301,Washington Heights,Summer 2014,06/01/2014,29.52,
222448,386,Ozone (O3),Mean,ppb,UHF42,201,Greenpoint,Summer 2014,06/01/2014,30.47,
222406,386,Ozone (O3),Mean,ppb,UHF42,101,Kingsbridge - Riverdale,Summer 2014,06/01/2014,30.45,
643320,375,Nitrogen dioxide (NO2),Mean,ppb,UHF42,101,Kingsbridge - Riverdale,Winter 2018-19,12/01/2018,18.32,
174121,365,Fine particles (PM 2.5),Mean,mcg/m3,UHF34,209,Bensonhurst - Bay Ridge,Annual Average 2009,12/01/2008,9.91,
211972,365,Fine particles (PM 2.5),Mean,mcg/m3,UHF34,209,Bensonhurst - Bay Ridge,Summer 2014,06/01/2014,8.27,
334114,365,Fine particles (PM 2.5),Mean,mcg/m3,UHF34,209,Bensonhurst - Bay Ridge,Annual Average 2015,01/01/2015,8.13,
649827,365,Fine particles (PM 2.5),Mean,mcg/m3,UHF34,209,Bensonhurst - Bay Ridge,Winter 2018-19,12/01/2018,6.85,
669676,365,Fine particles (PM 2.5),Mean,mcg/m3,UHF34,209,Bensonhurst - Bay Ridge,Annual Average 2020,01/01/2020,5.93,
216481,386,Ozone (O3),Mean,ppb,CD,310,Bay Ridge and Dyker Heights (CD10),Summer 2014,06/01/2014,30.66,
216493,386,Ozone (O3),Mean,ppb,CD,312,Borough Park (CD12),Summer 2014,06/01/2014,30.6,
216349,386,Ozone (O3),Mean,ppb,CD,112,Washington Heights and Inwood (CD12),Summer 2014,06/01/2014,29.67,
216325,386,Ozone (O3),Mean,ppb,CD,108,Upper East Side (CD8),Summer 2014,06/01/2014,26.6,
"130969,651,Cardiovascular hospitalizations due to PM2.5 (age 40+),Estimated annual rate,""per 100,000 adults"",UHF42,501,Port Richmond,2005-2007,01/01/2005,25.5,"
"130938,651,Cardiovascular hospitalizations due to PM2.5 (age 40+),Estimated annual rate,""per 100,000 adults"",UHF42,201,Greenpoint,2005-2007,01/01/2005,28.9,"
"130959,651,Cardiovascular hospitalizations due to PM2.5 (age 40+),Estimated annual rate,""per 100,000 adults"",UHF42,401,Long Island City - Astoria,2005-2007,01/01/2005,22.6,"
"131507,650,Respiratory hospitalizations due to PM2.5 (age 20+),Estimated annual rate,""per 100,000 adults"",UHF42,101,Kingsbridge - Riverdale,2009-2011,01/01/2009,18.6,"
"131501,651,Cardiovascular hospitalizations due to PM2.5 (age 40+),Estimated annual rate,""per 100,000 adults"",Citywide,1,New York City,2009-2011,01/01/2009,17.8,"
"131549,650,Respiratory hospitalizations due to PM2.5 (age 20+),Estimated annual rate,""per 100,000 adults"",Citywide,1,New York City,2009-2011,01/01/2009,14.1,"
"628575,650,Respiratory hospitalizations due to PM2.5 (age 20+),Estimated annual rate,""per 100,000 adults"",Citywide,1,New York City,2015-2017,01/01/2015,11.8,"
"518882,651,Cardiovascular hospitalizations due to PM2.5 (age 40+),Estimated annual rate,""per 100,000 adults"",Citywide,1,New York City,2012-2014,01/02/2012,13.17,"
"628623,651,Cardiovascular hospitalizations due to PM2.5 (age 40+),Estimated annual rate,""per 100,000 adults"",Citywide,1,New York City,2015-2017,01/01/2015,17,"
"518834,650,Respiratory hospitalizations due to PM2.5 (age 20+),Estimated annual rate,""per 100,000 adults"",Citywide,1,New York City,2012-2014,01/02/2012,11.7,"
"131411,648,Asthma emergency department visits due to PM2.5,Estimated annual rate (under age 18),""per 100,000 children"",UHF42,101,Kingsbridge - Riverdale,2009-2011,01/01/2009,60.7,"
"130373,639,Deaths due to PM2.5,Estimated annual rate (age 30+),""per 100,000 adults"",UHF42,301,Washington Heights,2005-2007,01/01/2005,60.5,"
"130355,639,Deaths due to PM2.5,Estimated annual rate (age 30+),""per 100,000 adults"",UHF42,101,Kingsbridge - Riverdale,2005-2007,01/01/2005,117.7,"
"131597,639,Deaths due to PM2.5,Estimated annual rate (age 30+),""per 100,000 adults"",Citywide,1,New York City,2009-2011,01/01/2009,48.2,"
"628431,639,Deaths due to PM2.5,Estimated annual rate (age 30+),""per 100,000 adults"",Citywide,1,New York City,2015-2017,01/01/2015,37.7,"
"518786,639,Deaths due to PM2.5,Estimated annual rate (age 30+),""per 100,000 adults"",Citywide,1,New York City,2012-2014,01/02/2012,40.6,"
649816,365,Fine particles (PM 2.5),Mean,mcg/m3,UHF34,206,Borough Park,Annual Average 2019,01/01/2019,6.32,
173100,365,Fine particles (PM 2.5),Mean,mcg/m3,UHF34,208,Canarsie - Flatlands,Winter 2008-09,12/01/2008,12.12,
211869,365,Fine particles (PM 2.5),Mean,mcg/m3,UHF34,208,Canarsie - Flatlands,Winter 2013-14,12/01/2013,11.07,
605824,365,Fine particles (PM 2.5),Mean,mcg/m3,UHF34,208,Canarsie - Flatlands,Winter 2017-18,12/01/2017,7.9,
649822,365,Fine particles (PM 2.5),Mean,mcg/m3,UHF34,208,Canarsie - Flatlands,Annual Average 2019,01/01/2019,6.15,
174222,365,Fine particles (PM 2.5),Mean,mcg/m3,UHF34,208,Canarsie - Flatlands,Annual Average 2012,12/01/2011,8.37,
650975,386,Ozone (O3),Mean,ppb,UHF34,208,Canarsie - Flatlands,Summer 2019,06/01/2019,34.05,
650973,386,Ozone (O3),Mean,ppb,UHF34,206,Borough Park,Summer 2019,06/01/2019,30.62,
336650,375,Nitrogen dioxide (NO2),Mean,ppb,UHF34,208,Canarsie - Flatlands,Summer 2015,06/01/2015,10.77,
643478,375,Nitrogen dioxide (NO2),Mean,ppb,UHF34,208,Canarsie - Flatlands,Summer 2019,06/01/2019,9.24,
667376,375,Nitrogen dioxide (NO2),Mean,ppb,UHF34,208,Canarsie - Flatlands,Winter 2019-20,12/01/2019,22.86,
221992,386,Ozone (O3),Mean,ppb,UHF34,105106107,South Bronx,Summer 2014,06/01/2014,30.58,
221938,386,Ozone (O3),Mean,ppb,UHF34,408,Jamaica,Summer 2014,06/01/2014,32.63,
221848,386,Ozone (O3),Mean,ppb,UHF34,206,Borough Park,Summer 2014,06/01/2014,30.68,
211665,375,Nitrogen dioxide (NO2),Mean,ppb,UHF34,208,Canarsie - Flatlands,Summer 2014,06/01/2014,11.12,
172588,375,Nitrogen dioxide (NO2),Mean,ppb,UHF34,206,Borough Park,Annual Average 2009,12/01/2008,24.79,
211663,375,Nitrogen dioxide (NO2),Mean,ppb,UHF34,206,Borough Park,Summer 2014,06/01/2014,15.11,
336643,375,Nitrogen dioxide (NO2),Mean,ppb,UHF34,206,Borough Park,Annual Average 2015,01/01/2015,19.74,
643473,375,Nitrogen dioxide (NO2),Mean,ppb,UHF34,206,Borough Park,Winter 2018-19,12/01/2018,21.76,
667363,375,Nitrogen dioxide (NO2),Mean,ppb,UHF34,206,Borough Park,Annual Average 2020,01/01/2020,16,
179421,375,Nitrogen dioxide (NO2),Mean,ppb,Borough,4,Queens,Annual Average 2009,12/01/2008,22.19,
211378,375,Nitrogen dioxide (NO2),Mean,ppb,Borough,4,Queens,Summer 2014,06/01/2014,13.66,
669685,365,Fine particles (PM 2.5),Mean,mcg/m3,UHF34,206,Borough Park,Annual Average 2020,01/01/2020,5.94,
649818,365,Fine particles (PM 2.5),Mean,mcg/m3,UHF34,206,Borough Park,Winter 2018-19,12/01/2018,6.93,
211971,365,Fine particles (PM 2.5),Mean,mcg/m3,UHF34,208,Canarsie - Flatlands,Summer 2014,06/01/2014,8.24,
334111,365,Fine particles (PM 2.5),Mean,mcg/m3,UHF34,208,Canarsie - Flatlands,Annual Average 2015,01/01/2015,8.1,
649824,365,Fine particles (PM 2.5),Mean,mcg/m3,UHF34,208,Canarsie - Flatlands,Winter 2018-19,12/01/2018,6.74,
669679,365,Fine particles (PM 2.5),Mean,mcg/m3,UHF34,208,Canarsie - Flatlands,Annual Average 2020,01/01/2020,5.69,
219988,386,Ozone (O3),Mean,ppb,Borough,4,Queens,Summer 2014,06/01/2014,32.43,
643314,375,Nitrogen dioxide (NO2),Mean,ppb,Borough,4,Queens,Winter 2018-19,12/01/2018,20.42,
216499,386,Ozone (O3),Mean,ppb,CD,313,Coney Island (CD13),Summer 2014,06/01/2014,33.22,
412588,375,Nitrogen dioxide (NO2),Mean,ppb,UHF34,208,Canarsie - Flatlands,Annual Average 2016,12/31/2015,15.3,
602861,375,Nitrogen dioxide (NO2),Mean,ppb,UHF34,208,Canarsie - Flatlands,Annual Average 2018,01/01/2018,14.48,
"130977,651,Cardiovascular hospitalizations due to PM2.5 (age 40+),Estimated annual rate,""per 100,000 adults"",Borough,4,Queens,2005-2007,01/01/2005,21.8,"
"131073,653,Asthma emergency departments visits due to Ozone,Estimated annual rate (under age 18),""per 100,000 children"",Borough,4,Queens,2005-2007,01/01/2005,65.7,"
172172,375,Nitrogen dioxide (NO2),Mean,ppb,UHF34,102,Northeast Bronx,Summer 2012,06/01/2012,16.25,
741023,375,Nitrogen dioxide (NO2),Mean,ppb,UHF34,102,Northeast Bronx,Summer 2021,06/01/2021,12.38,
172205,375,Nitrogen dioxide (NO2),Mean,ppb,UHF34,101,Kingsbridge - Riverdale,Summer 2013,06/01/2013,14.2,
172171,375,Nitrogen dioxide (NO2),Mean,ppb,UHF34,101,Kingsbridge - Riverdale,Summer 2012,06/01/2012,14.76,
602828,375,Nitrogen dioxide (NO2),Mean,ppb,UHF34,101,Kingsbridge - Riverdale,Annual Average 2018,01/01/2018,15.77,
741020,375,Nitrogen dioxide (NO2),Mean,ppb,UHF34,101,Kingsbridge - Riverdale,Summer 2021,06/01/2021,10.78,
"130937,651,Cardiovascular hospitalizations due to PM2.5 (age 40+),Estimated annual rate,""per 100,000 adults"",UHF42,107,Hunts Point - Mott Haven,2005-2007,01/01/2005,36.8,"
"628616,651,Cardiovascular hospitalizations due to PM2.5 (age 40+),Estimated annual rate,""per 100,000 adults"",UHF42,408,Jamaica,2015-2017,01/01/2015,19.4,"
"131129,655,Asthma hospitalizations due to Ozone,Estimated annual rate (under age 18),""per 100,000 children"",UHF42,107,Hunts Point - Mott Haven,2005-2007,01/01/2005,35.9,"
"131033,653,Asthma emergency departments visits due to Ozone,Estimated annual rate (under age 18),""per 100,000 children"",UHF42,107,Hunts Point - Mott Haven,2005-2007,01/01/2005,169.4,"
"131455,648,Asthma emergency department visits due to PM2.5,Estimated annual rate (under age 18),""per 100,000 children"",Borough,2,Brooklyn,2009-2011,01/01/2009,93.1,"
"131417,648,Asthma emergency department visits due to PM2.5,Estimated annual rate (under age 18),""per 100,000 children"",UHF42,107,Hunts Point - Mott Haven,2009-2011,01/01/2009,251.3,"
"518883,648,Asthma emergency department visits due to PM2.5,Estimated annual rate (under age 18),""per 100,000 children"",Borough,1,Bronx,2012-2014,01/02/2012,183.64,"
"628433,648,Asthma emergency department visits due to PM2.5,Estimated annual rate (under age 18),""per 100,000 children"",Borough,2,Brooklyn,2015-2017,01/01/2015,62.5,"
"628384,639,Deaths due to PM2.5,Estimated annual rate (age 30+),""per 100,000 adults"",Borough,1,Bronx,2015-2017,01/01/2015,44.4,"
"130380,639,Deaths due to PM2.5,Estimated annual rate (age 30+),""per 100,000 adults"",UHF42,308,Greenwich Village - SoHo,2005-2007,01/01/2005,45.4,"
"130368,639,Deaths due to PM2.5,Estimated annual rate (age 30+),""per 100,000 adults"",UHF42,207,East Flatbush - Flatbush,2005-2007,01/01/2005,54.9,"
"130369,639,Deaths due to PM2.5,Estimated annual rate (age 30+),""per 100,000 adults"",UHF42,208,Canarsie - Flatlands,2005-2007,01/01/2005,61.1,"
"130390,639,Deaths due to PM2.5,Estimated annual rate (age 30+),""per 100,000 adults"",UHF42,408,Jamaica,2005-2007,01/01/2005,58.2,"
"130389,639,Deaths due to PM2.5,Estimated annual rate (age 30+),""per 100,000 adults"",UHF42,407,Southwest Queens,2005-2007,01/01/2005,49,"
"130379,639,Deaths due to PM2.5,Estimated annual rate (age 30+),""per 100,000 adults"",UHF42,307,Gramercy Park - Murray Hill,2005-2007,01/01/2005,52.7,"
"130783,639,Deaths due to PM2.5,Estimated annual rate (age 30+),""per 100,000 adults"",Borough,2,Brooklyn,2005-2007,01/01/2005,67.8,"
130776,647,Outdoor Air Toxics - Formaldehyde,Annual average concentration,µg/m3,Borough,1,Bronx,2005,01/01/2005,3.3,
315651,647,Outdoor Air Toxics - Formaldehyde,Annual average concentration,µg/m3,UHF42,207,East Flatbush - Flatbush,2011,01/01/2011,2.1,
315644,647,Outdoor Air Toxics - Formaldehyde,Annual average concentration,µg/m3,UHF42,107,Hunts Point - Mott Haven,2011,01/01/2011,2.1,
315634,647,Outdoor Air Toxics - Formaldehyde,Annual average concentration,µg/m3,Borough,2,Brooklyn,2011,01/01/2011,2.2,
799864,647,Outdoor Air Toxics - Formaldehyde,Annual average concentration,µg/m3,Borough,2,Brooklyn,2014,01/01/2014,1.55,
315652,647,Outdoor Air Toxics - Formaldehyde,Annual average concentration,µg/m3,UHF42,208,Canarsie - Flatlands,2011,01/01/2011,1.8,
799863,647,Outdoor Air Toxics - Formaldehyde,Annual average concentration,µg/m3,Borough,1,Bronx,2014,01/01/2014,1.61,
315633,647,Outdoor Air Toxics - Formaldehyde,Annual average concentration,µg/m3,Borough,1,Bronx,2011,01/01/2011,2,
"130781,639,Deaths due to PM2.5,Estimated annual rate (age 30+),""per 100,000 adults"",Citywide,1,New York City,2005-2007,01/01/2005,64.7,"
799822,647,Outdoor Air Toxics - Formaldehyde,Annual average concentration,µg/m3,UHF42,201,Greenpoint,2014,01/01/2014,1.67,
315645,647,Outdoor Air Toxics - Formaldehyde,Annual average concentration,µg/m3,UHF42,201,Greenpoint,2011,01/01/2011,2.2,
799815,647,Outdoor Air Toxics - Formaldehyde,Annual average concentration,µg/m3,UHF42,101,Kingsbridge - Riverdale,2014,01/01/2014,1.53,
130775,647,Outdoor Air Toxics - Formaldehyde,Annual average concentration,µg/m3,Citywide,1,New York City,2005,01/01/2005,3.2,
130727,646,Outdoor Air Toxics - Benzene,Annual average concentration,µg/m3,Citywide,1,New York City,2005,01/01/2005,2.9,
799862,646,Outdoor Air Toxics - Benzene,Annual average concentration,µg/m3,Citywide,1,New York City,2014,01/01/2014,0.87,
315632,646,Outdoor Air Toxics - Benzene,Annual average concentration,µg/m3,Citywide,1,New York City,2011,01/01/2011,1.6,
315680,647,Outdoor Air Toxics - Formaldehyde,Annual average concentration,µg/m3,Citywide,1,New York City,2011,01/01/2011,2.1,
799868,647,Outdoor Air Toxics - Formaldehyde,Annual average concentration,µg/m3,Citywide,1,New York City,2014,01/01/2014,1.49,
227516,647,Outdoor Air Toxics - Formaldehyde,Annual average concentration,µg/m3,CD,108,Upper East Side (CD8),2011,01/01/2011,2.8,
227520,647,Outdoor Air Toxics - Formaldehyde,Annual average concentration,µg/m3,CD,112,Washington Heights and Inwood (CD12),2011,01/01/2011,2.8,
"130362,639,Deaths due to PM2.5,Estimated annual rate (age 30+),""per 100,000 adults"",UHF42,201,Greenpoint,2005-2007,01/01/2005,64,"
"130393,639,Deaths due to PM2.5,Estimated annual rate (age 30+),""per 100,000 adults"",UHF42,501,Port Richmond,2005-2007,01/01/2005,65.6,"
"130383,639,Deaths due to PM2.5,Estimated annual rate (age 30+),""per 100,000 adults"",UHF42,401,Long Island City - Astoria,2005-2007,01/01/2005,55.3,"
"130925,650,Respiratory hospitalizations due to PM2.5 (age 20+),Estimated annual rate,""per 100,000 adults"",Citywide,1,New York City,2005-2007,01/01/2005,19.8,"
"130973,651,Cardiovascular hospitalizations due to PM2.5 (age 40+),Estimated annual rate,""per 100,000 adults"",Citywide,1,New York City,2005-2007,01/01/2005,25.7,"
"130883,650,Respiratory hospitalizations due to PM2.5 (age 20+),Estimated annual rate,""per 100,000 adults"",UHF42,101,Kingsbridge - Riverdale,2005-2007,01/01/2005,28.5,"
173713,365,Fine particles (PM 2.5),Mean,mcg/m3,UHF34,209,Bensonhurst - Bay Ridge,Summer 2012,06/01/2012,10.03,
173747,365,Fine particles (PM 2.5),Mean,mcg/m3,UHF34,209,Bensonhurst - Bay Ridge,Summer 2013,06/01/2013,9.77,
605825,365,Fine particles (PM 2.5),Mean,mcg/m3,UHF34,209,Bensonhurst - Bay Ridge,Annual Average 2018,01/01/2018,6.67,
742325,365,Fine particles (PM 2.5),Mean,mcg/m3,UHF34,209,Bensonhurst - Bay Ridge,Summer 2021,06/01/2021,8.32,
179164,365,Fine particles (PM 2.5),Mean,mcg/m3,Citywide,1,New York City,Summer 2010,06/01/2010,11.83,
410964,365,Fine particles (PM 2.5),Mean,mcg/m3,Citywide,1,New York City,Summer 2016,06/01/2016,8.1,
179760,642,Boiler Emissions- Total NOx Emissions,Number per km2,number,Citywide,1,New York City,2015,01/01/2015,27.4,
179856,641,Boiler Emissions- Total PM2.5 Emissions,Number per km2,number,Citywide,1,New York City,2015,01/01/2015,0.5,
179808,640,Boiler Emissions- Total SO2 Emissions,Number per km2,number,Citywide,1,New York City,2015,01/01/2015,3.5,
179181,365,Fine particles (PM 2.5),Mean,mcg/m3,Citywide,1,New York City,Annual Average 2012,12/01/2011,8.95,
179152,365,Fine particles (PM 2.5),Mean,mcg/m3,Citywide,1,New York City,Winter 2012-13,12/01/2012,10.35,
334181,365,Fine particles (PM 2.5),Mean,mcg/m3,Citywide,1,New York City,Summer 2015,06/01/2015,9.37,
649892,365,Fine particles (PM 2.5),Mean,mcg/m3,Citywide,1,New York City,Summer 2019,06/01/2019,7.93,
"130953,651,Cardiovascular hospitalizations due to PM2.5 (age 40+),Estimated annual rate,""per 100,000 adults"",UHF42,305,Upper East Side,2005-2007,01/01/2005,14.2,"
"130935,651,Cardiovascular hospitalizations due to PM2.5 (age 40+),Estimated annual rate,""per 100,000 adults"",UHF42,105,Crotona -Tremont,2005-2007,01/01/2005,35.3,"
"518862,651,Cardiovascular hospitalizations due to PM2.5 (age 40+),Estimated annual rate,""per 100,000 adults"",UHF42,305,Upper East Side,2012-2014,01/02/2012,9.18,"
"628603,651,Cardiovascular hospitalizations due to PM2.5 (age 40+),Estimated annual rate,""per 100,000 adults"",UHF42,305,Upper East Side,2015-2017,01/01/2015,11,"
"518844,651,Cardiovascular hospitalizations due to PM2.5 (age 40+),Estimated annual rate,""per 100,000 adults"",UHF42,105,Crotona -Tremont,2012-2014,01/02/2012,18.09,"
"628585,651,Cardiovascular hospitalizations due to PM2.5 (age 40+),Estimated annual rate,""per 100,000 adults"",UHF42,105,Crotona -Tremont,2015-2017,01/01/2015,23.3,"
"131509,650,Respiratory hospitalizations due to PM2.5 (age 20+),Estimated annual rate,""per 100,000 adults"",UHF42,103,Fordham - Bronx Pk,2009-2011,01/01/2009,20.5,"
"628393,639,Deaths due to PM2.5,Estimated annual rate (age 30+),""per 100,000 adults"",UHF42,105,Crotona -Tremont,2015-2017,01/01/2015,38.4,"
"131125,655,Asthma hospitalizations due to Ozone,Estimated annual rate (under age 18),""per 100,000 children"",UHF42,103,Fordham - Bronx Pk,2005-2007,01/01/2005,34.5,"
"131049,653,Asthma emergency departments visits due to Ozone,Estimated annual rate (under age 18),""per 100,000 children"",UHF42,305,Upper East Side,2005-2007,01/01/2005,30,"
"131145,655,Asthma hospitalizations due to Ozone,Estimated annual rate (under age 18),""per 100,000 children"",UHF42,305,Upper East Side,2005-2007,01/01/2005,6.5,"
"131031,653,Asthma emergency departments visits due to Ozone,Estimated annual rate (under age 18),""per 100,000 children"",UHF42,105,Crotona -Tremont,2005-2007,01/01/2005,159.6,"
"131127,655,Asthma hospitalizations due to Ozone,Estimated annual rate (under age 18),""per 100,000 children"",UHF42,105,Crotona -Tremont,2005-2007,01/01/2005,36,"
"131413,648,Asthma emergency department visits due to PM2.5,Estimated annual rate (under age 18),""per 100,000 children"",UHF42,103,Fordham - Bronx Pk,2009-2011,01/01/2009,122.8,"
"131415,648,Asthma emergency department visits due to PM2.5,Estimated annual rate (under age 18),""per 100,000 children"",UHF42,105,Crotona -Tremont,2009-2011,01/01/2009,200.2,"
"628439,648,Asthma emergency department visits due to PM2.5,Estimated annual rate (under age 18),""per 100,000 children"",UHF42,103,Fordham - Bronx Pk,2015-2017,01/01/2015,153.6,"
"130395,639,Deaths due to PM2.5,Estimated annual rate (age 30+),""per 100,000 adults"",UHF42,503,Willowbrook,2005-2007,01/01/2005,73.8,"
"130387,639,Deaths due to PM2.5,Estimated annual rate (age 30+),""per 100,000 adults"",UHF42,405,Ridgewood - Forest Hills,2005-2007,01/01/2005,72,"
"130366,639,Deaths due to PM2.5,Estimated annual rate (age 30+),""per 100,000 adults"",UHF42,205,Sunset Park,2005-2007,01/01/2005,49.2,"
"130375,639,Deaths due to PM2.5,Estimated annual rate (age 30+),""per 100,000 adults"",UHF42,303,East Harlem,2005-2007,01/01/2005,100.5,"
"130377,639,Deaths due to PM2.5,Estimated annual rate (age 30+),""per 100,000 adults"",UHF42,305,Upper East Side,2005-2007,01/01/2005,55.3,"
"130385,639,Deaths due to PM2.5,Estimated annual rate (age 30+),""per 100,000 adults"",UHF42,403,Flushing - Clearview,2005-2007,01/01/2005,54.5,"
"130357,639,Deaths due to PM2.5,Estimated annual rate (age 30+),""per 100,000 adults"",UHF42,103,Fordham - Bronx Pk,2005-2007,01/01/2005,67.3,"
"130364,639,Deaths due to PM2.5,Estimated annual rate (age 30+),""per 100,000 adults"",UHF42,203,Bedford Stuyvesant - Crown Heights,2005-2007,01/01/2005,80,"
315647,647,Outdoor Air Toxics - Formaldehyde,Annual average concentration,µg/m3,UHF42,203,Bedford Stuyvesant - Crown Heights,2011,01/01/2011,2,
799817,647,Outdoor Air Toxics - Formaldehyde,Annual average concentration,µg/m3,UHF42,103,Fordham - Bronx Pk,2014,01/01/2014,1.58,
"130359,639,Deaths due to PM2.5,Estimated annual rate (age 30+),""per 100,000 adults"",UHF42,105,Crotona -Tremont,2005-2007,01/01/2005,65.8,"
336657,375,Nitrogen dioxide (NO2),Mean,ppb,UHF34,210,Coney Island - Sheepshead Bay,Winter 2014-15,12/01/2014,23.96,
221867,386,Ozone (O3),Mean,ppb,UHF34,210,Coney Island - Sheepshead Bay,Summer 2009,06/01/2009,29.64,
643483,375,Nitrogen dioxide (NO2),Mean,ppb,UHF34,210,Coney Island - Sheepshead Bay,Annual Average 2019,01/01/2019,13.5,
549382,386,Ozone (O3),Mean,ppb,UHF34,210,Coney Island - Sheepshead Bay,Summer 2017,06/01/2017,31.86,
221869,386,Ozone (O3),Mean,ppb,UHF34,210,Coney Island - Sheepshead Bay,Summer 2011,06/01/2011,36.56,
412049,386,Ozone (O3),Mean,ppb,UHF34,210,Coney Island - Sheepshead Bay,Summer 2016,06/01/2016,35.62,
172694,375,Nitrogen dioxide (NO2),Mean,ppb,UHF34,210,Coney Island - Sheepshead Bay,Annual Average 2012,12/01/2011,17.21,
334118,365,Fine particles (PM 2.5),Mean,mcg/m3,UHF34,210,Coney Island - Sheepshead Bay,Summer 2015,06/01/2015,8.75,
173115,365,Fine particles (PM 2.5),Mean,mcg/m3,UHF34,410,Rockaways,Winter 2008-09,12/01/2008,10.21,
649828,365,Fine particles (PM 2.5),Mean,mcg/m3,UHF34,210,Coney Island - Sheepshead Bay,Annual Average 2019,01/01/2019,6.04,
605830,365,Fine particles (PM 2.5),Mean,mcg/m3,UHF34,210,Coney Island - Sheepshead Bay,Winter 2017-18,12/01/2017,7.81,
173102,365,Fine particles (PM 2.5),Mean,mcg/m3,UHF34,210,Coney Island - Sheepshead Bay,Winter 2008-09,12/01/2008,11.12,
171708,375,Nitrogen dioxide (NO2),Mean,ppb,UHF34,210,Coney Island - Sheepshead Bay,Winter 2012-13,12/01/2012,22.54,
336656,375,Nitrogen dioxide (NO2),Mean,ppb,UHF34,210,Coney Island - Sheepshead Bay,Summer 2015,06/01/2015,11.07,
338227,386,Ozone (O3),Mean,ppb,UHF34,210,Coney Island - Sheepshead Bay,Summer 2015,06/01/2015,35.01,
221872,386,Ozone (O3),Mean,ppb,UHF34,210,Coney Island - Sheepshead Bay,Summer 2014,06/01/2014,32.61,
221950,386,Ozone (O3),Mean,ppb,UHF34,410,Rockaways,Summer 2014,06/01/2014,36.25,
643485,375,Nitrogen dioxide (NO2),Mean,ppb,UHF34,210,Coney Island - Sheepshead Bay,Winter 2018-19,12/01/2018,18.52,
667567,375,Nitrogen dioxide (NO2),Mean,ppb,CD,109,Morningside Heights and Hamilton Heights (CD9),Annual Average 2020,01/01/2020,18.65,
643575,375,Nitrogen dioxide (NO2),Mean,ppb,CD,109,Morningside Heights and Hamilton Heights (CD9),Winter 2018-19,12/01/2018,24.2,
667639,375,Nitrogen dioxide (NO2),Mean,ppb,CD,209,Parkchester and Soundview (CD9),Annual Average 2020,01/01/2020,16.87,
167517,375,Nitrogen dioxide (NO2),Mean,ppb,CD,109,Morningside Heights and Hamilton Heights (CD9),Annual Average 2009,12/01/2008,30.96,
174122,365,Fine particles (PM 2.5),Mean,mcg/m3,UHF34,210,Coney Island - Sheepshead Bay,Annual Average 2009,12/01/2008,9.55,
174190,365,Fine particles (PM 2.5),Mean,mcg/m3,UHF34,210,Coney Island - Sheepshead Bay,Annual Average 2011,12/01/2010,9.44,
211973,365,Fine particles (PM 2.5),Mean,mcg/m3,UHF34,210,Coney Island - Sheepshead Bay,Summer 2014,06/01/2014,7.99,
334117,365,Fine particles (PM 2.5),Mean,mcg/m3,UHF34,210,Coney Island - Sheepshead Bay,Annual Average 2015,01/01/2015,7.72,
216415,386,Ozone (O3),Mean,ppb,CD,211,Morris Park and Bronxdale (CD11),Summer 2014,06/01/2014,31.37,
216487,386,Ozone (O3),Mean,ppb,CD,311,Bensonhurst (CD11),Summer 2014,06/01/2014,31.52,
216403,386,Ozone (O3),Mean,ppb,CD,209,Parkchester and Soundview (CD9),Summer 2014,06/01/2014,31.34,
216331,386,Ozone (O3),Mean,ppb,CD,109,Morningside Heights and Hamilton Heights (CD9),Summer 2014,06/01/2014,28.54,
"130970,651,Cardiovascular hospitalizations due to PM2.5 (age 40+),Estimated annual rate,""per 100,000 adults"",UHF42,502,Stapleton - St. George,2005-2007,01/01/2005,25.9,"
"130957,651,Cardiovascular hospitalizations due to PM2.5 (age 40+),Estimated annual rate,""per 100,000 adults"",UHF42,309,Union Square - Lower East Side,2005-2007,01/01/2005,25.1,"
"130968,651,Cardiovascular hospitalizations due to PM2.5 (age 40+),Estimated annual rate,""per 100,000 adults"",UHF42,410,Rockaways,2005-2007,01/01/2005,28.8,"
"130976,651,Cardiovascular hospitalizations due to PM2.5 (age 40+),Estimated annual rate,""per 100,000 adults"",Borough,3,Manhattan,2005-2007,01/01/2005,22.4,"
"518837,651,Cardiovascular hospitalizations due to PM2.5 (age 40+),Estimated annual rate,""per 100,000 adults"",Borough,3,Manhattan,2012-2014,01/02/2012,12.26,"
"518866,651,Cardiovascular hospitalizations due to PM2.5 (age 40+),Estimated annual rate,""per 100,000 adults"",UHF42,309,Union Square - Lower East Side,2012-2014,01/02/2012,12.66,"
"518877,651,Cardiovascular hospitalizations due to PM2.5 (age 40+),Estimated annual rate,""per 100,000 adults"",UHF42,410,Rockaways,2012-2014,01/02/2012,13.87,"
"628617,651,Cardiovascular hospitalizations due to PM2.5 (age 40+),Estimated annual rate,""per 100,000 adults"",UHF42,409,Southeast Queens,2015-2017,01/01/2015,17.3,"
"131072,653,Asthma emergency departments visits due to Ozone,Estimated annual rate (under age 18),""per 100,000 children"",Borough,3,Manhattan,2005-2007,01/01/2005,120.1,"
"131168,655,Asthma hospitalizations due to Ozone,Estimated annual rate (under age 18),""per 100,000 children"",Borough,3,Manhattan,2005-2007,01/01/2005,20.1,"
"131416,648,Asthma emergency department visits due to PM2.5,Estimated annual rate (under age 18),""per 100,000 children"",UHF42,106,High Bridge - Morrisania,2009-2011,01/01/2009,249.3,"
"131456,648,Asthma emergency department visits due to PM2.5,Estimated annual rate (under age 18),""per 100,000 children"",Borough,3,Manhattan,2009-2011,01/01/2009,144.3,"
"518885,648,Asthma emergency department visits due to PM2.5,Estimated annual rate (under age 18),""per 100,000 children"",Borough,3,Manhattan,2012-2014,01/02/2012,116.65,"
"628434,648,Asthma emergency department visits due to PM2.5,Estimated annual rate (under age 18),""per 100,000 children"",Borough,3,Manhattan,2015-2017,01/01/2015,93.5,"
"518893,648,Asthma emergency department visits due to PM2.5,Estimated annual rate (under age 18),""per 100,000 children"",UHF42,106,High Bridge - Morrisania,2012-2014,01/02/2012,232.54,"
"628442,648,Asthma emergency department visits due to PM2.5,Estimated annual rate (under age 18),""per 100,000 children"",UHF42,106,High Bridge - Morrisania,2015-2017,01/01/2015,188.6,"
"628394,639,Deaths due to PM2.5,Estimated annual rate (age 30+),""per 100,000 adults"",UHF42,106,High Bridge - Morrisania,2015-2017,01/01/2015,43,"
"130367,639,Deaths due to PM2.5,Estimated annual rate (age 30+),""per 100,000 adults"",UHF42,206,Borough Park,2005-2007,01/01/2005,68.2,"
"130360,639,Deaths due to PM2.5,Estimated annual rate (age 30+),""per 100,000 adults"",UHF42,106,High Bridge - Morrisania,2005-2007,01/01/2005,84.8,"
"130784,639,Deaths due to PM2.5,Estimated annual rate (age 30+),""per 100,000 adults"",Borough,3,Manhattan,2005-2007,01/01/2005,64,"
"130392,639,Deaths due to PM2.5,Estimated annual rate (age 30+),""per 100,000 adults"",UHF42,410,Rockaways,2005-2007,01/01/2005,101.1,"
"130391,639,Deaths due to PM2.5,Estimated annual rate (age 30+),""per 100,000 adults"",UHF42,409,Southeast Queens,2005-2007,01/01/2005,43,"
"130371,639,Deaths due to PM2.5,Estimated annual rate (age 30+),""per 100,000 adults"",UHF42,210,Coney Island - Sheepshead Bay,2005-2007,01/01/2005,83.3,"
"130370,639,Deaths due to PM2.5,Estimated annual rate (age 30+),""per 100,000 adults"",UHF42,209,Bensonhurst - Bay Ridge,2005-2007,01/01/2005,73.4,"
"130382,639,Deaths due to PM2.5,Estimated annual rate (age 30+),""per 100,000 adults"",UHF42,310,Lower Manhattan,2005-2007,01/01/2005,59.5,"
315650,647,Outdoor Air Toxics - Formaldehyde,Annual average concentration,µg/m3,UHF42,206,Borough Park,2011,01/01/2011,2,
799830,647,Outdoor Air Toxics - Formaldehyde,Annual average concentration,µg/m3,UHF42,209,Bensonhurst - Bay Ridge,2014,01/01/2014,1.53,
315654,647,Outdoor Air Toxics - Formaldehyde,Annual average concentration,µg/m3,UHF42,210,Coney Island - Sheepshead Bay,2011,01/01/2011,2.1,
667063,375,Nitrogen dioxide (NO2),Mean,ppb,UHF42,102,Northeast Bronx,Annual Average 2020,01/01/2020,16.75,
667543,375,Nitrogen dioxide (NO2),Mean,ppb,CD,105,Midtown (CD5),Annual Average 2020,01/01/2020,26.27,
170168,365,Fine particles (PM 2.5),Mean,mcg/m3,CD,105,Midtown (CD5),Annual Average 2009,12/01/2008,16.09,
213935,365,Fine particles (PM 2.5),Mean,mcg/m3,CD,105,Midtown (CD5),Summer 2014,06/01/2014,13.17,
170286,365,Fine particles (PM 2.5),Mean,mcg/m3,CD,105,Midtown (CD5),Annual Average 2011,12/01/2010,14.8,
216379,386,Ozone (O3),Mean,ppb,CD,205,Fordham and University Heights (CD5),Summer 2014,06/01/2014,29.69,
216307,386,Ozone (O3),Mean,ppb,CD,105,Midtown (CD5),Summer 2014,06/01/2014,21.79,
"130950,651,Cardiovascular hospitalizations due to PM2.5 (age 40+),Estimated annual rate,""per 100,000 adults"",UHF42,302,Central Harlem - Morningside Heights,2005-2007,01/01/2005,35.1,"
"130932,651,Cardiovascular hospitalizations due to PM2.5 (age 40+),Estimated annual rate,""per 100,000 adults"",UHF42,102,Northeast Bronx,2005-2007,01/01/2005,25.9,"
"130954,651,Cardiovascular hospitalizations due to PM2.5 (age 40+),Estimated annual rate,""per 100,000 adults"",UHF42,306,Chelsea - Clinton,2005-2007,01/01/2005,20.6,"
"131508,650,Respiratory hospitalizations due to PM2.5 (age 20+),Estimated annual rate,""per 100,000 adults"",UHF42,102,Northeast Bronx,2009-2011,01/01/2009,18.6,"
"518863,651,Cardiovascular hospitalizations due to PM2.5 (age 40+),Estimated annual rate,""per 100,000 adults"",UHF42,306,Chelsea - Clinton,2012-2014,01/02/2012,11.79,"
"131146,655,Asthma hospitalizations due to Ozone,Estimated annual rate (under age 18),""per 100,000 children"",UHF42,306,Chelsea - Clinton,2005-2007,01/01/2005,19,"
"131050,653,Asthma emergency departments visits due to Ozone,Estimated annual rate (under age 18),""per 100,000 children"",UHF42,306,Chelsea - Clinton,2005-2007,01/01/2005,97.8,"
"628438,648,Asthma emergency department visits due to PM2.5,Estimated annual rate (under age 18),""per 100,000 children"",UHF42,102,Northeast Bronx,2015-2017,01/01/2015,108.6,"
"130363,639,Deaths due to PM2.5,Estimated annual rate (age 30+),""per 100,000 adults"",UHF42,202,Downtown - Heights - Slope,2005-2007,01/01/2005,58.9,"
"130356,639,Deaths due to PM2.5,Estimated annual rate (age 30+),""per 100,000 adults"",UHF42,102,Northeast Bronx,2005-2007,01/01/2005,77.3,"
"130374,639,Deaths due to PM2.5,Estimated annual rate (age 30+),""per 100,000 adults"",UHF42,302,Central Harlem - Morningside Heights,2005-2007,01/01/2005,105.2,"
"130388,639,Deaths due to PM2.5,Estimated annual rate (age 30+),""per 100,000 adults"",UHF42,406,Fresh Meadows,2005-2007,01/01/2005,52,"
315646,647,Outdoor Air Toxics - Formaldehyde,Annual average concentration,µg/m3,UHF42,202,Downtown - Heights - Slope,2011,01/01/2011,2.2,
227513,647,Outdoor Air Toxics - Formaldehyde,Annual average concentration,µg/m3,CD,105,Midtown (CD5),2011,01/01/2011,3,
"130378,639,Deaths due to PM2.5,Estimated annual rate (age 30+),""per 100,000 adults"",UHF42,306,Chelsea - Clinton,2005-2007,01/01/2005,57.5,"
"628534,650,Respiratory hospitalizations due to PM2.5 (age 20+),Estimated annual rate,""per 100,000 adults"",UHF42,102,Northeast Bronx,2015-2017,01/01/2015,15.4,"
"130884,650,Respiratory hospitalizations due to PM2.5 (age 20+),Estimated annual rate,""per 100,000 adults"",UHF42,102,Northeast Bronx,2005-2007,01/01/2005,25.9,"
602858,375,Nitrogen dioxide (NO2),Mean,ppb,UHF34,207,East Flatbush - Flatbush,Annual Average 2018,01/01/2018,17.9,
741050,375,Nitrogen dioxide (NO2),Mean,ppb,UHF34,207,East Flatbush - Flatbush,Summer 2021,06/01/2021,10.75,
178407,365,Fine particles (PM 2.5),Mean,mcg/m3,UHF42,202,Downtown - Heights - Slope,Annual Average 2009,12/01/2008,11.5,
212802,365,Fine particles (PM 2.5),Mean,mcg/m3,UHF42,202,Downtown - Heights - Slope,Summer 2014,06/01/2014,9.87,
333976,365,Fine particles (PM 2.5),Mean,mcg/m3,UHF42,202,Downtown - Heights - Slope,Annual Average 2015,01/01/2015,9.89,
"131169,655,Asthma hospitalizations due to Ozone,Estimated annual rate (under age 18),""per 100,000 children"",Borough,4,Queens,2005-2007,01/01/2005,17.1,"
"518886,648,Asthma emergency department visits due to PM2.5,Estimated annual rate (under age 18),""per 100,000 children"",Borough,4,Queens,2012-2014,01/02/2012,53.19,"
"628435,648,Asthma emergency department visits due to PM2.5,Estimated annual rate (under age 18),""per 100,000 children"",Borough,4,Queens,2015-2017,01/01/2015,47.3,"
315636,647,Outdoor Air Toxics - Formaldehyde,Annual average concentration,µg/m3,Borough,4,Queens,2011,01/01/2011,2.1,
799866,647,Outdoor Air Toxics - Formaldehyde,Annual average concentration,µg/m3,Borough,4,Queens,2014,01/01/2014,1.43,
"130785,639,Deaths due to PM2.5,Estimated annual rate (age 30+),""per 100,000 adults"",Borough,4,Queens,2005-2007,01/01/2005,54.8,"
"518790,650,Respiratory hospitalizations due to PM2.5 (age 20+),Estimated annual rate,""per 100,000 adults"",Borough,4,Queens,2012-2014,01/02/2012,8.68,"
"628531,650,Respiratory hospitalizations due to PM2.5 (age 20+),Estimated annual rate,""per 100,000 adults"",Borough,4,Queens,2015-2017,01/01/2015,9.6,"
"131553,650,Respiratory hospitalizations due to PM2.5 (age 20+),Estimated annual rate,""per 100,000 adults"",Borough,4,Queens,2009-2011,01/01/2009,11.4,"
649659,365,Fine particles (PM 2.5),Mean,mcg/m3,Borough,4,Queens,Winter 2018-19,12/01/2018,7.14,
"518934,657,Asthma emergency department visits due to PM2.5,Estimated annual rate (age 18+),""per 100,000 adults"",Borough,4,Queens,2012-2014,01/02/2012,20.64,"
"628483,657,Asthma emergency department visits due to PM2.5,Estimated annual rate (age 18+),""per 100,000 adults"",Borough,4,Queens,2015-2017,01/01/2015,17.9,"
"131361,661,Asthma hospitalizations due to Ozone,Estimated annual rate (age 18+),""per 100,000 adults"",Borough,4,Queens,2005-2007,01/01/2005,4.3,"
741053,375,Nitrogen dioxide (NO2),Mean,ppb,UHF34,208,Canarsie - Flatlands,Summer 2021,06/01/2021,8.17,
333946,365,Fine particles (PM 2.5),Mean,mcg/m3,Borough,4,Queens,Annual Average 2015,01/01/2015,8.35,
179656,365,Fine particles (PM 2.5),Mean,mcg/m3,Borough,4,Queens,Annual Average 2011,12/01/2010,9.75,
179431,375,Nitrogen dioxide (NO2),Mean,ppb,Borough,4,Queens,Annual Average 2011,12/01/2010,21.47,
336484,375,Nitrogen dioxide (NO2),Mean,ppb,Borough,4,Queens,Annual Average 2015,01/01/2015,18.51,
325196,643,Annual vehicle miles traveled,million miles,per km2,Borough,4,Queens,2016,01/01/2016,24.8,
602698,375,Nitrogen dioxide (NO2),Mean,ppb,Borough,4,Queens,Winter 2017-18,12/01/2017,23.47,
643312,375,Nitrogen dioxide (NO2),Mean,ppb,Borough,4,Queens,Annual Average 2019,01/01/2019,15.66,
179271,375,Nitrogen dioxide (NO2),Mean,ppb,Borough,4,Queens,Winter 2008-09,12/01/2008,27.86,
211363,375,Nitrogen dioxide (NO2),Mean,ppb,Borough,4,Queens,Winter 2013-14,12/01/2013,26.84,
221908,386,Ozone (O3),Mean,ppb,UHF34,401,Long Island City - Astoria,Summer 2014,06/01/2014,30.71,
221860,386,Ozone (O3),Mean,ppb,UHF34,208,Canarsie - Flatlands,Summer 2014,06/01/2014,33.25,
643479,375,Nitrogen dioxide (NO2),Mean,ppb,UHF34,208,Canarsie - Flatlands,Winter 2018-19,12/01/2018,18.66,
667375,375,Nitrogen dioxide (NO2),Mean,ppb,UHF34,208,Canarsie - Flatlands,Annual Average 2020,01/01/2020,13.76,
643471,375,Nitrogen dioxide (NO2),Mean,ppb,UHF34,206,Borough Park,Annual Average 2019,01/01/2019,16.66,
602857,375,Nitrogen dioxide (NO2),Mean,ppb,UHF34,206,Borough Park,Winter 2017-18,12/01/2017,24.2,
"130833,648,Asthma emergency department visits due to PM2.5,Estimated annual rate (under age 18),""per 100,000 children"",Borough,4,Queens,2005-2007,01/01/2005,80.8,"
602863,375,Nitrogen dioxide (NO2),Mean,ppb,UHF34,208,Canarsie - Flatlands,Winter 2017-18,12/01/2017,20.54,
643477,375,Nitrogen dioxide (NO2),Mean,ppb,UHF34,208,Canarsie - Flatlands,Annual Average 2019,01/01/2019,13.14,
649657,365,Fine particles (PM 2.5),Mean,mcg/m3,Borough,4,Queens,Annual Average 2019,01/01/2019,6.47,
211408,365,Fine particles (PM 2.5),Mean,mcg/m3,Borough,4,Queens,Winter 2013-14,12/01/2013,11.23,
227511,647,Outdoor Air Toxics - Formaldehyde,Annual average concentration,µg/m3,CD,103,Lower East Side and Chinatown (CD3),2011,01/01/2011,2.5,
227535,647,Outdoor Air Toxics - Formaldehyde,Annual average concentration,µg/m3,CD,303,Bedford Stuyvesant (CD3),2011,01/01/2011,2,
227536,647,Outdoor Air Toxics - Formaldehyde,Annual average concentration,µg/m3,CD,304,Bushwick (CD4),2011,01/01/2011,2,
"130782,639,Deaths due to PM2.5,Estimated annual rate (age 30+),""per 100,000 adults"",Borough,1,Bronx,2005-2007,01/01/2005,76.5,"
"130361,639,Deaths due to PM2.5,Estimated annual rate (age 30+),""per 100,000 adults"",UHF42,107,Hunts Point - Mott Haven,2005-2007,01/01/2005,71,"
"131551,650,Respiratory hospitalizations due to PM2.5 (age 20+),Estimated annual rate,""per 100,000 adults"",Borough,2,Brooklyn,2009-2011,01/01/2009,13.3,"
"131513,650,Respiratory hospitalizations due to PM2.5 (age 20+),Estimated annual rate,""per 100,000 adults"",UHF42,107,Hunts Point - Mott Haven,2009-2011,01/01/2009,30.2,"
"131550,650,Respiratory hospitalizations due to PM2.5 (age 20+),Estimated annual rate,""per 100,000 adults"",Borough,1,Bronx,2009-2011,01/01/2009,20.6,"
"518788,650,Respiratory hospitalizations due to PM2.5 (age 20+),Estimated annual rate,""per 100,000 adults"",Borough,2,Brooklyn,2012-2014,01/02/2012,11.53,"
"518787,650,Respiratory hospitalizations due to PM2.5 (age 20+),Estimated annual rate,""per 100,000 adults"",Borough,1,Bronx,2012-2014,01/02/2012,17.98,"
"628529,650,Respiratory hospitalizations due to PM2.5 (age 20+),Estimated annual rate,""per 100,000 adults"",Borough,2,Brooklyn,2015-2017,01/01/2015,10.5,"
"628528,650,Respiratory hospitalizations due to PM2.5 (age 20+),Estimated annual rate,""per 100,000 adults"",Borough,1,Bronx,2015-2017,01/01/2015,19.6,"
"130926,650,Respiratory hospitalizations due to PM2.5 (age 20+),Estimated annual rate,""per 100,000 adults"",Borough,1,Bronx,2005-2007,01/01/2005,30.8,"
173702,365,Fine particles (PM 2.5),Mean,mcg/m3,UHF34,102,Northeast Bronx,Summer 2012,06/01/2012,10.23,
173736,365,Fine particles (PM 2.5),Mean,mcg/m3,UHF34,102,Northeast Bronx,Summer 2013,06/01/2013,10.17,
410866,365,Fine particles (PM 2.5),Mean,mcg/m3,UHF34,102,Northeast Bronx,Annual Average 2016,12/31/2015,7.55,
605792,365,Fine particles (PM 2.5),Mean,mcg/m3,UHF34,102,Northeast Bronx,Annual Average 2018,01/01/2018,6.99,
742292,365,Fine particles (PM 2.5),Mean,mcg/m3,UHF34,102,Northeast Bronx,Summer 2021,06/01/2021,8.54,
173735,365,Fine particles (PM 2.5),Mean,mcg/m3,UHF34,101,Kingsbridge - Riverdale,Summer 2013,06/01/2013,10.01,
173701,365,Fine particles (PM 2.5),Mean,mcg/m3,UHF34,101,Kingsbridge - Riverdale,Summer 2012,06/01/2012,10.15,
410863,365,Fine particles (PM 2.5),Mean,mcg/m3,UHF34,101,Kingsbridge - Riverdale,Annual Average 2016,12/31/2015,7.5,
174109,365,Fine particles (PM 2.5),Mean,mcg/m3,UHF34,101,Kingsbridge - Riverdale,Annual Average 2009,12/01/2008,11.03,
174177,365,Fine particles (PM 2.5),Mean,mcg/m3,UHF34,101,Kingsbridge - Riverdale,Annual Average 2011,12/01/2010,10.65,
334078,365,Fine particles (PM 2.5),Mean,mcg/m3,UHF34,101,Kingsbridge - Riverdale,Annual Average 2015,01/01/2015,9.17,
649791,365,Fine particles (PM 2.5),Mean,mcg/m3,UHF34,101,Kingsbridge - Riverdale,Winter 2018-19,12/01/2018,7.18,
179644,365,Fine particles (PM 2.5),Mean,mcg/m3,Borough,2,Brooklyn,Annual Average 2009,12/01/2008,10.5,
"130927,650,Respiratory hospitalizations due to PM2.5 (age 20+),Estimated annual rate,""per 100,000 adults"",Borough,2,Brooklyn,2005-2007,01/01/2005,19.6,"
"130889,650,Respiratory hospitalizations due to PM2.5 (age 20+),Estimated annual rate,""per 100,000 adults"",UHF42,107,Hunts Point - Mott Haven,2005-2007,01/01/2005,41,"
"628480,657,Asthma emergency department visits due to PM2.5,Estimated annual rate (age 18+),""per 100,000 adults"",Borough,1,Bronx,2015-2017,01/01/2015,67,"
"131358,661,Asthma hospitalizations due to Ozone,Estimated annual rate (age 18+),""per 100,000 adults"",Borough,1,Bronx,2005-2007,01/01/2005,13.4,"
"131225,657,Asthma emergency department visits due to PM2.5,Estimated annual rate (age 18+),""per 100,000 adults"",UHF42,107,Hunts Point - Mott Haven,2005-2007,01/01/2005,189.1,"
"130960,651,Cardiovascular hospitalizations due to PM2.5 (age 40+),Estimated annual rate,""per 100,000 adults"",UHF42,402,West Queens,2005-2007,01/01/2005,18.4,"
227519,647,Outdoor Air Toxics - Formaldehyde,Annual average concentration,µg/m3,CD,111,East Harlem (CD11),2011,01/01/2011,2.6,
"130394,639,Deaths due to PM2.5,Estimated annual rate (age 30+),""per 100,000 adults"",UHF42,502,Stapleton - St. George,2005-2007,01/01/2005,80.3,"
"130384,639,Deaths due to PM2.5,Estimated annual rate (age 30+),""per 100,000 adults"",UHF42,402,West Queens,2005-2007,01/01/2005,44.6,"
410902,365,Fine particles (PM 2.5),Mean,mcg/m3,UHF34,210,Coney Island - Sheepshead Bay,Annual Average 2016,12/31/2015,6.75,
172660,375,Nitrogen dioxide (NO2),Mean,ppb,UHF34,210,Coney Island - Sheepshead Bay,Annual Average 2011,12/01/2010,18.98,
"131008,652,Cardiac and respiratory deaths due to Ozone,Estimated annual rate,""per 100,000"",UHF42,402,West Queens,2005-2007,01/01/2005,3,"
211667,375,Nitrogen dioxide (NO2),Mean,ppb,UHF34,210,Coney Island - Sheepshead Bay,Summer 2014,06/01/2014,11.77,
211565,375,Nitrogen dioxide (NO2),Mean,ppb,UHF34,210,Coney Island - Sheepshead Bay,Winter 2013-14,12/01/2013,25.9,
211871,365,Fine particles (PM 2.5),Mean,mcg/m3,UHF34,210,Coney Island - Sheepshead Bay,Winter 2013-14,12/01/2013,11.04,
"131018,652,Cardiac and respiratory deaths due to Ozone,Estimated annual rate,""per 100,000"",UHF42,502,Stapleton - St. George,2005-2007,01/01/2005,8.7,"
"131511,650,Respiratory hospitalizations due to PM2.5 (age 20+),Estimated annual rate,""per 100,000 adults"",UHF42,105,Crotona -Tremont,2009-2011,01/01/2009,25.1,"
"518794,650,Respiratory hospitalizations due to PM2.5 (age 20+),Estimated annual rate,""per 100,000 adults"",UHF42,103,Fordham - Bronx Pk,2012-2014,01/02/2012,17.08,"
"628537,650,Respiratory hospitalizations due to PM2.5 (age 20+),Estimated annual rate,""per 100,000 adults"",UHF42,105,Crotona -Tremont,2015-2017,01/01/2015,21.4,"
"130885,650,Respiratory hospitalizations due to PM2.5 (age 20+),Estimated annual rate,""per 100,000 adults"",UHF42,103,Fordham - Bronx Pk,2005-2007,01/01/2005,28.1,"
"130887,650,Respiratory hospitalizations due to PM2.5 (age 20+),Estimated annual rate,""per 100,000 adults"",UHF42,105,Crotona -Tremont,2005-2007,01/01/2005,33.7,"
"518938,657,Asthma emergency department visits due to PM2.5,Estimated annual rate (age 18+),""per 100,000 adults"",UHF42,103,Fordham - Bronx Pk,2012-2014,01/02/2012,77.59,"
"628487,657,Asthma emergency department visits due to PM2.5,Estimated annual rate (age 18+),""per 100,000 adults"",UHF42,103,Fordham - Bronx Pk,2015-2017,01/01/2015,64.1,"
"131317,661,Asthma hospitalizations due to Ozone,Estimated annual rate (age 18+),""per 100,000 adults"",UHF42,103,Fordham - Bronx Pk,2005-2007,01/01/2005,14.4,"
"131337,661,Asthma hospitalizations due to Ozone,Estimated annual rate (age 18+),""per 100,000 adults"",UHF42,305,Upper East Side,2005-2007,01/01/2005,1.4,"
"131319,661,Asthma hospitalizations due to Ozone,Estimated annual rate (age 18+),""per 100,000 adults"",UHF42,105,Crotona -Tremont,2005-2007,01/01/2005,18.9,"
"131223,657,Asthma emergency department visits due to PM2.5,Estimated annual rate (age 18+),""per 100,000 adults"",UHF42,105,Crotona -Tremont,2005-2007,01/01/2005,192.7,"
649677,365,Fine particles (PM 2.5),Mean,mcg/m3,UHF42,105,Crotona -Tremont,Winter 2018-19,12/01/2018,7.89,
178487,365,Fine particles (PM 2.5),Mean,mcg/m3,UHF42,105,Crotona -Tremont,Annual Average 2011,12/01/2010,11.45,
178403,365,Fine particles (PM 2.5),Mean,mcg/m3,UHF42,105,Crotona -Tremont,Annual Average 2009,12/01/2008,11.76,
212798,365,Fine particles (PM 2.5),Mean,mcg/m3,UHF42,105,Crotona -Tremont,Summer 2014,06/01/2014,9.29,
669865,365,Fine particles (PM 2.5),Mean,mcg/m3,CD,208,Riverdale and Fieldston (CD8),Annual Average 2020,01/01/2020,5.87,
649981,365,Fine particles (PM 2.5),Mean,mcg/m3,CD,306,Park Slope and Carroll Gardens (CD6),Annual Average 2019,01/01/2019,7.7,
649951,365,Fine particles (PM 2.5),Mean,mcg/m3,CD,208,Riverdale and Fieldston (CD8),Annual Average 2019,01/01/2019,6.68,
151741,645,Annual vehicle miles travelled (trucks),million miles,per km2,UHF42,305,Upper East Side,2005,01/01/2005,2.9,
325113,645,Annual vehicle miles travelled (trucks),million miles,per km2,UHF42,305,Upper East Side,2016,01/01/2016,2.3,
151723,645,Annual vehicle miles travelled (trucks),million miles,per km2,UHF42,105,Crotona -Tremont,2005,01/01/2005,3,
151634,643,Annual vehicle miles traveled,million miles,per km2,UHF42,205,Sunset Park,2005,01/01/2005,30.7,
151632,643,Annual vehicle miles traveled,million miles,per km2,UHF42,203,Bedford Stuyvesant - Crown Heights,2005,01/01/2005,33.8,
325207,643,Annual vehicle miles traveled,million miles,per km2,UHF42,203,Bedford Stuyvesant - Crown Heights,2016,01/01/2016,26.7,
151627,643,Annual vehicle miles traveled,million miles,per km2,UHF42,105,Crotona -Tremont,2005,01/01/2005,39.6,
"131019,652,Cardiac and respiratory deaths due to Ozone,Estimated annual rate,""per 100,000"",UHF42,503,Willowbrook,2005-2007,01/01/2005,9.3,"
165758,375,Nitrogen dioxide (NO2),Mean,ppb,CD,208,Riverdale and Fieldston (CD8),Winter 2008-09,12/01/2008,28.22,
213242,375,Nitrogen dioxide (NO2),Mean,ppb,CD,208,Riverdale and Fieldston (CD8),Winter 2013-14,12/01/2013,22.45,
602992,375,Nitrogen dioxide (NO2),Mean,ppb,CD,208,Riverdale and Fieldston (CD8),Winter 2017-18,12/01/2017,21.31,
649908,365,Fine particles (PM 2.5),Mean,mcg/m3,CD,105,Midtown (CD5),Winter 2018-19,12/01/2018,13.46,
168398,365,Fine particles (PM 2.5),Mean,mcg/m3,CD,105,Midtown (CD5),Winter 2008-09,12/01/2008,18.84,
213758,365,Fine particles (PM 2.5),Mean,mcg/m3,CD,105,Midtown (CD5),Winter 2013-14,12/01/2013,17.44,
649906,365,Fine particles (PM 2.5),Mean,mcg/m3,CD,105,Midtown (CD5),Annual Average 2019,01/01/2019,11.53,
605908,365,Fine particles (PM 2.5),Mean,mcg/m3,CD,105,Midtown (CD5),Winter 2017-18,12/01/2017,12.61,
643323,375,Nitrogen dioxide (NO2),Mean,ppb,UHF42,102,Northeast Bronx,Winter 2018-19,12/01/2018,19.11,
151742,645,Annual vehicle miles travelled (trucks),million miles,per km2,UHF42,306,Chelsea - Clinton,2005,01/01/2005,3.4,
151631,643,Annual vehicle miles traveled,million miles,per km2,UHF42,202,Downtown - Heights - Slope,2005,01/01/2005,41.7,
151624,643,Annual vehicle miles traveled,million miles,per km2,UHF42,102,Northeast Bronx,2005,01/01/2005,16.7,
325199,643,Annual vehicle miles traveled,million miles,per km2,UHF42,102,Northeast Bronx,2016,01/01/2016,17.1,
325206,643,Annual vehicle miles traveled,million miles,per km2,UHF42,202,Downtown - Heights - Slope,2016,01/01/2016,39.7,
"131012,652,Cardiac and respiratory deaths due to Ozone,Estimated annual rate,""per 100,000"",UHF42,406,Fresh Meadows,2005-2007,01/01/2005,4.9,"
"130987,652,Cardiac and respiratory deaths due to Ozone,Estimated annual rate,""per 100,000"",UHF42,202,Downtown - Heights - Slope,2005-2007,01/01/2005,4.9,"
165743,375,Nitrogen dioxide (NO2),Mean,ppb,CD,105,Midtown (CD5),Winter 2008-09,12/01/2008,50.56,
213227,375,Nitrogen dioxide (NO2),Mean,ppb,CD,105,Midtown (CD5),Winter 2013-14,12/01/2013,40.99,
643561,375,Nitrogen dioxide (NO2),Mean,ppb,CD,105,Midtown (CD5),Annual Average 2019,01/01/2019,28.53,
602947,375,Nitrogen dioxide (NO2),Mean,ppb,CD,105,Midtown (CD5),Winter 2017-18,12/01/2017,35.17,
212298,375,Nitrogen dioxide (NO2),Mean,ppb,UHF42,202,Downtown - Heights - Slope,Winter 2013-14,12/01/2013,29.89,
602707,375,Nitrogen dioxide (NO2),Mean,ppb,UHF42,102,Northeast Bronx,Winter 2017-18,12/01/2017,21.29,
221854,386,Ozone (O3),Mean,ppb,UHF34,207,East Flatbush - Flatbush,Summer 2014,06/01/2014,30.94,
643476,375,Nitrogen dioxide (NO2),Mean,ppb,UHF34,207,East Flatbush - Flatbush,Winter 2018-19,12/01/2018,21.71,
211562,375,Nitrogen dioxide (NO2),Mean,ppb,UHF34,207,East Flatbush - Flatbush,Winter 2013-14,12/01/2013,28.3,
"130788,648,Asthma emergency department visits due to PM2.5,Estimated annual rate (under age 18),""per 100,000 children"",UHF42,102,Northeast Bronx,2005-2007,01/01/2005,152.6,"
643474,375,Nitrogen dioxide (NO2),Mean,ppb,UHF34,207,East Flatbush - Flatbush,Annual Average 2019,01/01/2019,16.27,
602860,375,Nitrogen dioxide (NO2),Mean,ppb,UHF34,207,East Flatbush - Flatbush,Winter 2017-18,12/01/2017,24.33,
130756,647,Outdoor Air Toxics - Formaldehyde,Annual average concentration,µg/m3,UHF42,306,Chelsea - Clinton,2005,01/01/2005,4.6,
212676,365,Fine particles (PM 2.5),Mean,mcg/m3,UHF42,202,Downtown - Heights - Slope,Winter 2013-14,12/01/2013,12.93,
649821,365,Fine particles (PM 2.5),Mean,mcg/m3,UHF34,207,East Flatbush - Flatbush,Winter 2018-19,12/01/2018,6.91,
669682,365,Fine particles (PM 2.5),Mean,mcg/m3,UHF34,207,East Flatbush - Flatbush,Annual Average 2020,01/01/2020,5.97,
605821,365,Fine particles (PM 2.5),Mean,mcg/m3,UHF34,207,East Flatbush - Flatbush,Winter 2017-18,12/01/2017,8.39,
"131002,652,Cardiac and respiratory deaths due to Ozone,Estimated annual rate,""per 100,000"",UHF42,306,Chelsea - Clinton,2005-2007,01/01/2005,4,"
154564,643,Annual vehicle miles traveled,million miles,per km2,CD,105,Midtown (CD5),2005,01/01/2005,52.6,
325245,643,Annual vehicle miles traveled,million miles,per km2,CD,105,Midtown (CD5),2016,01/01/2016,32.2,
315635,647,Outdoor Air Toxics - Formaldehyde,Annual average concentration,µg/m3,Borough,3,Manhattan,2011,01/01/2011,2.4,
799865,647,Outdoor Air Toxics - Formaldehyde,Annual average concentration,µg/m3,Borough,3,Manhattan,2014,01/01/2014,1.5,
227509,647,Outdoor Air Toxics - Formaldehyde,Annual average concentration,µg/m3,CD,101,Financial District (CD1),2011,01/01/2011,2.5,
227522,647,Outdoor Air Toxics - Formaldehyde,Annual average concentration,µg/m3,CD,202,Hunts Point and Longwood (CD2),2011,01/01/2011,2.1,
227510,647,Outdoor Air Toxics - Formaldehyde,Annual average concentration,µg/m3,CD,102,Greenwich Village and Soho (CD2),2011,01/01/2011,2.6,
130749,647,Outdoor Air Toxics - Formaldehyde,Annual average concentration,µg/m3,UHF42,210,Coney Island - Sheepshead Bay,2005,01/01/2005,2.5,
"130381,639,Deaths due to PM2.5,Estimated annual rate (age 30+),""per 100,000 adults"",UHF42,309,Union Square - Lower East Side,2005-2007,01/01/2005,66.9,"
"131512,650,Respiratory hospitalizations due to PM2.5 (age 20+),Estimated annual rate,""per 100,000 adults"",UHF42,106,High Bridge - Morrisania,2009-2011,01/01/2009,27.6,"
"518789,650,Respiratory hospitalizations due to PM2.5 (age 20+),Estimated annual rate,""per 100,000 adults"",Borough,3,Manhattan,2012-2014,01/02/2012,10.94,"
"518797,650,Respiratory hospitalizations due to PM2.5 (age 20+),Estimated annual rate,""per 100,000 adults"",UHF42,106,High Bridge - Morrisania,2012-2014,01/02/2012,23.46,"
"628538,650,Respiratory hospitalizations due to PM2.5 (age 20+),Estimated annual rate,""per 100,000 adults"",UHF42,106,High Bridge - Morrisania,2015-2017,01/01/2015,25.8,"
"130888,650,Respiratory hospitalizations due to PM2.5 (age 20+),Estimated annual rate,""per 100,000 adults"",UHF42,106,High Bridge - Morrisania,2005-2007,01/01/2005,42.2,"
410869,365,Fine particles (PM 2.5),Mean,mcg/m3,UHF34,103,Fordham - Bronx Pk,Annual Average 2016,12/31/2015,7.57,
173703,365,Fine particles (PM 2.5),Mean,mcg/m3,UHF34,103,Fordham - Bronx Pk,Summer 2012,06/01/2012,10.35,
174111,365,Fine particles (PM 2.5),Mean,mcg/m3,UHF34,103,Fordham - Bronx Pk,Annual Average 2009,12/01/2008,11.1,
211962,365,Fine particles (PM 2.5),Mean,mcg/m3,UHF34,103,Fordham - Bronx Pk,Summer 2014,06/01/2014,8.76,
178404,365,Fine particles (PM 2.5),Mean,mcg/m3,UHF42,106,High Bridge - Morrisania,Annual Average 2009,12/01/2008,11.8,
"130928,650,Respiratory hospitalizations due to PM2.5 (age 20+),Estimated annual rate,""per 100,000 adults"",Borough,3,Manhattan,2005-2007,01/01/2005,18.3,"
"131360,661,Asthma hospitalizations due to Ozone,Estimated annual rate (age 18+),""per 100,000 adults"",Borough,3,Manhattan,2005-2007,01/01/2005,5.5,"
"131224,657,Asthma emergency department visits due to PM2.5,Estimated annual rate (age 18+),""per 100,000 adults"",UHF42,106,High Bridge - Morrisania,2005-2007,01/01/2005,193.7,"
669847,365,Fine particles (PM 2.5),Mean,mcg/m3,Borough,3,Manhattan,Annual Average 2020,01/01/2020,7.16,
649656,365,Fine particles (PM 2.5),Mean,mcg/m3,Borough,3,Manhattan,Winter 2018-19,12/01/2018,9.33,
212799,365,Fine particles (PM 2.5),Mean,mcg/m3,UHF42,106,High Bridge - Morrisania,Summer 2014,06/01/2014,9.27,
649680,365,Fine particles (PM 2.5),Mean,mcg/m3,UHF42,106,High Bridge - Morrisania,Winter 2018-19,12/01/2018,7.75,
669823,365,Fine particles (PM 2.5),Mean,mcg/m3,UHF42,106,High Bridge - Morrisania,Annual Average 2020,01/01/2020,6.12,
741026,375,Nitrogen dioxide (NO2),Mean,ppb,UHF34,103,Fordham - Bronx Pk,Summer 2021,06/01/2021,12.15,
667351,375,Nitrogen dioxide (NO2),Mean,ppb,UHF34,204,East New York,Annual Average 2020,01/01/2020,15.74,
643467,375,Nitrogen dioxide (NO2),Mean,ppb,UHF34,204,East New York,Winter 2018-19,12/01/2018,21.57,
211661,375,Nitrogen dioxide (NO2),Mean,ppb,UHF34,204,East New York,Summer 2014,06/01/2014,14.16,
211660,375,Nitrogen dioxide (NO2),Mean,ppb,UHF34,203,Bedford Stuyvesant - Crown Heights,Summer 2014,06/01/2014,16.51,
"131263,657,Asthma emergency department visits due to PM2.5,Estimated annual rate (age 18+),""per 100,000 adults"",Borough,2,Brooklyn,2005-2007,01/01/2005,55.5,"
179654,365,Fine particles (PM 2.5),Mean,mcg/m3,Borough,2,Brooklyn,Annual Average 2011,12/01/2010,10.2,
333940,365,Fine particles (PM 2.5),Mean,mcg/m3,Borough,2,Brooklyn,Annual Average 2015,01/01/2015,8.74,
649653,365,Fine particles (PM 2.5),Mean,mcg/m3,Borough,2,Brooklyn,Winter 2018-19,12/01/2018,7.29,
211421,365,Fine particles (PM 2.5),Mean,mcg/m3,Borough,2,Brooklyn,Summer 2014,06/01/2014,8.84,
212808,365,Fine particles (PM 2.5),Mean,mcg/m3,UHF42,208,Canarsie - Flatlands,Summer 2014,06/01/2014,8.24,
333994,365,Fine particles (PM 2.5),Mean,mcg/m3,UHF42,208,Canarsie - Flatlands,Annual Average 2015,01/01/2015,8.1,
669796,365,Fine particles (PM 2.5),Mean,mcg/m3,UHF42,208,Canarsie - Flatlands,Annual Average 2020,01/01/2020,5.69,
333937,365,Fine particles (PM 2.5),Mean,mcg/m3,Borough,1,Bronx,Annual Average 2015,01/01/2015,9.24,
649650,365,Fine particles (PM 2.5),Mean,mcg/m3,Borough,1,Bronx,Winter 2018-19,12/01/2018,7.46,
669853,365,Fine particles (PM 2.5),Mean,mcg/m3,Borough,1,Bronx,Annual Average 2020,01/01/2020,6.11,
211420,365,Fine particles (PM 2.5),Mean,mcg/m3,Borough,1,Bronx,Summer 2014,06/01/2014,8.85,
179653,365,Fine particles (PM 2.5),Mean,mcg/m3,Borough,1,Bronx,Annual Average 2011,12/01/2010,10.82,
179643,365,Fine particles (PM 2.5),Mean,mcg/m3,Borough,1,Bronx,Annual Average 2009,12/01/2008,11.05,
605902,365,Fine particles (PM 2.5),Mean,mcg/m3,CD,103,Lower East Side and Chinatown (CD3),Winter 2017-18,12/01/2017,9.36,
168421,365,Fine particles (PM 2.5),Mean,mcg/m3,CD,304,Bushwick (CD4),Winter 2008-09,12/01/2008,13.64,
211406,365,Fine particles (PM 2.5),Mean,mcg/m3,Borough,2,Brooklyn,Winter 2013-14,12/01/2013,11.86,
179493,365,Fine particles (PM 2.5),Mean,mcg/m3,Borough,1,Bronx,Winter 2008-09,12/01/2008,14.08,
649648,365,Fine particles (PM 2.5),Mean,mcg/m3,Borough,1,Bronx,Annual Average 2019,01/01/2019,6.91,
211375,375,Nitrogen dioxide (NO2),Mean,ppb,Borough,1,Bronx,Summer 2014,06/01/2014,15.75,
643305,375,Nitrogen dioxide (NO2),Mean,ppb,Borough,1,Bronx,Winter 2018-19,12/01/2018,20.89,
643306,375,Nitrogen dioxide (NO2),Mean,ppb,Borough,2,Brooklyn,Annual Average 2019,01/01/2019,16.53,
175263,375,Nitrogen dioxide (NO2),Mean,ppb,UHF42,208,Canarsie - Flatlands,Winter 2008-09,12/01/2008,25.93,
602746,375,Nitrogen dioxide (NO2),Mean,ppb,UHF42,208,Canarsie - Flatlands,Winter 2017-18,12/01/2017,20.54,
325087,645,Annual vehicle miles travelled (trucks),million miles,per km2,Borough,2,Brooklyn,2016,01/01/2016,1,
325194,643,Annual vehicle miles traveled,million miles,per km2,Borough,2,Brooklyn,2016,01/01/2016,23,
151637,643,Annual vehicle miles traveled,million miles,per km2,UHF42,208,Canarsie - Flatlands,2005,01/01/2005,16,
325212,643,Annual vehicle miles traveled,million miles,per km2,UHF42,208,Canarsie - Flatlands,2016,01/01/2016,17.9,
325193,643,Annual vehicle miles traveled,million miles,per km2,Borough,1,Bronx,2016,01/01/2016,24,
325268,643,Annual vehicle miles traveled,million miles,per km2,CD,304,Bushwick (CD4),2016,01/01/2016,16.6,
"131023,652,Cardiac and respiratory deaths due to Ozone,Estimated annual rate,""per 100,000"",Borough,2,Brooklyn,2005-2007,01/01/2005,5.6,"
213250,375,Nitrogen dioxide (NO2),Mean,ppb,CD,304,Bushwick (CD4),Winter 2013-14,12/01/2013,28.97,
165741,375,Nitrogen dioxide (NO2),Mean,ppb,CD,103,Lower East Side and Chinatown (CD3),Winter 2008-09,12/01/2008,36.88,
602941,375,Nitrogen dioxide (NO2),Mean,ppb,CD,103,Lower East Side and Chinatown (CD3),Winter 2017-18,12/01/2017,27.68,
643555,375,Nitrogen dioxide (NO2),Mean,ppb,CD,103,Lower East Side and Chinatown (CD3),Annual Average 2019,01/01/2019,21.24,
"131025,652,Cardiac and respiratory deaths due to Ozone,Estimated annual rate,""per 100,000"",Borough,4,Queens,2005-2007,01/01/2005,4.8,"
643606,375,Nitrogen dioxide (NO2),Mean,ppb,CD,208,Riverdale and Fieldston (CD8),Annual Average 2019,01/01/2019,13.48,
602944,375,Nitrogen dioxide (NO2),Mean,ppb,CD,104,Clinton and Chelsea (CD4),Winter 2017-18,12/01/2017,30.19,
643558,375,Nitrogen dioxide (NO2),Mean,ppb,CD,104,Clinton and Chelsea (CD4),Annual Average 2019,01/01/2019,24.6,
"130791,648,Asthma emergency department visits due to PM2.5,Estimated annual rate (under age 18),""per 100,000 children"",UHF42,105,Crotona -Tremont,2005-2007,01/01/2005,257.1,"
130735,647,Outdoor Air Toxics - Formaldehyde,Annual average concentration,µg/m3,UHF42,103,Fordham - Bronx Pk,2005,01/01/2005,3.2,
130737,647,Outdoor Air Toxics - Formaldehyde,Annual average concentration,µg/m3,UHF42,105,Crotona -Tremont,2005,01/01/2005,3.4,
315660,647,Outdoor Air Toxics - Formaldehyde,Annual average concentration,µg/m3,UHF42,305,Upper East Side,2011,01/01/2011,2.8,
799819,647,Outdoor Air Toxics - Formaldehyde,Annual average concentration,µg/m3,UHF42,105,Crotona -Tremont,2014,01/01/2014,1.57,
605677,365,Fine particles (PM 2.5),Mean,mcg/m3,UHF42,105,Crotona -Tremont,Winter 2017-18,12/01/2017,8.52,
177143,365,Fine particles (PM 2.5),Mean,mcg/m3,UHF42,105,Crotona -Tremont,Winter 2008-09,12/01/2008,15.1,
212672,365,Fine particles (PM 2.5),Mean,mcg/m3,UHF42,105,Crotona -Tremont,Winter 2013-14,12/01/2013,13.13,
"130999,652,Cardiac and respiratory deaths due to Ozone,Estimated annual rate,""per 100,000"",UHF42,303,East Harlem,2005-2007,01/01/2005,4.7,"
"130981,652,Cardiac and respiratory deaths due to Ozone,Estimated annual rate,""per 100,000"",UHF42,103,Fordham - Bronx Pk,2005-2007,01/01/2005,3.3,"
"131001,652,Cardiac and respiratory deaths due to Ozone,Estimated annual rate,""per 100,000"",UHF42,305,Upper East Side,2005-2007,01/01/2005,4,"
"130983,652,Cardiac and respiratory deaths due to Ozone,Estimated annual rate,""per 100,000"",UHF42,105,Crotona -Tremont,2005-2007,01/01/2005,2.4,"
154579,643,Annual vehicle miles traveled,million miles,per km2,CD,208,Riverdale and Fieldston (CD8),2005,01/01/2005,18.2,
336634,375,Nitrogen dioxide (NO2),Mean,ppb,UHF34,203,Bedford Stuyvesant - Crown Heights,Annual Average 2015,01/01/2015,20.83,
172650,375,Nitrogen dioxide (NO2),Mean,ppb,UHF34,104,Pelham - Throgs Neck,Annual Average 2011,12/01/2010,21.61,
211657,375,Nitrogen dioxide (NO2),Mean,ppb,UHF34,104,Pelham - Throgs Neck,Summer 2014,06/01/2014,14.96,
336625,375,Nitrogen dioxide (NO2),Mean,ppb,UHF34,104,Pelham - Throgs Neck,Annual Average 2015,01/01/2015,19.36,
643455,375,Nitrogen dioxide (NO2),Mean,ppb,UHF34,104,Pelham - Throgs Neck,Winter 2018-19,12/01/2018,20.36,
179420,375,Nitrogen dioxide (NO2),Mean,ppb,Borough,3,Manhattan,Annual Average 2009,12/01/2008,33.89,
211377,375,Nitrogen dioxide (NO2),Mean,ppb,Borough,3,Manhattan,Summer 2014,06/01/2014,22.69,
211362,375,Nitrogen dioxide (NO2),Mean,ppb,Borough,3,Manhattan,Winter 2013-14,12/01/2013,32.41,
325096,645,Annual vehicle miles travelled (trucks),million miles,per km2,UHF42,106,High Bridge - Morrisania,2016,01/01/2016,3.8,
325203,643,Annual vehicle miles traveled,million miles,per km2,UHF42,106,High Bridge - Morrisania,2016,01/01/2016,31.8,
325195,643,Annual vehicle miles traveled,million miles,per km2,Borough,3,Manhattan,2016,01/01/2016,46.7,
151628,643,Annual vehicle miles traveled,million miles,per km2,UHF42,106,High Bridge - Morrisania,2005,01/01/2005,36.1,
154560,643,Annual vehicle miles traveled,million miles,per km2,CD,101,Financial District (CD1),2005,01/01/2005,41.5,
"130994,652,Cardiac and respiratory deaths due to Ozone,Estimated annual rate,""per 100,000"",UHF42,209,Bensonhurst - Bay Ridge,2005-2007,01/01/2005,8.1,"
"131005,652,Cardiac and respiratory deaths due to Ozone,Estimated annual rate,""per 100,000"",UHF42,309,Union Square - Lower East Side,2005-2007,01/01/2005,3.9,"
"131006,652,Cardiac and respiratory deaths due to Ozone,Estimated annual rate,""per 100,000"",UHF42,310,Lower Manhattan,2005-2007,01/01/2005,3.8,"
213236,375,Nitrogen dioxide (NO2),Mean,ppb,CD,202,Hunts Point and Longwood (CD2),Winter 2013-14,12/01/2013,27.8,
643588,375,Nitrogen dioxide (NO2),Mean,ppb,CD,202,Hunts Point and Longwood (CD2),Annual Average 2019,01/01/2019,19.04,
165739,375,Nitrogen dioxide (NO2),Mean,ppb,CD,101,Financial District (CD1),Winter 2008-09,12/01/2008,41.26,
213223,375,Nitrogen dioxide (NO2),Mean,ppb,CD,101,Financial District (CD1),Winter 2013-14,12/01/2013,34.54,
602938,375,Nitrogen dioxide (NO2),Mean,ppb,CD,102,Greenwich Village and Soho (CD2),Winter 2017-18,12/01/2017,29.57,
643552,375,Nitrogen dioxide (NO2),Mean,ppb,CD,102,Greenwich Village and Soho (CD2),Annual Average 2019,01/01/2019,23.44,
643309,375,Nitrogen dioxide (NO2),Mean,ppb,Borough,3,Manhattan,Annual Average 2019,01/01/2019,21.71,
667345,375,Nitrogen dioxide (NO2),Mean,ppb,UHF34,203,Bedford Stuyvesant - Crown Heights,Annual Average 2020,01/01/2020,17.1,
221896,386,Ozone (O3),Mean,ppb,UHF34,303,East Harlem,Summer 2014,06/01/2014,28.92,
221836,386,Ozone (O3),Mean,ppb,UHF34,204,East New York,Summer 2014,06/01/2014,31.97,
221830,386,Ozone (O3),Mean,ppb,UHF34,203,Bedford Stuyvesant - Crown Heights,Summer 2014,06/01/2014,30.33,
221812,386,Ozone (O3),Mean,ppb,UHF34,104,Pelham - Throgs Neck,Summer 2014,06/01/2014,31.93,
221902,386,Ozone (O3),Mean,ppb,UHF34,304,Upper West Side,Summer 2014,06/01/2014,27.4,
643452,375,Nitrogen dioxide (NO2),Mean,ppb,UHF34,103,Fordham - Bronx Pk,Winter 2018-19,12/01/2018,19.92,
667321,375,Nitrogen dioxide (NO2),Mean,ppb,UHF34,103,Fordham - Bronx Pk,Annual Average 2020,01/01/2020,16.98,
172581,375,Nitrogen dioxide (NO2),Mean,ppb,UHF34,103,Fordham - Bronx Pk,Annual Average 2009,12/01/2008,24.82,
172649,375,Nitrogen dioxide (NO2),Mean,ppb,UHF34,103,Fordham - Bronx Pk,Annual Average 2011,12/01/2010,22.61,
179179,365,Fine particles (PM 2.5),Mean,mcg/m3,Citywide,1,New York City,Annual Average 2010,12/01/2009,9.54,
669609,365,Fine particles (PM 2.5),Mean,mcg/m3,Citywide,1,New York City,Winter 2019-20,12/01/2019,7.43,
605891,365,Fine particles (PM 2.5),Mean,mcg/m3,Citywide,1,New York City,Annual Average 2018,01/01/2018,7,
742391,365,Fine particles (PM 2.5),Mean,mcg/m3,Citywide,1,New York City,Summer 2021,06/01/2021,8.33,
179166,365,Fine particles (PM 2.5),Mean,mcg/m3,Citywide,1,New York City,Summer 2012,06/01/2012,10.31,
179167,365,Fine particles (PM 2.5),Mean,mcg/m3,Citywide,1,New York City,Summer 2013,06/01/2013,10.15,
410965,365,Fine particles (PM 2.5),Mean,mcg/m3,Citywide,1,New York City,Annual Average 2016,12/31/2015,7.45,
211339,365,Fine particles (PM 2.5),Mean,mcg/m3,Citywide,1,New York City,Summer 2014,06/01/2014,8.53,
649893,365,Fine particles (PM 2.5),Mean,mcg/m3,Citywide,1,New York City,Winter 2018-19,12/01/2018,7.25,
179178,365,Fine particles (PM 2.5),Mean,mcg/m3,Citywide,1,New York City,Annual Average 2009,12/01/2008,10.43,
179180,365,Fine particles (PM 2.5),Mean,mcg/m3,Citywide,1,New York City,Annual Average 2011,12/01/2010,10.1,
334180,365,Fine particles (PM 2.5),Mean,mcg/m3,Citywide,1,New York City,Annual Average 2015,01/01/2015,8.56,
669610,365,Fine particles (PM 2.5),Mean,mcg/m3,Citywide,1,New York City,Annual Average 2020,01/01/2020,6.06,
211336,365,Fine particles (PM 2.5),Mean,mcg/m3,Citywide,1,New York City,Winter 2013-14,12/01/2013,11.88,
649891,365,Fine particles (PM 2.5),Mean,mcg/m3,Citywide,1,New York City,Annual Average 2019,01/01/2019,6.6,
"131405,657,Asthma emergency department visits due to PM2.5,Estimated annual rate (age 18+),""per 100,000 adults"",Citywide,1,New York City,2009-2011,01/01/2009,45.1,"
"151617,661,Asthma hospitalizations due to Ozone,Estimated annual rate (age 18+),""per 100,000 adults"",Citywide,1,New York City,2009-2011,01/01/2009,7,"
"151521,659,Asthma emergency departments visits due to Ozone,Estimated annual rate (age 18+),""per 100,000 adults"",Citywide,1,New York City,2009-2011,01/01/2009,47.4,"
"518594,659,Asthma emergency departments visits due to Ozone,Estimated annual rate (age 18+),""per 100,000 adults"",Citywide,1,New York City,2012-2014,01/02/2012,54.1,"
"518690,661,Asthma hospitalizations due to Ozone,Estimated annual rate (age 18+),""per 100,000 adults"",Citywide,1,New York City,2012-2014,01/02/2012,6.6,"
"628959,659,Asthma emergency departments visits due to Ozone,Estimated annual rate (age 18+),""per 100,000 adults"",Citywide,1,New York City,2015-2017,01/01/2015,48.3,"
"629055,661,Asthma hospitalizations due to Ozone,Estimated annual rate (age 18+),""per 100,000 adults"",Citywide,1,New York City,2015-2017,01/01/2015,3.9,"
"628527,657,Asthma emergency department visits due to PM2.5,Estimated annual rate (age 18+),""per 100,000 adults"",Citywide,1,New York City,2015-2017,01/01/2015,34.6,"
"518978,657,Asthma emergency department visits due to PM2.5,Estimated annual rate (age 18+),""per 100,000 adults"",Citywide,1,New York City,2012-2014,01/02/2012,42.2,"
"131261,657,Asthma emergency department visits due to PM2.5,Estimated annual rate (age 18+),""per 100,000 adults"",Citywide,1,New York City,2005-2007,01/01/2005,56.9,"
"131309,659,Asthma emergency departments visits due to Ozone,Estimated annual rate (age 18+),""per 100,000 adults"",Citywide,1,New York City,2005-2007,01/01/2005,45.4,"
"131357,661,Asthma hospitalizations due to Ozone,Estimated annual rate (age 18+),""per 100,000 adults"",Citywide,1,New York City,2005-2007,01/01/2005,7.1,"
179148,365,Fine particles (PM 2.5),Mean,mcg/m3,Citywide,1,New York City,Winter 2008-09,12/01/2008,12.89,
605893,365,Fine particles (PM 2.5),Mean,mcg/m3,Citywide,1,New York City,Winter 2017-18,12/01/2017,8.2,
179136,375,Nitrogen dioxide (NO2),Mean,ppb,Citywide,1,New York City,Annual Average 2012,12/01/2011,19.58,
338248,386,Ozone (O3),Mean,ppb,Citywide,1,New York City,Summer 2015,06/01/2015,31.84,
650998,386,Ozone (O3),Mean,ppb,Citywide,1,New York City,Summer 2019,06/01/2019,30.55,
602977,375,Nitrogen dioxide (NO2),Mean,ppb,CD,203,Morrisania and Crotona (CD3),Winter 2017-18,12/01/2017,26.12,
602689,375,Nitrogen dioxide (NO2),Mean,ppb,Borough,1,Bronx,Winter 2017-18,12/01/2017,23.57,
643303,375,Nitrogen dioxide (NO2),Mean,ppb,Borough,1,Bronx,Annual Average 2019,01/01/2019,16.01,
602692,375,Nitrogen dioxide (NO2),Mean,ppb,Borough,2,Brooklyn,Winter 2017-18,12/01/2017,24.01,
179269,375,Nitrogen dioxide (NO2),Mean,ppb,Borough,2,Brooklyn,Winter 2008-09,12/01/2008,29.43,
211361,375,Nitrogen dioxide (NO2),Mean,ppb,Borough,2,Brooklyn,Winter 2013-14,12/01/2013,27.78,
179268,375,Nitrogen dioxide (NO2),Mean,ppb,Borough,1,Bronx,Winter 2008-09,12/01/2008,29.29,
172584,375,Nitrogen dioxide (NO2),Mean,ppb,UHF34,202,Downtown - Heights - Slope,Annual Average 2009,12/01/2008,28.4,
172652,375,Nitrogen dioxide (NO2),Mean,ppb,UHF34,202,Downtown - Heights - Slope,Annual Average 2011,12/01/2010,26.64,
211659,375,Nitrogen dioxide (NO2),Mean,ppb,UHF34,202,Downtown - Heights - Slope,Summer 2014,06/01/2014,17.79,
336631,375,Nitrogen dioxide (NO2),Mean,ppb,UHF34,202,Downtown - Heights - Slope,Annual Average 2015,01/01/2015,21.87,
643461,375,Nitrogen dioxide (NO2),Mean,ppb,UHF34,202,Downtown - Heights - Slope,Winter 2018-19,12/01/2018,24.83,
667339,375,Nitrogen dioxide (NO2),Mean,ppb,UHF34,202,Downtown - Heights - Slope,Annual Average 2020,01/01/2020,18.26,
172580,375,Nitrogen dioxide (NO2),Mean,ppb,UHF34,102,Northeast Bronx,Annual Average 2009,12/01/2008,22.39,
172648,375,Nitrogen dioxide (NO2),Mean,ppb,UHF34,102,Northeast Bronx,Annual Average 2011,12/01/2010,21.06,
336619,375,Nitrogen dioxide (NO2),Mean,ppb,UHF34,102,Northeast Bronx,Annual Average 2015,01/01/2015,19.52,
667315,375,Nitrogen dioxide (NO2),Mean,ppb,UHF34,102,Northeast Bronx,Annual Average 2020,01/01/2020,16.75,
172579,375,Nitrogen dioxide (NO2),Mean,ppb,UHF34,101,Kingsbridge - Riverdale,Annual Average 2009,12/01/2008,23.2,
172647,375,Nitrogen dioxide (NO2),Mean,ppb,UHF34,101,Kingsbridge - Riverdale,Annual Average 2011,12/01/2010,20.79,
336616,375,Nitrogen dioxide (NO2),Mean,ppb,UHF34,101,Kingsbridge - Riverdale,Annual Average 2015,01/01/2015,17.82,
667309,375,Nitrogen dioxide (NO2),Mean,ppb,UHF34,101,Kingsbridge - Riverdale,Annual Average 2020,01/01/2020,15.9,
221884,386,Ozone (O3),Mean,ppb,UHF34,301,Washington Heights,Summer 2014,06/01/2014,29.52,
221818,386,Ozone (O3),Mean,ppb,UHF34,201,Greenpoint,Summer 2014,06/01/2014,30.47,
221800,386,Ozone (O3),Mean,ppb,UHF34,102,Northeast Bronx,Summer 2014,06/01/2014,31.49,
221794,386,Ozone (O3),Mean,ppb,UHF34,101,Kingsbridge - Riverdale,Summer 2014,06/01/2014,30.45,
221824,386,Ozone (O3),Mean,ppb,UHF34,202,Downtown - Heights - Slope,Summer 2014,06/01/2014,29.32,
602842,375,Nitrogen dioxide (NO2),Mean,ppb,UHF34,201,Greenpoint,Winter 2017-18,12/01/2017,28.11,
643456,375,Nitrogen dioxide (NO2),Mean,ppb,UHF34,201,Greenpoint,Annual Average 2019,01/01/2019,21.4,
171563,375,Nitrogen dioxide (NO2),Mean,ppb,UHF34,201,Greenpoint,Winter 2008-09,12/01/2008,32.48,
211556,375,Nitrogen dioxide (NO2),Mean,ppb,UHF34,201,Greenpoint,Winter 2013-14,12/01/2013,29.9,
"518902,648,Asthma emergency department visits due to PM2.5,Estimated annual rate (under age 18),""per 100,000 children"",UHF42,208,Canarsie - Flatlands,2012-2014,01/02/2012,70.95,"
"628451,648,Asthma emergency department visits due to PM2.5,Estimated annual rate (under age 18),""per 100,000 children"",UHF42,208,Canarsie - Flatlands,2015-2017,01/01/2015,61.4,"
"628432,648,Asthma emergency department visits due to PM2.5,Estimated annual rate (under age 18),""per 100,000 children"",Borough,1,Bronx,2015-2017,01/01/2015,146.9,"
"130793,648,Asthma emergency department visits due to PM2.5,Estimated annual rate (under age 18),""per 100,000 children"",UHF42,107,Hunts Point - Mott Haven,2005-2007,01/01/2005,278.6,"
211656,375,Nitrogen dioxide (NO2),Mean,ppb,UHF34,103,Fordham - Bronx Pk,Summer 2014,06/01/2014,15.79,
643465,375,Nitrogen dioxide (NO2),Mean,ppb,UHF34,204,East New York,Annual Average 2019,01/01/2019,15.81,
211559,375,Nitrogen dioxide (NO2),Mean,ppb,UHF34,204,East New York,Winter 2013-14,12/01/2013,27.88,
211558,375,Nitrogen dioxide (NO2),Mean,ppb,UHF34,203,Bedford Stuyvesant - Crown Heights,Winter 2013-14,12/01/2013,29.41,
171562,375,Nitrogen dioxide (NO2),Mean,ppb,UHF34,104,Pelham - Throgs Neck,Winter 2008-09,12/01/2008,27.61,
211555,375,Nitrogen dioxide (NO2),Mean,ppb,UHF34,104,Pelham - Throgs Neck,Winter 2013-14,12/01/2013,25.82,
643453,375,Nitrogen dioxide (NO2),Mean,ppb,UHF34,104,Pelham - Throgs Neck,Annual Average 2019,01/01/2019,15.47,
602839,375,Nitrogen dioxide (NO2),Mean,ppb,UHF34,104,Pelham - Throgs Neck,Winter 2017-18,12/01/2017,22.91,
"130792,648,Asthma emergency department visits due to PM2.5,Estimated annual rate (under age 18),""per 100,000 children"",UHF42,106,High Bridge - Morrisania,2005-2007,01/01/2005,308,"
643462,375,Nitrogen dioxide (NO2),Mean,ppb,UHF34,203,Bedford Stuyvesant - Crown Heights,Annual Average 2019,01/01/2019,17.69,
602851,375,Nitrogen dioxide (NO2),Mean,ppb,UHF34,204,East New York,Winter 2017-18,12/01/2017,24.54,
211554,375,Nitrogen dioxide (NO2),Mean,ppb,UHF34,103,Fordham - Bronx Pk,Winter 2013-14,12/01/2013,24.97,
602836,375,Nitrogen dioxide (NO2),Mean,ppb,UHF34,103,Fordham - Bronx Pk,Winter 2017-18,12/01/2017,22.82,
643450,375,Nitrogen dioxide (NO2),Mean,ppb,UHF34,103,Fordham - Bronx Pk,Annual Average 2019,01/01/2019,15.17,
130778,647,Outdoor Air Toxics - Formaldehyde,Annual average concentration,µg/m3,Borough,3,Manhattan,2005,01/01/2005,4.3,
315643,647,Outdoor Air Toxics - Formaldehyde,Annual average concentration,µg/m3,UHF42,106,High Bridge - Morrisania,2011,01/01/2011,2.3,
649654,365,Fine particles (PM 2.5),Mean,mcg/m3,Borough,3,Manhattan,Annual Average 2019,01/01/2019,8.31,
177144,365,Fine particles (PM 2.5),Mean,mcg/m3,UHF42,106,High Bridge - Morrisania,Winter 2008-09,12/01/2008,15.06,
212673,365,Fine particles (PM 2.5),Mean,mcg/m3,UHF42,106,High Bridge - Morrisania,Winter 2013-14,12/01/2013,13.2,
649678,365,Fine particles (PM 2.5),Mean,mcg/m3,UHF42,106,High Bridge - Morrisania,Annual Average 2019,01/01/2019,7.14,
605680,365,Fine particles (PM 2.5),Mean,mcg/m3,UHF42,106,High Bridge - Morrisania,Winter 2017-18,12/01/2017,8.59,
211407,365,Fine particles (PM 2.5),Mean,mcg/m3,Borough,3,Manhattan,Winter 2013-14,12/01/2013,14.13,
605797,365,Fine particles (PM 2.5),Mean,mcg/m3,UHF34,103,Fordham - Bronx Pk,Winter 2017-18,12/01/2017,8.22,
211860,365,Fine particles (PM 2.5),Mean,mcg/m3,UHF34,103,Fordham - Bronx Pk,Winter 2013-14,12/01/2013,12.51,
"131024,652,Cardiac and respiratory deaths due to Ozone,Estimated annual rate,""per 100,000"",Borough,3,Manhattan,2005-2007,01/01/2005,3.9,"
325242,643,Annual vehicle miles traveled,million miles,per km2,CD,102,Greenwich Village and Soho (CD2),2016,01/01/2016,42.6,
667514,375,Nitrogen dioxide (NO2),Mean,ppb,Citywide,1,New York City,Winter 2019-20,12/01/2019,22.98,
643547,375,Nitrogen dioxide (NO2),Mean,ppb,Citywide,1,New York City,Summer 2019,06/01/2019,12.98,
336719,375,Nitrogen dioxide (NO2),Mean,ppb,Citywide,1,New York City,Summer 2015,06/01/2015,13.57,
179134,375,Nitrogen dioxide (NO2),Mean,ppb,Citywide,1,New York City,Annual Average 2010,12/01/2009,21.11,
179107,375,Nitrogen dioxide (NO2),Mean,ppb,Citywide,1,New York City,Winter 2012-13,12/01/2012,23.47,
219696,386,Ozone (O3),Mean,ppb,Citywide,1,New York City,Summer 2013,06/01/2013,30.99,
219695,386,Ozone (O3),Mean,ppb,Citywide,1,New York City,Summer 2012,06/01/2012,33.83,
743650,386,Ozone (O3),Mean,ppb,Citywide,1,New York City,Summer 2021,06/01/2021,30.18,
741122,375,Nitrogen dioxide (NO2),Mean,ppb,Citywide,1,New York City,Summer 2021,06/01/2021,11.06,
179122,375,Nitrogen dioxide (NO2),Mean,ppb,Citywide,1,New York City,Summer 2013,06/01/2013,15.2,
179121,375,Nitrogen dioxide (NO2),Mean,ppb,Citywide,1,New York City,Summer 2012,06/01/2012,15.77,
602930,375,Nitrogen dioxide (NO2),Mean,ppb,Citywide,1,New York City,Annual Average 2018,01/01/2018,17,
412657,375,Nitrogen dioxide (NO2),Mean,ppb,Citywide,1,New York City,Annual Average 2016,12/31/2015,17.58,
336718,375,Nitrogen dioxide (NO2),Mean,ppb,Citywide,1,New York City,Annual Average 2015,01/01/2015,18.4,
667513,375,Nitrogen dioxide (NO2),Mean,ppb,Citywide,1,New York City,Annual Average 2020,01/01/2020,15.17,
219697,386,Ozone (O3),Mean,ppb,Citywide,1,New York City,Summer 2014,06/01/2014,31.37,
211330,375,Nitrogen dioxide (NO2),Mean,ppb,Citywide,1,New York City,Summer 2014,06/01/2014,13.91,
643548,375,Nitrogen dioxide (NO2),Mean,ppb,Citywide,1,New York City,Winter 2018-19,12/01/2018,20.34,
179135,375,Nitrogen dioxide (NO2),Mean,ppb,Citywide,1,New York City,Annual Average 2011,12/01/2010,21.58,
179133,375,Nitrogen dioxide (NO2),Mean,ppb,Citywide,1,New York City,Annual Average 2009,12/01/2008,22.72,
179103,375,Nitrogen dioxide (NO2),Mean,ppb,Citywide,1,New York City,Winter 2008-09,12/01/2008,27.92,
643546,375,Nitrogen dioxide (NO2),Mean,ppb,Citywide,1,New York City,Annual Average 2019,01/01/2019,15.59,
211327,375,Nitrogen dioxide (NO2),Mean,ppb,Citywide,1,New York City,Winter 2013-14,12/01/2013,26.31,
602932,375,Nitrogen dioxide (NO2),Mean,ppb,Citywide,1,New York City,Winter 2017-18,12/01/2017,23.06,
151623,643,Annual vehicle miles traveled,million miles,per km2,UHF42,101,Kingsbridge - Riverdale,2005,01/01/2005,24.6,
325347,644,Annual vehicle miles travelled (cars),million miles,per km2,Citywide,1,New York City,2016,01/01/2016,21.7,
151761,645,Annual vehicle miles travelled (trucks),million miles,per km2,Citywide,1,New York City,2005,01/01/2005,1.3,
325133,645,Annual vehicle miles travelled (trucks),million miles,per km2,Citywide,1,New York City,2016,01/01/2016,1.2,
151713,644,Annual vehicle miles travelled (cars),million miles,per km2,Citywide,1,New York City,2005,01/01/2005,22.6,
325240,643,Annual vehicle miles traveled,million miles,per km2,Citywide,1,New York City,2016,01/01/2016,23,
151665,643,Annual vehicle miles traveled,million miles,per km2,Citywide,1,New York City,2005,01/01/2005,24,
"130979,652,Cardiac and respiratory deaths due to Ozone,Estimated annual rate,""per 100,000"",UHF42,101,Kingsbridge - Riverdale,2005-2007,01/01/2005,9.9,"
"131007,652,Cardiac and respiratory deaths due to Ozone,Estimated annual rate,""per 100,000"",UHF42,401,Long Island City - Astoria,2005-2007,01/01/2005,3.8,"
"131017,652,Cardiac and respiratory deaths due to Ozone,Estimated annual rate,""per 100,000"",UHF42,501,Port Richmond,2005-2007,01/01/2005,5.6,"
165748,375,Nitrogen dioxide (NO2),Mean,ppb,CD,110,Central Harlem (CD10),Winter 2008-09,12/01/2008,35.37,
"130830,648,Asthma emergency department visits due to PM2.5,Estimated annual rate (under age 18),""per 100,000 children"",Borough,1,Bronx,2005-2007,01/01/2005,212.5,"
"130831,648,Asthma emergency department visits due to PM2.5,Estimated annual rate (under age 18),""per 100,000 children"",Borough,2,Brooklyn,2005-2007,01/01/2005,99.3,"
171564,375,Nitrogen dioxide (NO2),Mean,ppb,UHF34,202,Downtown - Heights - Slope,Winter 2008-09,12/01/2008,33.61,
211557,375,Nitrogen dioxide (NO2),Mean,ppb,UHF34,202,Downtown - Heights - Slope,Winter 2013-14,12/01/2013,29.89,
602845,375,Nitrogen dioxide (NO2),Mean,ppb,UHF34,202,Downtown - Heights - Slope,Winter 2017-18,12/01/2017,27.19,
171560,375,Nitrogen dioxide (NO2),Mean,ppb,UHF34,102,Northeast Bronx,Winter 2008-09,12/01/2008,27.63,
602833,375,Nitrogen dioxide (NO2),Mean,ppb,UHF34,102,Northeast Bronx,Winter 2017-18,12/01/2017,21.29,
171559,375,Nitrogen dioxide (NO2),Mean,ppb,UHF34,101,Kingsbridge - Riverdale,Winter 2008-09,12/01/2008,28.21,
130777,647,Outdoor Air Toxics - Formaldehyde,Annual average concentration,µg/m3,Borough,2,Brooklyn,2005,01/01/2005,3,
130739,647,Outdoor Air Toxics - Formaldehyde,Annual average concentration,µg/m3,UHF42,107,Hunts Point - Mott Haven,2005,01/01/2005,3.5,
649651,365,Fine particles (PM 2.5),Mean,mcg/m3,Borough,2,Brooklyn,Annual Average 2019,01/01/2019,6.66,
179494,365,Fine particles (PM 2.5),Mean,mcg/m3,Borough,2,Brooklyn,Winter 2008-09,12/01/2008,12.88,
212682,365,Fine particles (PM 2.5),Mean,mcg/m3,UHF42,208,Canarsie - Flatlands,Winter 2013-14,12/01/2013,11.07,
605707,365,Fine particles (PM 2.5),Mean,mcg/m3,UHF42,208,Canarsie - Flatlands,Winter 2017-18,12/01/2017,7.9,
605653,365,Fine particles (PM 2.5),Mean,mcg/m3,Borough,2,Brooklyn,Winter 2017-18,12/01/2017,8.53,
211863,365,Fine particles (PM 2.5),Mean,mcg/m3,UHF34,202,Downtown - Heights - Slope,Winter 2013-14,12/01/2013,12.93,
605806,365,Fine particles (PM 2.5),Mean,mcg/m3,UHF34,202,Downtown - Heights - Slope,Winter 2017-18,12/01/2017,9.38,
649804,365,Fine particles (PM 2.5),Mean,mcg/m3,UHF34,202,Downtown - Heights - Slope,Annual Average 2019,01/01/2019,7.44,
173090,365,Fine particles (PM 2.5),Mean,mcg/m3,UHF34,102,Northeast Bronx,Winter 2008-09,12/01/2008,13.58,
605794,365,Fine particles (PM 2.5),Mean,mcg/m3,UHF34,102,Northeast Bronx,Winter 2017-18,12/01/2017,8.13,
649792,365,Fine particles (PM 2.5),Mean,mcg/m3,UHF34,102,Northeast Bronx,Annual Average 2019,01/01/2019,6.68,
173089,365,Fine particles (PM 2.5),Mean,mcg/m3,UHF34,101,Kingsbridge - Riverdale,Winter 2008-09,12/01/2008,14.66,
211858,365,Fine particles (PM 2.5),Mean,mcg/m3,UHF34,101,Kingsbridge - Riverdale,Winter 2013-14,12/01/2013,12.45,
605791,365,Fine particles (PM 2.5),Mean,mcg/m3,UHF34,101,Kingsbridge - Riverdale,Winter 2017-18,12/01/2017,8,
"131003,652,Cardiac and respiratory deaths due to Ozone,Estimated annual rate,""per 100,000"",UHF42,307,Gramercy Park - Murray Hill,2005-2007,01/01/2005,3.2,"
"130985,652,Cardiac and respiratory deaths due to Ozone,Estimated annual rate,""per 100,000"",UHF42,107,Hunts Point - Mott Haven,2005-2007,01/01/2005,2.5,"
"131022,652,Cardiac and respiratory deaths due to Ozone,Estimated annual rate,""per 100,000"",Borough,1,Bronx,2005-2007,01/01/2005,3.9,"
154562,643,Annual vehicle miles traveled,million miles,per km2,CD,103,Lower East Side and Chinatown (CD3),2005,01/01/2005,61.9,
325243,643,Annual vehicle miles traveled,million miles,per km2,CD,103,Lower East Side and Chinatown (CD3),2016,01/01/2016,52.4,
172591,375,Nitrogen dioxide (NO2),Mean,ppb,UHF34,209,Bensonhurst - Bay Ridge,Annual Average 2009,12/01/2008,22.54,
172659,375,Nitrogen dioxide (NO2),Mean,ppb,UHF34,209,Bensonhurst - Bay Ridge,Annual Average 2011,12/01/2010,21.62,
221878,386,Ozone (O3),Mean,ppb,UHF34,211,Williamsburg - Bushwick,Summer 2014,06/01/2014,30.41,
221866,386,Ozone (O3),Mean,ppb,UHF34,209,Bensonhurst - Bay Ridge,Summer 2014,06/01/2014,31.32,
171571,375,Nitrogen dioxide (NO2),Mean,ppb,UHF34,209,Bensonhurst - Bay Ridge,Winter 2008-09,12/01/2008,27.25,
211564,375,Nitrogen dioxide (NO2),Mean,ppb,UHF34,209,Bensonhurst - Bay Ridge,Winter 2013-14,12/01/2013,26.86,
"131453,648,Asthma emergency department visits due to PM2.5,Estimated annual rate (under age 18),""per 100,000 children"",Citywide,1,New York City,2009-2011,01/01/2009,106.8,"
"151569,655,Asthma hospitalizations due to Ozone,Estimated annual rate (under age 18),""per 100,000 children"",Citywide,1,New York City,2009-2011,01/01/2009,22.7,"
"151473,653,Asthma emergency departments visits due to Ozone,Estimated annual rate (under age 18),""per 100,000 children"",Citywide,1,New York City,2009-2011,01/01/2009,108.6,"
"628479,648,Asthma emergency department visits due to PM2.5,Estimated annual rate (under age 18),""per 100,000 children"",Citywide,1,New York City,2015-2017,01/01/2015,78.2,"
"628911,653,Asthma emergency departments visits due to Ozone,Estimated annual rate (under age 18),""per 100,000 children"",Citywide,1,New York City,2015-2017,01/01/2015,101.9,"
"518546,653,Asthma emergency departments visits due to Ozone,Estimated annual rate (under age 18),""per 100,000 children"",Citywide,1,New York City,2012-2014,01/02/2012,118.8,"
"518642,655,Asthma hospitalizations due to Ozone,Estimated annual rate (under age 18),""per 100,000 children"",Citywide,1,New York City,2012-2014,01/02/2012,24,"
"629007,655,Asthma hospitalizations due to Ozone,Estimated annual rate (under age 18),""per 100,000 children"",Citywide,1,New York City,2015-2017,01/01/2015,18.7,"
"518930,648,Asthma emergency department visits due to PM2.5,Estimated annual rate (under age 18),""per 100,000 children"",Citywide,1,New York City,2012-2014,01/02/2012,97.8,"
"130829,648,Asthma emergency department visits due to PM2.5,Estimated annual rate (under age 18),""per 100,000 children"",Citywide,1,New York City,2005-2007,01/01/2005,126.3,"
"131069,653,Asthma emergency departments visits due to Ozone,Estimated annual rate (under age 18),""per 100,000 children"",Citywide,1,New York City,2005-2007,01/01/2005,91.3,"
"131165,655,Asthma hospitalizations due to Ozone,Estimated annual rate (under age 18),""per 100,000 children"",Citywide,1,New York City,2005-2007,01/01/2005,22,"
"130787,648,Asthma emergency department visits due to PM2.5,Estimated annual rate (under age 18),""per 100,000 children"",UHF42,101,Kingsbridge - Riverdale,2005-2007,01/01/2005,88.3,"
602866,375,Nitrogen dioxide (NO2),Mean,ppb,UHF34,209,Bensonhurst - Bay Ridge,Winter 2017-18,12/01/2017,22.67,
643480,375,Nitrogen dioxide (NO2),Mean,ppb,UHF34,209,Bensonhurst - Bay Ridge,Annual Average 2019,01/01/2019,15.7,
173101,365,Fine particles (PM 2.5),Mean,mcg/m3,UHF34,209,Bensonhurst - Bay Ridge,Winter 2008-09,12/01/2008,11.82,
211870,365,Fine particles (PM 2.5),Mean,mcg/m3,UHF34,209,Bensonhurst - Bay Ridge,Winter 2013-14,12/01/2013,11.51,
605827,365,Fine particles (PM 2.5),Mean,mcg/m3,UHF34,209,Bensonhurst - Bay Ridge,Winter 2017-18,12/01/2017,8.1,
649825,365,Fine particles (PM 2.5),Mean,mcg/m3,UHF34,209,Bensonhurst - Bay Ridge,Annual Average 2019,01/01/2019,6.21,
"151425,652,Cardiac and respiratory deaths due to Ozone,Estimated annual rate,""per 100,000"",Citywide,1,New York City,2009-2011,01/01/2009,4.7,"
"518738,652,Cardiac and respiratory deaths due to Ozone,Estimated annual rate,""per 100,000"",Citywide,1,New York City,2012-2014,01/02/2012,5,"
"629199,652,Cardiac and respiratory deaths due to Ozone,Estimated annual rate,""per 100,000"",Citywide,1,New York City,2015-2017,01/01/2015,4.8,"
"131021,652,Cardiac and respiratory deaths due to Ozone,Estimated annual rate,""per 100,000"",Citywide,1,New York City,2005-2007,01/01/2005,4.9,"
154569,643,Annual vehicle miles traveled,million miles,per km2,CD,110,Central Harlem (CD10),2005,01/01/2005,31.4,
"518555,659,Asthma emergency departments visits due to Ozone,Estimated annual rate (age 18+),""per 100,000 adults"",UHF42,104,Pelham - Throgs Neck,2012-2014,01/02/2012,78,"
"628920,659,Asthma emergency departments visits due to Ozone,Estimated annual rate (age 18+),""per 100,000 adults"",UHF42,104,Pelham - Throgs Neck,2015-2017,01/01/2015,60.2,"
"628938,659,Asthma emergency departments visits due to Ozone,Estimated annual rate (age 18+),""per 100,000 adults"",UHF42,304,Upper West Side,2015-2017,01/01/2015,30.6,"
"518593,659,Asthma emergency departments visits due to Ozone,Estimated annual rate (age 18+),""per 100,000 adults"",UHF42,504,South Beach - Tottenville,2012-2014,01/02/2012,18.6,"
"628958,659,Asthma emergency departments visits due to Ozone,Estimated annual rate (age 18+),""per 100,000 adults"",UHF42,504,South Beach - Tottenville,2015-2017,01/01/2015,13.9,"
"518573,659,Asthma emergency departments visits due to Ozone,Estimated annual rate (age 18+),""per 100,000 adults"",UHF42,304,Upper West Side,2012-2014,01/02/2012,26.9,"
741043,375,Nitrogen dioxide (NO2),Mean,ppb,UHF34,205,Sunset Park,Winter 2020-21,12/01/2020,23.41,
176592,375,Nitrogen dioxide (NO2),Mean,ppb,UHF42,504,South Beach - Tottenville,Annual Average 2010,12/01/2009,13.05,
742313,365,Fine particles (PM 2.5),Mean,mcg/m3,UHF34,205,Sunset Park,Summer 2021,06/01/2021,8.97,
173743,365,Fine particles (PM 2.5),Mean,mcg/m3,UHF34,205,Sunset Park,Summer 2013,06/01/2013,10.62,
410887,365,Fine particles (PM 2.5),Mean,mcg/m3,UHF34,205,Sunset Park,Annual Average 2016,12/31/2015,8.4,
176568,375,Nitrogen dioxide (NO2),Mean,ppb,UHF42,211,Williamsburg - Bushwick,Annual Average 2010,12/01/2009,25.31,
175434,375,Nitrogen dioxide (NO2),Mean,ppb,UHF42,211,Williamsburg - Bushwick,Winter 2012-13,12/01/2012,27.35,
550010,375,Nitrogen dioxide (NO2),Mean,ppb,CD,107,Upper West Side (CD7),Annual Average 2017,01/01/2017,23.39,
741144,375,Nitrogen dioxide (NO2),Mean,ppb,CD,107,Upper West Side (CD7),Annual Average 2021,01/01/2021,19.19,
336554,375,Nitrogen dioxide (NO2),Mean,ppb,UHF42,304,Upper West Side,Summer 2015,06/01/2015,19.79,
176572,375,Nitrogen dioxide (NO2),Mean,ppb,UHF42,304,Upper West Side,Annual Average 2010,12/01/2009,28.66,
669688,365,Fine particles (PM 2.5),Mean,mcg/m3,UHF34,205,Sunset Park,Annual Average 2020,01/01/2020,6.47,
177328,365,Fine particles (PM 2.5),Mean,mcg/m3,UHF42,304,Upper West Side,Winter 2012-13,12/01/2012,12.6,
669786,365,Fine particles (PM 2.5),Mean,mcg/m3,UHF42,211,Williamsburg - Bushwick,Winter 2019-20,12/01/2019,8.29,
173675,365,Fine particles (PM 2.5),Mean,mcg/m3,UHF34,205,Sunset Park,Summer 2011,06/01/2011,12.03,
410886,365,Fine particles (PM 2.5),Mean,mcg/m3,UHF34,205,Sunset Park,Summer 2016,06/01/2016,8.93,
410885,365,Fine particles (PM 2.5),Mean,mcg/m3,UHF34,205,Sunset Park,Winter 2015-16,12/01/2015,9.32,
649715,365,Fine particles (PM 2.5),Mean,mcg/m3,UHF42,211,Williamsburg - Bushwick,Summer 2019,06/01/2019,8.96,
547433,365,Fine particles (PM 2.5),Mean,mcg/m3,UHF42,304,Upper West Side,Winter 2016-17,12/01/2016,8.59,
669773,365,Fine particles (PM 2.5),Mean,mcg/m3,UHF42,304,Upper West Side,Summer 2020,06/01/2020,7.24,
605727,365,Fine particles (PM 2.5),Mean,mcg/m3,UHF42,304,Upper West Side,Summer 2018,06/01/2018,9.48,
742314,365,Fine particles (PM 2.5),Mean,mcg/m3,UHF34,205,Sunset Park,Annual Average 2021,01/01/2021,6.99,
334104,365,Fine particles (PM 2.5),Mean,mcg/m3,UHF34,205,Sunset Park,Winter 2014-15,12/01/2014,9.64,
547519,365,Fine particles (PM 2.5),Mean,mcg/m3,UHF34,205,Sunset Park,Annual Average 2017,01/01/2017,8.09,
547398,365,Fine particles (PM 2.5),Mean,mcg/m3,UHF42,204,East New York,Summer 2017,06/01/2017,9.05,
605694,365,Fine particles (PM 2.5),Mean,mcg/m3,UHF42,204,East New York,Summer 2018,06/01/2018,8.41,
547400,365,Fine particles (PM 2.5),Mean,mcg/m3,UHF42,204,East New York,Winter 2016-17,12/01/2016,8.11,
669806,365,Fine particles (PM 2.5),Mean,mcg/m3,UHF42,204,East New York,Summer 2020,06/01/2020,6.89,
177275,365,Fine particles (PM 2.5),Mean,mcg/m3,UHF42,204,East New York,Winter 2011-12,12/01/2011,8.4,
177191,365,Fine particles (PM 2.5),Mean,mcg/m3,UHF42,204,East New York,Winter 2009-10,12/01/2009,9.41,
212930,365,Fine particles (PM 2.5),Mean,mcg/m3,UHF42,204,East New York,Annual Average 2014,12/01/2013,9.04,
168648,365,Fine particles (PM 2.5),Mean,mcg/m3,CD,207,Kingsbridge Heights and Bedford (CD7),Winter 2012-13,12/01/2012,11.71,
410799,365,Fine particles (PM 2.5),Mean,mcg/m3,UHF42,304,Upper West Side,Summer 2016,06/01/2016,9.12,
410798,365,Fine particles (PM 2.5),Mean,mcg/m3,UHF42,304,Upper West Side,Winter 2015-16,12/01/2015,8.85,
742192,365,Fine particles (PM 2.5),Mean,mcg/m3,UHF42,204,East New York,Winter 2020-21,12/01/2020,6.8,
177863,365,Fine particles (PM 2.5),Mean,mcg/m3,UHF42,204,East New York,Summer 2011,06/01/2011,10.9,
410766,365,Fine particles (PM 2.5),Mean,mcg/m3,UHF42,204,East New York,Summer 2016,06/01/2016,8.27,
643349,375,Nitrogen dioxide (NO2),Mean,ppb,UHF42,204,East New York,Summer 2019,06/01/2019,11.97,
667118,375,Nitrogen dioxide (NO2),Mean,ppb,UHF42,204,East New York,Winter 2019-20,12/01/2019,25.5,
643370,375,Nitrogen dioxide (NO2),Mean,ppb,UHF42,211,Williamsburg - Bushwick,Summer 2019,06/01/2019,16.66,
167616,375,Nitrogen dioxide (NO2),Mean,ppb,CD,407,Flushing and Whitestone (CD7),Annual Average 2010,12/01/2009,21.46,
166012,375,Nitrogen dioxide (NO2),Mean,ppb,CD,314,Flatbush and Midwood (CD14),Winter 2012-13,12/01/2012,25.29,
167605,375,Nitrogen dioxide (NO2),Mean,ppb,CD,314,Flatbush and Midwood (CD14),Annual Average 2010,12/01/2009,23.01,
643661,375,Nitrogen dioxide (NO2),Mean,ppb,CD,314,Flatbush and Midwood (CD14),Summer 2019,06/01/2019,12.38,
667742,375,Nitrogen dioxide (NO2),Mean,ppb,CD,314,Flatbush and Midwood (CD14),Winter 2019-20,12/01/2019,25.36,
177856,365,Fine particles (PM 2.5),Mean,mcg/m3,UHF42,104,Pelham - Throgs Neck,Summer 2011,06/01/2011,11.46,
177814,365,Fine particles (PM 2.5),Mean,mcg/m3,UHF42,104,Pelham - Throgs Neck,Summer 2010,06/01/2010,11.87,
410744,365,Fine particles (PM 2.5),Mean,mcg/m3,UHF42,104,Pelham - Throgs Neck,Winter 2015-16,12/01/2015,8.07,
410745,365,Fine particles (PM 2.5),Mean,mcg/m3,UHF42,104,Pelham - Throgs Neck,Summer 2016,06/01/2016,8.06,
410765,365,Fine particles (PM 2.5),Mean,mcg/m3,UHF42,204,East New York,Winter 2015-16,12/01/2015,8.42,
130486,641,Boiler Emissions- Total PM2.5 Emissions,Number per km2,number,UHF42,504,South Beach - Tottenville,2013,01/01/2013,0,
130492,641,Boiler Emissions- Total PM2.5 Emissions,Number per km2,number,Borough,5,Staten Island,2013,01/01/2013,0,
130540,642,Boiler Emissions- Total NOx Emissions,Number per km2,number,Borough,5,Staten Island,2013,01/01/2013,2.7,
550045,375,Nitrogen dioxide (NO2),Mean,ppb,CD,207,Kingsbridge Heights and Bedford (CD7),Summer 2017,06/01/2017,16.19,
602988,375,Nitrogen dioxide (NO2),Mean,ppb,CD,207,Kingsbridge Heights and Bedford (CD7),Summer 2018,06/01/2018,14.3,
602952,375,Nitrogen dioxide (NO2),Mean,ppb,CD,107,Upper West Side (CD7),Summer 2018,06/01/2018,18.41,
550009,375,Nitrogen dioxide (NO2),Mean,ppb,CD,107,Upper West Side (CD7),Summer 2017,06/01/2017,19.97,
550011,375,Nitrogen dioxide (NO2),Mean,ppb,CD,107,Upper West Side (CD7),Winter 2016-17,12/01/2016,28.62,
222647,386,Ozone (O3),Mean,ppb,UHF42,504,South Beach - Tottenville,Summer 2009,06/01/2009,27.77,
222587,386,Ozone (O3),Mean,ppb,UHF42,404,Bayside - Little Neck,Summer 2009,06/01/2009,26.29,
222527,386,Ozone (O3),Mean,ppb,UHF42,304,Upper West Side,Summer 2009,06/01/2009,21.31,
222503,386,Ozone (O3),Mean,ppb,UHF42,211,Williamsburg - Bushwick,Summer 2009,06/01/2009,24.76,
166005,375,Nitrogen dioxide (NO2),Mean,ppb,CD,307,Sunset Park (CD7),Winter 2012-13,12/01/2012,25.99,
167598,375,Nitrogen dioxide (NO2),Mean,ppb,CD,307,Sunset Park (CD7),Annual Average 2010,12/01/2009,23.96,
667700,375,Nitrogen dioxide (NO2),Mean,ppb,CD,307,Sunset Park (CD7),Winter 2019-20,12/01/2019,26.6,
643640,375,Nitrogen dioxide (NO2),Mean,ppb,CD,307,Sunset Park (CD7),Summer 2019,06/01/2019,16.22,
165993,375,Nitrogen dioxide (NO2),Mean,ppb,CD,207,Kingsbridge Heights and Bedford (CD7),Winter 2012-13,12/01/2012,25.78,
325132,645,Annual vehicle miles travelled (trucks),million miles,per km2,UHF42,504,South Beach - Tottenville,2016,01/01/2016,0.2,
151750,645,Annual vehicle miles travelled (trucks),million miles,per km2,UHF42,404,Bayside - Little Neck,2005,01/01/2005,2,
325112,645,Annual vehicle miles travelled (trucks),million miles,per km2,UHF42,304,Upper West Side,2016,01/01/2016,3.3,
325094,645,Annual vehicle miles travelled (trucks),million miles,per km2,UHF42,104,Pelham - Throgs Neck,2016,01/01/2016,1.9,
151736,645,Annual vehicle miles travelled (trucks),million miles,per km2,UHF42,211,Williamsburg - Bushwick,2005,01/01/2005,0.5,
154490,645,Annual vehicle miles travelled (trucks),million miles,per km2,CD,407,Flushing and Whitestone (CD7),2005,01/01/2005,1.2,
412712,375,Nitrogen dioxide (NO2),Mean,ppb,CD,207,Kingsbridge Heights and Bedford (CD7),Winter 2015-16,12/01/2015,22.7,
176064,375,Nitrogen dioxide (NO2),Mean,ppb,UHF42,211,Williamsburg - Bushwick,Summer 2013,06/01/2013,19.13,
741178,375,Nitrogen dioxide (NO2),Mean,ppb,CD,207,Kingsbridge Heights and Bedford (CD7),Winter 2020-21,12/01/2020,20.1,
151633,643,Annual vehicle miles traveled,million miles,per km2,UHF42,204,East New York,2005,01/01/2005,20.1,
325315,644,Annual vehicle miles travelled (cars),million miles,per km2,UHF42,204,East New York,2016,01/01/2016,18.5,
151740,645,Annual vehicle miles travelled (trucks),million miles,per km2,UHF42,304,Upper West Side,2005,01/01/2005,1.9,
799783,646,Outdoor Air Toxics - Benzene,Annual average concentration,µg/m3,UHF42,204,East New York,2014,01/01/2014,0.93,
315593,646,Outdoor Air Toxics - Benzene,Annual average concentration,µg/m3,UHF42,104,Pelham - Throgs Neck,2011,01/01/2011,1.3,
130702,646,Outdoor Air Toxics - Benzene,Annual average concentration,µg/m3,UHF42,211,Williamsburg - Bushwick,2005,01/01/2005,2.8,
130695,646,Outdoor Air Toxics - Benzene,Annual average concentration,µg/m3,UHF42,204,East New York,2005,01/01/2005,2.3,
130688,646,Outdoor Air Toxics - Benzene,Annual average concentration,µg/m3,UHF42,104,Pelham - Throgs Neck,2005,01/01/2005,2.7,
130716,646,Outdoor Air Toxics - Benzene,Annual average concentration,µg/m3,UHF42,404,Bayside - Little Neck,2005,01/01/2005,1.9,
130706,646,Outdoor Air Toxics - Benzene,Annual average concentration,µg/m3,UHF42,304,Upper West Side,2005,01/01/2005,3.9,
130764,647,Outdoor Air Toxics - Formaldehyde,Annual average concentration,µg/m3,UHF42,404,Bayside - Little Neck,2005,01/01/2005,2.5,
741142,375,Nitrogen dioxide (NO2),Mean,ppb,CD,107,Upper West Side (CD7),Winter 2020-21,12/01/2020,22.84,
743709,386,Ozone (O3),Mean,ppb,UHF42,211,Williamsburg - Bushwick,Summer 2021,06/01/2021,29.28,
743695,386,Ozone (O3),Mean,ppb,UHF42,404,Bayside - Little Neck,Summer 2021,06/01/2021,30.14,
"131250,657,Asthma emergency department visits due to PM2.5,Estimated annual rate (age 18+),""per 100,000 adults"",UHF42,404,Bayside - Little Neck,2005-2007,01/01/2005,8.5,"
"131240,657,Asthma emergency department visits due to PM2.5,Estimated annual rate (age 18+),""per 100,000 adults"",UHF42,304,Upper West Side,2005-2007,01/01/2005,32.3,"
"131373,657,Asthma emergency department visits due to PM2.5,Estimated annual rate (age 18+),""per 100,000 adults"",UHF42,204,East New York,2009-2011,01/01/2009,85,"
"151606,661,Asthma hospitalizations due to Ozone,Estimated annual rate (age 18+),""per 100,000 adults"",UHF42,404,Bayside - Little Neck,2009-2011,01/01/2009,2.2,"
"151622,661,Asthma hospitalizations due to Ozone,Estimated annual rate (age 18+),""per 100,000 adults"",Borough,5,Staten Island,2009-2011,01/01/2009,6.8,"
"151616,661,Asthma hospitalizations due to Ozone,Estimated annual rate (age 18+),""per 100,000 adults"",UHF42,504,South Beach - Tottenville,2009-2011,01/01/2009,4.2,"
"151520,659,Asthma emergency departments visits due to Ozone,Estimated annual rate (age 18+),""per 100,000 adults"",UHF42,504,South Beach - Tottenville,2009-2011,01/01/2009,15.9,"
227564,647,Outdoor Air Toxics - Formaldehyde,Annual average concentration,µg/m3,CD,414,Rockaway and Broad Channel (CD14),2011,01/01/2011,1.5,
227546,647,Outdoor Air Toxics - Formaldehyde,Annual average concentration,µg/m3,CD,314,Flatbush and Midwood (CD14),2011,01/01/2011,2.1,
227557,647,Outdoor Air Toxics - Formaldehyde,Annual average concentration,µg/m3,CD,407,Flushing and Whitestone (CD7),2011,01/01/2011,1.9,
227623,646,Outdoor Air Toxics - Benzene,Annual average concentration,µg/m3,CD,414,Rockaway and Broad Channel (CD14),2011,01/01/2011,0.8,
227574,646,Outdoor Air Toxics - Benzene,Annual average concentration,µg/m3,CD,107,Upper West Side (CD7),2011,01/01/2011,2.43,
227598,646,Outdoor Air Toxics - Benzene,Annual average concentration,µg/m3,CD,307,Sunset Park (CD7),2011,01/01/2011,1.52,
227586,646,Outdoor Air Toxics - Benzene,Annual average concentration,µg/m3,CD,207,Kingsbridge Heights and Bedford (CD7),2011,01/01/2011,1.63,
"151496,659,Asthma emergency departments visits due to Ozone,Estimated annual rate (age 18+),""per 100,000 adults"",UHF42,211,Williamsburg - Bushwick,2009-2011,01/01/2009,113.7,"
"151489,659,Asthma emergency departments visits due to Ozone,Estimated annual rate (age 18+),""per 100,000 adults"",UHF42,204,East New York,2009-2011,01/01/2009,95,"
"151482,659,Asthma emergency departments visits due to Ozone,Estimated annual rate (age 18+),""per 100,000 adults"",UHF42,104,Pelham - Throgs Neck,2009-2011,01/01/2009,58.1,"
"151510,659,Asthma emergency departments visits due to Ozone,Estimated annual rate (age 18+),""per 100,000 adults"",UHF42,404,Bayside - Little Neck,2009-2011,01/01/2009,7.8,"
227539,647,Outdoor Air Toxics - Formaldehyde,Annual average concentration,µg/m3,CD,307,Sunset Park (CD7),2011,01/01/2011,2.1,
227527,647,Outdoor Air Toxics - Formaldehyde,Annual average concentration,µg/m3,CD,207,Kingsbridge Heights and Bedford (CD7),2011,01/01/2011,2.2,
227605,646,Outdoor Air Toxics - Benzene,Annual average concentration,µg/m3,CD,314,Flatbush and Midwood (CD14),2011,01/01/2011,1.4,
227616,646,Outdoor Air Toxics - Benzene,Annual average concentration,µg/m3,CD,407,Flushing and Whitestone (CD7),2011,01/01/2011,1.32,
"151500,659,Asthma emergency departments visits due to Ozone,Estimated annual rate (age 18+),""per 100,000 adults"",UHF42,304,Upper West Side,2009-2011,01/01/2009,24.1,"
"151526,659,Asthma emergency departments visits due to Ozone,Estimated annual rate (age 18+),""per 100,000 adults"",Borough,5,Staten Island,2009-2011,01/01/2009,37.9,"
"518651,661,Asthma hospitalizations due to Ozone,Estimated annual rate (age 18+),""per 100,000 adults"",UHF42,104,Pelham - Throgs Neck,2012-2014,01/02/2012,10.5,"
"518679,661,Asthma hospitalizations due to Ozone,Estimated annual rate (age 18+),""per 100,000 adults"",UHF42,404,Bayside - Little Neck,2012-2014,01/02/2012,2,"
"518689,661,Asthma hospitalizations due to Ozone,Estimated annual rate (age 18+),""per 100,000 adults"",UHF42,504,South Beach - Tottenville,2012-2014,01/02/2012,3.8,"
"629054,661,Asthma hospitalizations due to Ozone,Estimated annual rate (age 18+),""per 100,000 adults"",UHF42,504,South Beach - Tottenville,2015-2017,01/01/2015,1.7,"
151712,644,Annual vehicle miles travelled (cars),million miles,per km2,UHF42,504,South Beach - Tottenville,2005,01/01/2005,5.8,
325385,644,Annual vehicle miles travelled (cars),million miles,per km2,CD,314,Flatbush and Midwood (CD14),2016,01/01/2016,19.5,
154538,644,Annual vehicle miles travelled (cars),million miles,per km2,CD,314,Flatbush and Midwood (CD14),2005,01/01/2005,23.9,
154507,644,Annual vehicle miles travelled (cars),million miles,per km2,CD,107,Upper West Side (CD7),2005,01/01/2005,48.8,
325171,645,Annual vehicle miles travelled (trucks),million miles,per km2,CD,314,Flatbush and Midwood (CD14),2016,01/01/2016,0.7,
"518743,639,Deaths due to PM2.5,Estimated annual rate (age 30+),""per 100,000 adults"",Borough,5,Staten Island,2012-2014,01/02/2012,47.85,"
"628420,639,Deaths due to PM2.5,Estimated annual rate (age 30+),""per 100,000 adults"",UHF42,404,Bayside - Little Neck,2015-2017,01/01/2015,29.7,"
"518754,639,Deaths due to PM2.5,Estimated annual rate (age 30+),""per 100,000 adults"",UHF42,204,East New York,2012-2014,01/02/2012,38.57,"
"628399,639,Deaths due to PM2.5,Estimated annual rate (age 30+),""per 100,000 adults"",UHF42,204,East New York,2015-2017,01/01/2015,37.1,"
"628392,639,Deaths due to PM2.5,Estimated annual rate (age 30+),""per 100,000 adults"",UHF42,104,Pelham - Throgs Neck,2015-2017,01/01/2015,42.8,"
"518765,639,Deaths due to PM2.5,Estimated annual rate (age 30+),""per 100,000 adults"",UHF42,304,Upper West Side,2012-2014,01/02/2012,44.15,"
"518785,639,Deaths due to PM2.5,Estimated annual rate (age 30+),""per 100,000 adults"",UHF42,504,South Beach - Tottenville,2012-2014,01/02/2012,44.68,"
"628430,639,Deaths due to PM2.5,Estimated annual rate (age 30+),""per 100,000 adults"",UHF42,504,South Beach - Tottenville,2015-2017,01/01/2015,45.9,"
"628410,639,Deaths due to PM2.5,Estimated annual rate (age 30+),""per 100,000 adults"",UHF42,304,Upper West Side,2015-2017,01/01/2015,40.5,"
"131414,648,Asthma emergency department visits due to PM2.5,Estimated annual rate (under age 18),""per 100,000 children"",UHF42,104,Pelham - Throgs Neck,2009-2011,01/01/2009,121.9,"
"131428,648,Asthma emergency department visits due to PM2.5,Estimated annual rate (under age 18),""per 100,000 children"",UHF42,211,Williamsburg - Bushwick,2009-2011,01/01/2009,184.6,"
"131044,653,Asthma emergency departments visits due to Ozone,Estimated annual rate (under age 18),""per 100,000 children"",UHF42,211,Williamsburg - Bushwick,2005-2007,01/01/2005,138.7,"
"131140,655,Asthma hospitalizations due to Ozone,Estimated annual rate (under age 18),""per 100,000 children"",UHF42,211,Williamsburg - Bushwick,2005-2007,01/01/2005,40.1,"
"518747,639,Deaths due to PM2.5,Estimated annual rate (age 30+),""per 100,000 adults"",UHF42,104,Pelham - Throgs Neck,2012-2014,01/02/2012,45.4,"
"518775,639,Deaths due to PM2.5,Estimated annual rate (age 30+),""per 100,000 adults"",UHF42,404,Bayside - Little Neck,2012-2014,01/02/2012,28.43,"
216566,386,Ozone (O3),Mean,ppb,CD,407,Flushing and Whitestone (CD7),Summer 2009,06/01/2009,26.29,
216458,386,Ozone (O3),Mean,ppb,CD,307,Sunset Park (CD7),Summer 2009,06/01/2009,24.49,
671117,386,Ozone (O3),Mean,ppb,CD,307,Sunset Park (CD7),Summer 2020,06/01/2020,28.86,
121662,386,Ozone (O3),Mean,ppb,CD,207,Kingsbridge Heights and Bedford (CD7),2-Year Summer Average 2009-2010,06/01/2009,26.9,
549422,386,Ozone (O3),Mean,ppb,CD,207,Kingsbridge Heights and Bedford (CD7),Summer 2017,06/01/2017,27.73,
605325,386,Ozone (O3),Mean,ppb,CD,207,Kingsbridge Heights and Bedford (CD7),Summer 2018,06/01/2018,30.16,
670884,386,Ozone (O3),Mean,ppb,CD,207,Kingsbridge Heights and Bedford (CD7),Summer 2020,06/01/2020,29.81,
"131074,653,Asthma emergency departments visits due to Ozone,Estimated annual rate (under age 18),""per 100,000 children"",Borough,5,Staten Island,2005-2007,01/01/2005,49.9,"
"131133,655,Asthma hospitalizations due to Ozone,Estimated annual rate (under age 18),""per 100,000 children"",UHF42,204,East New York,2005-2007,01/01/2005,31.4,"
"628447,648,Asthma emergency department visits due to PM2.5,Estimated annual rate (under age 18),""per 100,000 children"",UHF42,204,East New York,2015-2017,01/01/2015,118.4,"
"518898,648,Asthma emergency department visits due to PM2.5,Estimated annual rate (under age 18),""per 100,000 children"",UHF42,204,East New York,2012-2014,01/02/2012,141.58,"
"518891,648,Asthma emergency department visits due to PM2.5,Estimated annual rate (under age 18),""per 100,000 children"",UHF42,104,Pelham - Throgs Neck,2012-2014,01/02/2012,133.94,"
"151462,653,Asthma emergency departments visits due to Ozone,Estimated annual rate (under age 18),""per 100,000 children"",UHF42,404,Bayside - Little Neck,2009-2011,01/01/2009,27.5,"
"151544,655,Asthma hospitalizations due to Ozone,Estimated annual rate (under age 18),""per 100,000 children"",UHF42,211,Williamsburg - Bushwick,2009-2011,01/01/2009,41.2,"
154479,645,Annual vehicle miles travelled (trucks),million miles,per km2,CD,314,Flatbush and Midwood (CD14),2005,01/01/2005,1.1,
154448,645,Annual vehicle miles travelled (trucks),million miles,per km2,CD,107,Upper West Side (CD7),2005,01/01/2005,2.1,
154497,645,Annual vehicle miles travelled (trucks),million miles,per km2,CD,414,Rockaway and Broad Channel (CD14),2005,01/01/2005,0.2,
154556,644,Annual vehicle miles travelled (cars),million miles,per km2,CD,414,Rockaway and Broad Channel (CD14),2005,01/01/2005,5.1,
121692,386,Ozone (O3),Mean,ppb,CD,407,Flushing and Whitestone (CD7),2-Year Summer Average 2009-2010,06/01/2009,28.61,
216462,386,Ozone (O3),Mean,ppb,CD,307,Sunset Park (CD7),Summer 2013,06/01/2013,29.59,
216461,386,Ozone (O3),Mean,ppb,CD,307,Sunset Park (CD7),Summer 2012,06/01/2012,32.21,
216390,386,Ozone (O3),Mean,ppb,CD,207,Kingsbridge Heights and Bedford (CD7),Summer 2013,06/01/2013,30.3,
743631,386,Ozone (O3),Mean,ppb,CD,207,Kingsbridge Heights and Bedford (CD7),Summer 2021,06/01/2021,29.84,
213583,375,Nitrogen dioxide (NO2),Mean,ppb,CD,107,Upper West Side (CD7),Annual Average 2014,12/01/2013,25.1,
741143,375,Nitrogen dioxide (NO2),Mean,ppb,CD,107,Upper West Side (CD7),Summer 2021,06/01/2021,15.69,
175301,375,Nitrogen dioxide (NO2),Mean,ppb,UHF42,204,East New York,Winter 2009-10,12/01/2009,26.84,
175385,375,Nitrogen dioxide (NO2),Mean,ppb,UHF42,204,East New York,Winter 2011-12,12/01/2011,24.24,
216504,386,Ozone (O3),Mean,ppb,CD,314,Flatbush and Midwood (CD14),Summer 2013,06/01/2013,30.75,
216503,386,Ozone (O3),Mean,ppb,CD,314,Flatbush and Midwood (CD14),Summer 2012,06/01/2012,33.48,
743612,386,Ozone (O3),Mean,ppb,CD,314,Flatbush and Midwood (CD14),Summer 2021,06/01/2021,30.43,
"518665,661,Asthma hospitalizations due to Ozone,Estimated annual rate (age 18+),""per 100,000 adults"",UHF42,211,Williamsburg - Bushwick,2012-2014,01/02/2012,12.9,"
"629030,661,Asthma hospitalizations due to Ozone,Estimated annual rate (age 18+),""per 100,000 adults"",UHF42,211,Williamsburg - Bushwick,2015-2017,01/01/2015,4.6,"
"629044,661,Asthma hospitalizations due to Ozone,Estimated annual rate (age 18+),""per 100,000 adults"",UHF42,404,Bayside - Little Neck,2015-2017,01/01/2015,1.2,"
"131380,657,Asthma emergency department visits due to PM2.5,Estimated annual rate (age 18+),""per 100,000 adults"",UHF42,211,Williamsburg - Bushwick,2009-2011,01/01/2009,106.8,"
"518583,659,Asthma emergency departments visits due to Ozone,Estimated annual rate (age 18+),""per 100,000 adults"",UHF42,404,Bayside - Little Neck,2012-2014,01/02/2012,9.8,"
176687,375,Nitrogen dioxide (NO2),Mean,ppb,UHF42,204,East New York,Annual Average 2013,12/01/2012,20.19,
216317,386,Ozone (O3),Mean,ppb,CD,107,Upper West Side (CD7),Summer 2012,06/01/2012,30.16,
216318,386,Ozone (O3),Mean,ppb,CD,107,Upper West Side (CD7),Summer 2013,06/01/2013,26.92,
743643,386,Ozone (O3),Mean,ppb,CD,107,Upper West Side (CD7),Summer 2021,06/01/2021,27.81,
167723,375,Nitrogen dioxide (NO2),Mean,ppb,CD,314,Flatbush and Midwood (CD14),Annual Average 2012,12/01/2011,20.49,
167716,375,Nitrogen dioxide (NO2),Mean,ppb,CD,307,Sunset Park (CD7),Annual Average 2012,12/01/2011,21.24,
175889,375,Nitrogen dioxide (NO2),Mean,ppb,UHF42,204,East New York,Summer 2009,06/01/2009,19.51,
175343,375,Nitrogen dioxide (NO2),Mean,ppb,UHF42,204,East New York,Winter 2010-11,12/01/2010,30.26,
"130914,650,Respiratory hospitalizations due to PM2.5 (age 20+),Estimated annual rate,""per 100,000 adults"",UHF42,404,Bayside - Little Neck,2005-2007,01/01/2005,15.1,"
"131517,650,Respiratory hospitalizations due to PM2.5 (age 20+),Estimated annual rate,""per 100,000 adults"",UHF42,204,East New York,2009-2011,01/01/2009,13.9,"
325396,644,Annual vehicle miles travelled (cars),million miles,per km2,CD,407,Flushing and Whitestone (CD7),2016,01/01/2016,19.5,
325164,645,Annual vehicle miles travelled (trucks),million miles,per km2,CD,307,Sunset Park (CD7),2016,01/01/2016,1.9,
151718,644,Annual vehicle miles travelled (cars),million miles,per km2,Borough,5,Staten Island,2005,01/01/2005,9.8,
325304,644,Annual vehicle miles travelled (cars),million miles,per km2,Borough,5,Staten Island,2016,01/01/2016,9.2,
325182,645,Annual vehicle miles travelled (trucks),million miles,per km2,CD,407,Flushing and Whitestone (CD7),2016,01/01/2016,1.1,
"151404,652,Cardiac and respiratory deaths due to Ozone,Estimated annual rate,""per 100,000"",UHF42,304,Upper West Side,2009-2011,01/01/2009,4.1,"
"151430,652,Cardiac and respiratory deaths due to Ozone,Estimated annual rate,""per 100,000"",Borough,5,Staten Island,2009-2011,01/01/2009,7.8,"
"131510,650,Respiratory hospitalizations due to PM2.5 (age 20+),Estimated annual rate,""per 100,000 adults"",UHF42,104,Pelham - Throgs Neck,2009-2011,01/01/2009,19.7,"
"628536,650,Respiratory hospitalizations due to PM2.5 (age 20+),Estimated annual rate,""per 100,000 adults"",UHF42,104,Pelham - Throgs Neck,2015-2017,01/01/2015,15.9,"
"131476,651,Cardiovascular hospitalizations due to PM2.5 (age 40+),Estimated annual rate,""per 100,000 adults"",UHF42,211,Williamsburg - Bushwick,2009-2011,01/01/2009,26.9,"
"131469,651,Cardiovascular hospitalizations due to PM2.5 (age 40+),Estimated annual rate,""per 100,000 adults"",UHF42,204,East New York,2009-2011,01/01/2009,22.4,"
"131462,651,Cardiovascular hospitalizations due to PM2.5 (age 40+),Estimated annual rate,""per 100,000 adults"",UHF42,104,Pelham - Throgs Neck,2009-2011,01/01/2009,19.3,"
"131480,651,Cardiovascular hospitalizations due to PM2.5 (age 40+),Estimated annual rate,""per 100,000 adults"",UHF42,304,Upper West Side,2009-2011,01/01/2009,12,"
"131490,651,Cardiovascular hospitalizations due to PM2.5 (age 40+),Estimated annual rate,""per 100,000 adults"",UHF42,404,Bayside - Little Neck,2009-2011,01/01/2009,12.5,"
"131500,651,Cardiovascular hospitalizations due to PM2.5 (age 40+),Estimated annual rate,""per 100,000 adults"",UHF42,504,South Beach - Tottenville,2009-2011,01/01/2009,15.2,"
412459,375,Nitrogen dioxide (NO2),Mean,ppb,UHF42,204,East New York,Annual Average 2016,12/31/2015,18.26,
176015,375,Nitrogen dioxide (NO2),Mean,ppb,UHF42,204,East New York,Summer 2012,06/01/2012,16.61,
176057,375,Nitrogen dioxide (NO2),Mean,ppb,UHF42,204,East New York,Summer 2013,06/01/2013,16.61,
743716,386,Ozone (O3),Mean,ppb,UHF42,204,East New York,Summer 2021,06/01/2021,31.08,
222461,386,Ozone (O3),Mean,ppb,UHF42,204,East New York,Summer 2009,06/01/2009,26.28,
222419,386,Ozone (O3),Mean,ppb,UHF42,104,Pelham - Throgs Neck,Summer 2009,06/01/2009,26.72,
219989,386,Ozone (O3),Mean,ppb,Borough,5,Staten Island,Summer 2009,06/01/2009,26.72,
"151568,655,Asthma hospitalizations due to Ozone,Estimated annual rate (under age 18),""per 100,000 children"",UHF42,504,South Beach - Tottenville,2009-2011,01/01/2009,7.2,"
"151548,655,Asthma hospitalizations due to Ozone,Estimated annual rate (under age 18),""per 100,000 children"",UHF42,304,Upper West Side,2009-2011,01/01/2009,11.5,"
"518535,653,Asthma emergency departments visits due to Ozone,Estimated annual rate (under age 18),""per 100,000 children"",UHF42,404,Bayside - Little Neck,2012-2014,01/02/2012,19.5,"
667490,375,Nitrogen dioxide (NO2),Mean,ppb,UHF34,404406,Bayside Little Neck-Fresh Meadows,Winter 2019-20,12/01/2019,20.96,
643535,375,Nitrogen dioxide (NO2),Mean,ppb,UHF34,404406,Bayside Little Neck-Fresh Meadows,Summer 2019,06/01/2019,12.56,
338239,386,Ozone (O3),Mean,ppb,UHF34,409,Southeast Queens,Summer 2015,06/01/2015,32.5,
667460,375,Nitrogen dioxide (NO2),Mean,ppb,UHF34,409,Southeast Queens,Winter 2019-20,12/01/2019,20.09,
"151478,653,Asthma emergency departments visits due to Ozone,Estimated annual rate (under age 18),""per 100,000 children"",Borough,5,Staten Island,2009-2011,01/01/2009,67.9,"
"628868,653,Asthma emergency departments visits due to Ozone,Estimated annual rate (under age 18),""per 100,000 children"",Borough,5,Staten Island,2015-2017,01/01/2015,52,"
"518599,655,Asthma hospitalizations due to Ozone,Estimated annual rate (under age 18),""per 100,000 children"",Borough,5,Staten Island,2012-2014,01/02/2012,12.3,"
"628964,655,Asthma hospitalizations due to Ozone,Estimated annual rate (under age 18),""per 100,000 children"",Borough,5,Staten Island,2015-2017,01/01/2015,11.2,"
"518503,653,Asthma emergency departments visits due to Ozone,Estimated annual rate (under age 18),""per 100,000 children"",Borough,5,Staten Island,2012-2014,01/02/2012,62.5,"
643520,375,Nitrogen dioxide (NO2),Mean,ppb,UHF34,409,Southeast Queens,Summer 2019,06/01/2019,12.99,
216459,386,Ozone (O3),Mean,ppb,CD,307,Sunset Park (CD7),Summer 2010,06/01/2010,32.58,
216460,386,Ozone (O3),Mean,ppb,CD,307,Sunset Park (CD7),Summer 2011,06/01/2011,31.37,
412101,386,Ozone (O3),Mean,ppb,CD,307,Sunset Park (CD7),Summer 2016,06/01/2016,33.19,
412089,386,Ozone (O3),Mean,ppb,CD,207,Kingsbridge Heights and Bedford (CD7),Summer 2016,06/01/2016,32.46,
216501,386,Ozone (O3),Mean,ppb,CD,314,Flatbush and Midwood (CD14),Summer 2010,06/01/2010,33.38,
216502,386,Ozone (O3),Mean,ppb,CD,314,Flatbush and Midwood (CD14),Summer 2011,06/01/2011,32.8,
412108,386,Ozone (O3),Mean,ppb,CD,314,Flatbush and Midwood (CD14),Summer 2016,06/01/2016,33.56,
171601,375,Nitrogen dioxide (NO2),Mean,ppb,UHF34,205,Sunset Park,Winter 2009-10,12/01/2009,27.5,
171669,375,Nitrogen dioxide (NO2),Mean,ppb,UHF34,205,Sunset Park,Winter 2011-12,12/01/2011,24.12,
211764,375,Nitrogen dioxide (NO2),Mean,ppb,UHF34,205,Sunset Park,Annual Average 2014,12/01/2013,20.23,
549912,375,Nitrogen dioxide (NO2),Mean,ppb,UHF34,205,Sunset Park,Winter 2016-17,12/01/2016,24.33,
667359,375,Nitrogen dioxide (NO2),Mean,ppb,UHF34,205,Sunset Park,Summer 2020,06/01/2020,11.77,
172111,375,Nitrogen dioxide (NO2),Mean,ppb,UHF34,205,Sunset Park,Summer 2010,06/01/2010,19.51,
412577,375,Nitrogen dioxide (NO2),Mean,ppb,UHF34,205,Sunset Park,Winter 2015-16,12/01/2015,23.69,
412578,375,Nitrogen dioxide (NO2),Mean,ppb,UHF34,205,Sunset Park,Summer 2016,06/01/2016,15.07,
602852,375,Nitrogen dioxide (NO2),Mean,ppb,UHF34,205,Sunset Park,Annual Average 2018,01/01/2018,19.67,
741044,375,Nitrogen dioxide (NO2),Mean,ppb,UHF34,205,Sunset Park,Summer 2021,06/01/2021,13.69,
172213,375,Nitrogen dioxide (NO2),Mean,ppb,UHF34,205,Sunset Park,Summer 2013,06/01/2013,16.77,
172179,375,Nitrogen dioxide (NO2),Mean,ppb,UHF34,205,Sunset Park,Summer 2012,06/01/2012,17.13,
172706,375,Nitrogen dioxide (NO2),Mean,ppb,UHF34,409,Southeast Queens,Annual Average 2012,12/01/2011,17.34,
172711,375,Nitrogen dioxide (NO2),Mean,ppb,UHF34,404406,Bayside Little Neck-Fresh Meadows,Annual Average 2012,12/01/2011,18.39,
336776,375,Nitrogen dioxide (NO2),Mean,ppb,CD,207,Kingsbridge Heights and Bedford (CD7),Summer 2015,06/01/2015,17.25,
643604,375,Nitrogen dioxide (NO2),Mean,ppb,CD,207,Kingsbridge Heights and Bedford (CD7),Summer 2019,06/01/2019,13.09,
667628,375,Nitrogen dioxide (NO2),Mean,ppb,CD,207,Kingsbridge Heights and Bedford (CD7),Winter 2019-20,12/01/2019,23.68,
643568,375,Nitrogen dioxide (NO2),Mean,ppb,CD,107,Upper West Side (CD7),Summer 2019,06/01/2019,18.89,
171635,375,Nitrogen dioxide (NO2),Mean,ppb,UHF34,205,Sunset Park,Winter 2010-11,12/01/2010,30.6,
172723,375,Nitrogen dioxide (NO2),Mean,ppb,UHF34,205,Sunset Park,Annual Average 2013,12/01/2012,20.59,
"151585,661,Asthma hospitalizations due to Ozone,Estimated annual rate (age 18+),""per 100,000 adults"",UHF42,204,East New York,2009-2011,01/01/2009,11.5,"
"151578,661,Asthma hospitalizations due to Ozone,Estimated annual rate (age 18+),""per 100,000 adults"",UHF42,104,Pelham - Throgs Neck,2009-2011,01/01/2009,11.7,"
"131037,653,Asthma emergency departments visits due to Ozone,Estimated annual rate (under age 18),""per 100,000 children"",UHF42,204,East New York,2005-2007,01/01/2005,136.8,"
"131030,653,Asthma emergency departments visits due to Ozone,Estimated annual rate (under age 18),""per 100,000 children"",UHF42,104,Pelham - Throgs Neck,2005-2007,01/01/2005,114.6,"
"131154,655,Asthma hospitalizations due to Ozone,Estimated annual rate (under age 18),""per 100,000 children"",UHF42,404,Bayside - Little Neck,2005-2007,01/01/2005,7.5,"
"131048,653,Asthma emergency departments visits due to Ozone,Estimated annual rate (under age 18),""per 100,000 children"",UHF42,304,Upper West Side,2005-2007,01/01/2005,80.5,"
"131144,655,Asthma hospitalizations due to Ozone,Estimated annual rate (under age 18),""per 100,000 children"",UHF42,304,Upper West Side,2005-2007,01/01/2005,10.6,"
"130808,648,Asthma emergency department visits due to PM2.5,Estimated annual rate (under age 18),""per 100,000 children"",UHF42,304,Upper West Side,2005-2007,01/01/2005,113.2,"
"518551,659,Asthma emergency departments visits due to Ozone,Estimated annual rate (age 18+),""per 100,000 adults"",Borough,5,Staten Island,2012-2014,01/02/2012,37.9,"
"628916,659,Asthma emergency departments visits due to Ozone,Estimated annual rate (age 18+),""per 100,000 adults"",Borough,5,Staten Island,2015-2017,01/01/2015,33.9,"
"518946,657,Asthma emergency department visits due to PM2.5,Estimated annual rate (age 18+),""per 100,000 adults"",UHF42,204,East New York,2012-2014,01/02/2012,84.95,"
"131356,661,Asthma hospitalizations due to Ozone,Estimated annual rate (age 18+),""per 100,000 adults"",UHF42,504,South Beach - Tottenville,2005-2007,01/01/2005,3.3,"
"131222,657,Asthma emergency department visits due to PM2.5,Estimated annual rate (age 18+),""per 100,000 adults"",UHF42,104,Pelham - Throgs Neck,2005-2007,01/01/2005,79.7,"
"131236,657,Asthma emergency department visits due to PM2.5,Estimated annual rate (age 18+),""per 100,000 adults"",UHF42,211,Williamsburg - Bushwick,2005-2007,01/01/2005,118.4,"
"131308,659,Asthma emergency departments visits due to Ozone,Estimated annual rate (age 18+),""per 100,000 adults"",UHF42,504,South Beach - Tottenville,2005-2007,01/01/2005,16.3,"
"131602,639,Deaths due to PM2.5,Estimated annual rate (age 30+),""per 100,000 adults"",Borough,5,Staten Island,2009-2011,01/01/2009,51.7,"
"628388,639,Deaths due to PM2.5,Estimated annual rate (age 30+),""per 100,000 adults"",Borough,5,Staten Island,2015-2017,01/01/2015,46.9,"
"131506,651,Cardiovascular hospitalizations due to PM2.5 (age 40+),Estimated annual rate,""per 100,000 adults"",Borough,5,Staten Island,2009-2011,01/01/2009,16.3,"
"629156,652,Cardiac and respiratory deaths due to Ozone,Estimated annual rate,""per 100,000"",Borough,5,Staten Island,2015-2017,01/01/2015,7.5,"
547619,365,Fine particles (PM 2.5),Mean,mcg/m3,CD,107,Upper West Side (CD7),Winter 2016-17,12/01/2016,8.58,
547617,365,Fine particles (PM 2.5),Mean,mcg/m3,CD,107,Upper West Side (CD7),Summer 2017,06/01/2017,10.12,
605913,365,Fine particles (PM 2.5),Mean,mcg/m3,CD,107,Upper West Side (CD7),Summer 2018,06/01/2018,9.48,
669569,365,Fine particles (PM 2.5),Mean,mcg/m3,CD,107,Upper West Side (CD7),Summer 2020,06/01/2020,7.23,
177184,365,Fine particles (PM 2.5),Mean,mcg/m3,UHF42,104,Pelham - Throgs Neck,Winter 2009-10,12/01/2009,10.14,
177268,365,Fine particles (PM 2.5),Mean,mcg/m3,UHF42,104,Pelham - Throgs Neck,Winter 2011-12,12/01/2011,9.45,
547377,365,Fine particles (PM 2.5),Mean,mcg/m3,UHF42,104,Pelham - Throgs Neck,Summer 2017,06/01/2017,9.29,
547379,365,Fine particles (PM 2.5),Mean,mcg/m3,UHF42,104,Pelham - Throgs Neck,Winter 2016-17,12/01/2016,8.18,
334238,365,Fine particles (PM 2.5),Mean,mcg/m3,CD,207,Kingsbridge Heights and Bedford (CD7),Summer 2015,06/01/2015,9.94,
410800,365,Fine particles (PM 2.5),Mean,mcg/m3,UHF42,304,Upper West Side,Annual Average 2016,12/31/2015,8.49,
605726,365,Fine particles (PM 2.5),Mean,mcg/m3,UHF42,304,Upper West Side,Annual Average 2018,01/01/2018,8.16,
742226,365,Fine particles (PM 2.5),Mean,mcg/m3,UHF42,304,Upper West Side,Summer 2021,06/01/2021,8.71,
605693,365,Fine particles (PM 2.5),Mean,mcg/m3,UHF42,204,East New York,Annual Average 2018,01/01/2018,7.06,
742193,365,Fine particles (PM 2.5),Mean,mcg/m3,UHF42,204,East New York,Summer 2021,06/01/2021,8.31,
177947,365,Fine particles (PM 2.5),Mean,mcg/m3,UHF42,204,East New York,Summer 2013,06/01/2013,9.68,
410746,365,Fine particles (PM 2.5),Mean,mcg/m3,UHF42,104,Pelham - Throgs Neck,Annual Average 2016,12/31/2015,7.5,
605912,365,Fine particles (PM 2.5),Mean,mcg/m3,CD,107,Upper West Side (CD7),Annual Average 2018,01/01/2018,8.16,
742412,365,Fine particles (PM 2.5),Mean,mcg/m3,CD,107,Upper West Side (CD7),Summer 2021,06/01/2021,8.7,
179502,365,Fine particles (PM 2.5),Mean,mcg/m3,Borough,5,Staten Island,Winter 2009-10,12/01/2009,9.07,
547365,365,Fine particles (PM 2.5),Mean,mcg/m3,Borough,5,Staten Island,Summer 2017,06/01/2017,8.13,
547367,365,Fine particles (PM 2.5),Mean,mcg/m3,Borough,5,Staten Island,Winter 2016-17,12/01/2016,7.07,
605661,365,Fine particles (PM 2.5),Mean,mcg/m3,Borough,5,Staten Island,Summer 2018,06/01/2018,7.53,
178535,365,Fine particles (PM 2.5),Mean,mcg/m3,UHF42,204,East New York,Annual Average 2012,12/01/2011,8.94,
178528,365,Fine particles (PM 2.5),Mean,mcg/m3,UHF42,104,Pelham - Throgs Neck,Annual Average 2012,12/01/2011,9.23,
170378,365,Fine particles (PM 2.5),Mean,mcg/m3,CD,314,Flatbush and Midwood (CD14),Annual Average 2012,12/01/2011,8.92,
170371,365,Fine particles (PM 2.5),Mean,mcg/m3,CD,307,Sunset Park (CD7),Annual Average 2012,12/01/2011,9.66,
179757,642,Boiler Emissions- Total NOx Emissions,Number per km2,number,UHF42,304,Upper West Side,2015,01/01/2015,210.5,
179853,641,Boiler Emissions- Total PM2.5 Emissions,Number per km2,number,UHF42,304,Upper West Side,2015,01/01/2015,7,
179861,641,Boiler Emissions- Total PM2.5 Emissions,Number per km2,number,Borough,5,Staten Island,2015,01/01/2015,0,
669686,365,Fine particles (PM 2.5),Mean,mcg/m3,UHF34,205,Sunset Park,Summer 2020,06/01/2020,7.27,
605814,365,Fine particles (PM 2.5),Mean,mcg/m3,UHF34,205,Sunset Park,Summer 2018,06/01/2018,8.78,
173199,365,Fine particles (PM 2.5),Mean,mcg/m3,UHF34,205,Sunset Park,Winter 2011-12,12/01/2011,10.08,
547520,365,Fine particles (PM 2.5),Mean,mcg/m3,UHF34,205,Sunset Park,Winter 2016-17,12/01/2016,8.3,
170271,365,Fine particles (PM 2.5),Mean,mcg/m3,CD,407,Flushing and Whitestone (CD7),Annual Average 2010,12/01/2009,9.38,
173131,365,Fine particles (PM 2.5),Mean,mcg/m3,UHF34,205,Sunset Park,Winter 2009-10,12/01/2009,10.61,
174241,365,Fine particles (PM 2.5),Mean,mcg/m3,UHF34,404406,Bayside Little Neck-Fresh Meadows,Annual Average 2012,12/01/2011,8.58,
174236,365,Fine particles (PM 2.5),Mean,mcg/m3,UHF34,409,Southeast Queens,Annual Average 2012,12/01/2011,8.04,
174219,365,Fine particles (PM 2.5),Mean,mcg/m3,UHF34,205,Sunset Park,Annual Average 2012,12/01/2011,9.59,
649913,365,Fine particles (PM 2.5),Mean,mcg/m3,CD,107,Upper West Side (CD7),Summer 2019,06/01/2019,8.55,
669568,365,Fine particles (PM 2.5),Mean,mcg/m3,CD,107,Upper West Side (CD7),Winter 2019-20,12/01/2019,7.87,
211888,365,Fine particles (PM 2.5),Mean,mcg/m3,UHF34,404406,Bayside Little Neck-Fresh Meadows,Winter 2013-14,12/01/2013,10.97,
605881,365,Fine particles (PM 2.5),Mean,mcg/m3,UHF34,404406,Bayside Little Neck-Fresh Meadows,Winter 2017-18,12/01/2017,7.58,
649879,365,Fine particles (PM 2.5),Mean,mcg/m3,UHF34,404406,Bayside Little Neck-Fresh Meadows,Annual Average 2019,01/01/2019,6.19,
173119,365,Fine particles (PM 2.5),Mean,mcg/m3,UHF34,404406,Bayside Little Neck-Fresh Meadows,Winter 2008-09,12/01/2008,12.4,
173114,365,Fine particles (PM 2.5),Mean,mcg/m3,UHF34,409,Southeast Queens,Winter 2008-09,12/01/2008,11.72,
211883,365,Fine particles (PM 2.5),Mean,mcg/m3,UHF34,409,Southeast Queens,Winter 2013-14,12/01/2013,10.35,
605866,365,Fine particles (PM 2.5),Mean,mcg/m3,UHF34,409,Southeast Queens,Winter 2017-18,12/01/2017,7.46,
649864,365,Fine particles (PM 2.5),Mean,mcg/m3,UHF34,409,Southeast Queens,Annual Average 2019,01/01/2019,6.01,
227515,647,Outdoor Air Toxics - Formaldehyde,Annual average concentration,µg/m3,CD,107,Upper West Side (CD7),2011,01/01/2011,2.7,
799846,647,Outdoor Air Toxics - Formaldehyde,Annual average concentration,µg/m3,UHF42,404,Bayside - Little Neck,2014,01/01/2014,1.43,
130726,646,Outdoor Air Toxics - Benzene,Annual average concentration,µg/m3,UHF42,504,South Beach - Tottenville,2005,01/01/2005,1.1,
130732,646,Outdoor Air Toxics - Benzene,Annual average concentration,µg/m3,Borough,5,Staten Island,2005,01/01/2005,1.6,
315631,646,Outdoor Air Toxics - Benzene,Annual average concentration,µg/m3,UHF42,504,South Beach - Tottenville,2011,01/01/2011,1,
315611,646,Outdoor Air Toxics - Benzene,Annual average concentration,µg/m3,UHF42,304,Upper West Side,2011,01/01/2011,2.4,
799794,646,Outdoor Air Toxics - Benzene,Annual average concentration,µg/m3,UHF42,304,Upper West Side,2014,01/01/2014,0.96,
315600,646,Outdoor Air Toxics - Benzene,Annual average concentration,µg/m3,UHF42,204,East New York,2011,01/01/2011,1.4,
799776,646,Outdoor Air Toxics - Benzene,Annual average concentration,µg/m3,UHF42,104,Pelham - Throgs Neck,2014,01/01/2014,0.99,
315589,646,Outdoor Air Toxics - Benzene,Annual average concentration,µg/m3,Borough,5,Staten Island,2011,01/01/2011,1.2,
799861,646,Outdoor Air Toxics - Benzene,Annual average concentration,µg/m3,Borough,5,Staten Island,2014,01/01/2014,0.62,
799825,647,Outdoor Air Toxics - Formaldehyde,Annual average concentration,µg/m3,UHF42,204,East New York,2014,01/01/2014,1.51,
130736,647,Outdoor Air Toxics - Formaldehyde,Annual average concentration,µg/m3,UHF42,104,Pelham - Throgs Neck,2005,01/01/2005,3.2,
"518839,651,Cardiovascular hospitalizations due to PM2.5 (age 40+),Estimated annual rate,""per 100,000 adults"",Borough,5,Staten Island,2012-2014,01/02/2012,12.39,"
121681,386,Ozone (O3),Mean,ppb,CD,314,Flatbush and Midwood (CD14),2-Year Summer Average 2009-2010,06/01/2009,27.17,
549441,386,Ozone (O3),Mean,ppb,CD,314,Flatbush and Midwood (CD14),Summer 2017,06/01/2017,29.93,
605344,386,Ozone (O3),Mean,ppb,CD,314,Flatbush and Midwood (CD14),Summer 2018,06/01/2018,30.73,
671110,386,Ozone (O3),Mean,ppb,CD,314,Flatbush and Midwood (CD14),Summer 2020,06/01/2020,29.23,
605313,386,Ozone (O3),Mean,ppb,CD,107,Upper West Side (CD7),Summer 2018,06/01/2018,27.19,
651029,386,Ozone (O3),Mean,ppb,CD,307,Sunset Park (CD7),Summer 2019,06/01/2019,28.78,
338267,386,Ozone (O3),Mean,ppb,CD,207,Kingsbridge Heights and Bedford (CD7),Summer 2015,06/01/2015,29.2,
651017,386,Ozone (O3),Mean,ppb,CD,207,Kingsbridge Heights and Bedford (CD7),Summer 2019,06/01/2019,29.23,
179778,640,Boiler Emissions- Total SO2 Emissions,Number per km2,number,UHF42,204,East New York,2015,01/01/2015,0.1,
130407,640,Boiler Emissions- Total SO2 Emissions,Number per km2,number,UHF42,204,East New York,2013,01/01/2013,0.1,
130414,640,Boiler Emissions- Total SO2 Emissions,Number per km2,number,UHF42,211,Williamsburg - Bushwick,2013,01/01/2013,0.3,
334016,365,Fine particles (PM 2.5),Mean,mcg/m3,UHF42,304,Upper West Side,Summer 2015,06/01/2015,10.39,
669774,365,Fine particles (PM 2.5),Mean,mcg/m3,UHF42,304,Upper West Side,Winter 2019-20,12/01/2019,7.87,
669807,365,Fine particles (PM 2.5),Mean,mcg/m3,UHF42,204,East New York,Winter 2019-20,12/01/2019,7.4,
649694,365,Fine particles (PM 2.5),Mean,mcg/m3,UHF42,204,East New York,Summer 2019,06/01/2019,8.02,
178451,365,Fine particles (PM 2.5),Mean,mcg/m3,UHF42,204,East New York,Annual Average 2010,12/01/2009,9.79,
177310,365,Fine particles (PM 2.5),Mean,mcg/m3,UHF42,104,Pelham - Throgs Neck,Winter 2012-13,12/01/2012,10.53,
178444,365,Fine particles (PM 2.5),Mean,mcg/m3,UHF42,104,Pelham - Throgs Neck,Annual Average 2010,12/01/2009,9.68,
333983,365,Fine particles (PM 2.5),Mean,mcg/m3,UHF42,204,East New York,Summer 2015,06/01/2015,9.52,
412458,375,Nitrogen dioxide (NO2),Mean,ppb,UHF42,204,East New York,Summer 2016,06/01/2016,13.07,
175931,375,Nitrogen dioxide (NO2),Mean,ppb,UHF42,204,East New York,Summer 2010,06/01/2010,18.11,
175973,375,Nitrogen dioxide (NO2),Mean,ppb,UHF42,204,East New York,Summer 2011,06/01/2011,18.06,
222462,386,Ozone (O3),Mean,ppb,UHF42,204,East New York,Summer 2010,06/01/2010,33.97,
222464,386,Ozone (O3),Mean,ppb,UHF42,204,East New York,Summer 2012,06/01/2012,33.97,
222465,386,Ozone (O3),Mean,ppb,UHF42,204,East New York,Summer 2013,06/01/2013,31.51,
222422,386,Ozone (O3),Mean,ppb,UHF42,104,Pelham - Throgs Neck,Summer 2012,06/01/2012,35.44,
743705,386,Ozone (O3),Mean,ppb,UHF42,304,Upper West Side,Summer 2021,06/01/2021,27.81,
219992,386,Ozone (O3),Mean,ppb,Borough,5,Staten Island,Summer 2012,06/01/2012,33.77,
743727,386,Ozone (O3),Mean,ppb,Borough,5,Staten Island,Summer 2021,06/01/2021,29.53,
219993,386,Ozone (O3),Mean,ppb,Borough,5,Staten Island,Summer 2013,06/01/2013,31.3,
649814,365,Fine particles (PM 2.5),Mean,mcg/m3,UHF34,205,Sunset Park,Summer 2019,06/01/2019,8.86,
669687,365,Fine particles (PM 2.5),Mean,mcg/m3,UHF34,205,Sunset Park,Winter 2019-20,12/01/2019,8.17,
173233,365,Fine particles (PM 2.5),Mean,mcg/m3,UHF34,205,Sunset Park,Winter 2012-13,12/01/2012,10.78,
334103,365,Fine particles (PM 2.5),Mean,mcg/m3,UHF34,205,Sunset Park,Summer 2015,06/01/2015,9.99,
174151,365,Fine particles (PM 2.5),Mean,mcg/m3,UHF34,205,Sunset Park,Annual Average 2010,12/01/2009,10.21,
667053,375,Nitrogen dioxide (NO2),Mean,ppb,Borough,5,Staten Island,Summer 2020,06/01/2020,7.83,
549337,386,Ozone (O3),Mean,ppb,UHF42,204,East New York,Summer 2017,06/01/2017,30.9,
670969,386,Ozone (O3),Mean,ppb,UHF42,204,East New York,Summer 2020,06/01/2020,29.48,
122001,386,Ozone (O3),Mean,ppb,UHF42,104,Pelham - Throgs Neck,2-Year Summer Average 2009-2010,06/01/2009,28.68,
549330,386,Ozone (O3),Mean,ppb,UHF42,104,Pelham - Throgs Neck,Summer 2017,06/01/2017,29.79,
172077,375,Nitrogen dioxide (NO2),Mean,ppb,UHF34,205,Sunset Park,Summer 2009,06/01/2009,22.28,
667358,375,Nitrogen dioxide (NO2),Mean,ppb,UHF34,205,Sunset Park,Winter 2019-20,12/01/2019,26.36,
643469,375,Nitrogen dioxide (NO2),Mean,ppb,UHF34,205,Sunset Park,Summer 2019,06/01/2019,16.21,
670980,386,Ozone (O3),Mean,ppb,Borough,5,Staten Island,Summer 2020,06/01/2020,28.61,
605233,386,Ozone (O3),Mean,ppb,UHF42,104,Pelham - Throgs Neck,Summer 2018,06/01/2018,31.52,
549348,386,Ozone (O3),Mean,ppb,UHF42,304,Upper West Side,Summer 2017,06/01/2017,25.57,
605251,386,Ozone (O3),Mean,ppb,UHF42,304,Upper West Side,Summer 2018,06/01/2018,27.2,
122015,386,Ozone (O3),Mean,ppb,UHF42,211,Williamsburg - Bushwick,2-Year Summer Average 2009-2010,06/01/2009,26.65,
338189,386,Ozone (O3),Mean,ppb,UHF42,211,Williamsburg - Bushwick,Summer 2015,06/01/2015,31.1,
650953,386,Ozone (O3),Mean,ppb,UHF42,404,Bayside - Little Neck,Summer 2019,06/01/2019,31.68,
336521,375,Nitrogen dioxide (NO2),Mean,ppb,UHF42,204,East New York,Summer 2015,06/01/2015,13.88,
176561,375,Nitrogen dioxide (NO2),Mean,ppb,UHF42,204,East New York,Annual Average 2010,12/01/2009,22.49,
338286,386,Ozone (O3),Mean,ppb,CD,314,Flatbush and Midwood (CD14),Summer 2015,06/01/2015,32.26,
651036,386,Ozone (O3),Mean,ppb,CD,314,Flatbush and Midwood (CD14),Summer 2019,06/01/2019,31.14,
650932,386,Ozone (O3),Mean,ppb,UHF42,204,East New York,Summer 2019,06/01/2019,32.61,
338175,386,Ozone (O3),Mean,ppb,UHF42,104,Pelham - Throgs Neck,Summer 2015,06/01/2015,31.41,
602797,375,Nitrogen dioxide (NO2),Mean,ppb,UHF42,404,Bayside - Little Neck,Winter 2017-18,12/01/2017,21.85,
643441,375,Nitrogen dioxide (NO2),Mean,ppb,UHF42,504,South Beach - Tottenville,Annual Average 2019,01/01/2019,10.23,
222463,386,Ozone (O3),Mean,ppb,UHF42,204,East New York,Summer 2011,06/01/2011,33.5,
222421,386,Ozone (O3),Mean,ppb,UHF42,104,Pelham - Throgs Neck,Summer 2011,06/01/2011,34.24,
411997,386,Ozone (O3),Mean,ppb,UHF42,104,Pelham - Throgs Neck,Summer 2016,06/01/2016,33.63,
219990,386,Ozone (O3),Mean,ppb,Borough,5,Staten Island,Summer 2010,06/01/2010,35.17,
219991,386,Ozone (O3),Mean,ppb,Borough,5,Staten Island,Summer 2011,06/01/2011,34.16,
412004,386,Ozone (O3),Mean,ppb,UHF42,204,East New York,Summer 2016,06/01/2016,34.26,
411993,386,Ozone (O3),Mean,ppb,Borough,5,Staten Island,Summer 2016,06/01/2016,35.11,
412457,375,Nitrogen dioxide (NO2),Mean,ppb,UHF42,204,East New York,Winter 2015-16,12/01/2015,23.34,
212331,375,Nitrogen dioxide (NO2),Mean,ppb,UHF42,504,South Beach - Tottenville,Winter 2013-14,12/01/2013,20.59,
602827,375,Nitrogen dioxide (NO2),Mean,ppb,UHF42,504,South Beach - Tottenville,Winter 2017-18,12/01/2017,17.21,
175280,375,Nitrogen dioxide (NO2),Mean,ppb,UHF42,404,Bayside - Little Neck,Winter 2008-09,12/01/2008,25.34,
212321,375,Nitrogen dioxide (NO2),Mean,ppb,UHF42,404,Bayside - Little Neck,Winter 2013-14,12/01/2013,25.08,
643411,375,Nitrogen dioxide (NO2),Mean,ppb,UHF42,404,Bayside - Little Neck,Annual Average 2019,01/01/2019,14.17,
175290,375,Nitrogen dioxide (NO2),Mean,ppb,UHF42,504,South Beach - Tottenville,Winter 2008-09,12/01/2008,19.31,
175266,375,Nitrogen dioxide (NO2),Mean,ppb,UHF42,211,Williamsburg - Bushwick,Winter 2008-09,12/01/2008,32.79,
212307,375,Nitrogen dioxide (NO2),Mean,ppb,UHF42,211,Williamsburg - Bushwick,Winter 2013-14,12/01/2013,29.79,
212311,375,Nitrogen dioxide (NO2),Mean,ppb,UHF42,304,Upper West Side,Winter 2013-14,12/01/2013,30.99,
602767,375,Nitrogen dioxide (NO2),Mean,ppb,UHF42,304,Upper West Side,Winter 2017-18,12/01/2017,27.31,
175882,375,Nitrogen dioxide (NO2),Mean,ppb,UHF42,104,Pelham - Throgs Neck,Summer 2009,06/01/2009,19.03,
176680,375,Nitrogen dioxide (NO2),Mean,ppb,UHF42,104,Pelham - Throgs Neck,Annual Average 2013,12/01/2012,18.58,
175336,375,Nitrogen dioxide (NO2),Mean,ppb,UHF42,104,Pelham - Throgs Neck,Winter 2010-11,12/01/2010,27.63,
336501,375,Nitrogen dioxide (NO2),Mean,ppb,UHF42,104,Pelham - Throgs Neck,Winter 2014-15,12/01/2014,23.7,
549770,375,Nitrogen dioxide (NO2),Mean,ppb,UHF42,104,Pelham - Throgs Neck,Annual Average 2017,01/01/2017,18.72,
740904,375,Nitrogen dioxide (NO2),Mean,ppb,UHF42,104,Pelham - Throgs Neck,Annual Average 2021,01/01/2021,16.01,
179282,375,Nitrogen dioxide (NO2),Mean,ppb,Borough,5,Staten Island,Winter 2010-11,12/01/2010,23.08,
179347,375,Nitrogen dioxide (NO2),Mean,ppb,Borough,5,Staten Island,Summer 2009,06/01/2009,13.19,
179442,375,Nitrogen dioxide (NO2),Mean,ppb,Borough,5,Staten Island,Annual Average 2013,12/01/2012,13.8,
336489,375,Nitrogen dioxide (NO2),Mean,ppb,Borough,5,Staten Island,Winter 2014-15,12/01/2014,19.75,
740892,375,Nitrogen dioxide (NO2),Mean,ppb,Borough,5,Staten Island,Annual Average 2021,01/01/2021,12.84,
549758,375,Nitrogen dioxide (NO2),Mean,ppb,Borough,5,Staten Island,Annual Average 2017,01/01/2017,13.37,
605229,386,Ozone (O3),Mean,ppb,Borough,5,Staten Island,Summer 2018,06/01/2018,29.81,
175378,375,Nitrogen dioxide (NO2),Mean,ppb,UHF42,104,Pelham - Throgs Neck,Winter 2011-12,12/01/2011,22.44,
175294,375,Nitrogen dioxide (NO2),Mean,ppb,UHF42,104,Pelham - Throgs Neck,Winter 2009-10,12/01/2009,23.85,
212545,375,Nitrogen dioxide (NO2),Mean,ppb,UHF42,104,Pelham - Throgs Neck,Annual Average 2014,12/01/2013,19.26,
549769,375,Nitrogen dioxide (NO2),Mean,ppb,UHF42,104,Pelham - Throgs Neck,Summer 2017,06/01/2017,14.14,
549771,375,Nitrogen dioxide (NO2),Mean,ppb,UHF42,104,Pelham - Throgs Neck,Winter 2016-17,12/01/2016,25.91,
603100,375,Nitrogen dioxide (NO2),Mean,ppb,CD,414,Rockaway and Broad Channel (CD14),Winter 2017-18,12/01/2017,14.31,
649786,365,Fine particles (PM 2.5),Mean,mcg/m3,UHF42,504,South Beach - Tottenville,Annual Average 2019,01/01/2019,5.81,
605788,365,Fine particles (PM 2.5),Mean,mcg/m3,UHF42,504,South Beach - Tottenville,Winter 2017-18,12/01/2017,7.57,
177170,365,Fine particles (PM 2.5),Mean,mcg/m3,UHF42,404,Bayside - Little Neck,Winter 2008-09,12/01/2008,12.16,
649756,365,Fine particles (PM 2.5),Mean,mcg/m3,UHF42,404,Bayside - Little Neck,Annual Average 2019,01/01/2019,6.21,
212699,365,Fine particles (PM 2.5),Mean,mcg/m3,UHF42,404,Bayside - Little Neck,Winter 2013-14,12/01/2013,10.87,
177156,365,Fine particles (PM 2.5),Mean,mcg/m3,UHF42,211,Williamsburg - Bushwick,Winter 2008-09,12/01/2008,15.14,
177160,365,Fine particles (PM 2.5),Mean,mcg/m3,UHF42,304,Upper West Side,Winter 2008-09,12/01/2008,14.69,
643693,375,Nitrogen dioxide (NO2),Mean,ppb,CD,407,Flushing and Whitestone (CD7),Annual Average 2019,01/01/2019,16.27,
165787,375,Nitrogen dioxide (NO2),Mean,ppb,CD,407,Flushing and Whitestone (CD7),Winter 2008-09,12/01/2008,27.66,
643714,375,Nitrogen dioxide (NO2),Mean,ppb,CD,414,Rockaway and Broad Channel (CD14),Annual Average 2019,01/01/2019,9.94,
216315,386,Ozone (O3),Mean,ppb,CD,107,Upper West Side (CD7),Summer 2010,06/01/2010,28.7,
216316,386,Ozone (O3),Mean,ppb,CD,107,Upper West Side (CD7),Summer 2011,06/01/2011,27.9,
412676,375,Nitrogen dioxide (NO2),Mean,ppb,CD,107,Upper West Side (CD7),Winter 2015-16,12/01/2015,26.43,
213271,375,Nitrogen dioxide (NO2),Mean,ppb,CD,407,Flushing and Whitestone (CD7),Winter 2013-14,12/01/2013,26.93,
"130989,652,Cardiac and respiratory deaths due to Ozone,Estimated annual rate,""per 100,000"",UHF42,204,East New York,2005-2007,01/01/2005,3.5,"
"130982,652,Cardiac and respiratory deaths due to Ozone,Estimated annual rate,""per 100,000"",UHF42,104,Pelham - Throgs Neck,2005-2007,01/01/2005,4.4,"
"131010,652,Cardiac and respiratory deaths due to Ozone,Estimated annual rate,""per 100,000"",UHF42,404,Bayside - Little Neck,2005-2007,01/01/2005,4.8,"
"131000,652,Cardiac and respiratory deaths due to Ozone,Estimated annual rate,""per 100,000"",UHF42,304,Upper West Side,2005-2007,01/01/2005,4.2,"
"130996,652,Cardiac and respiratory deaths due to Ozone,Estimated annual rate,""per 100,000"",UHF42,211,Williamsburg - Bushwick,2005-2007,01/01/2005,4,"
325101,645,Annual vehicle miles travelled (trucks),million miles,per km2,UHF42,204,East New York,2016,01/01/2016,0.8,
165776,375,Nitrogen dioxide (NO2),Mean,ppb,CD,314,Flatbush and Midwood (CD14),Winter 2008-09,12/01/2008,29.5,
213260,375,Nitrogen dioxide (NO2),Mean,ppb,CD,314,Flatbush and Midwood (CD14),Winter 2013-14,12/01/2013,27.8,
643660,375,Nitrogen dioxide (NO2),Mean,ppb,CD,314,Flatbush and Midwood (CD14),Annual Average 2019,01/01/2019,15.8,
165769,375,Nitrogen dioxide (NO2),Mean,ppb,CD,307,Sunset Park (CD7),Winter 2008-09,12/01/2008,30.46,
213253,375,Nitrogen dioxide (NO2),Mean,ppb,CD,307,Sunset Park (CD7),Winter 2013-14,12/01/2013,27.81,
643639,375,Nitrogen dioxide (NO2),Mean,ppb,CD,307,Sunset Park (CD7),Annual Average 2019,01/01/2019,18.52,
165757,375,Nitrogen dioxide (NO2),Mean,ppb,CD,207,Kingsbridge Heights and Bedford (CD7),Winter 2008-09,12/01/2008,31.46,
216500,386,Ozone (O3),Mean,ppb,CD,314,Flatbush and Midwood (CD14),Summer 2009,06/01/2009,25.58,
216314,386,Ozone (O3),Mean,ppb,CD,107,Upper West Side (CD7),Summer 2009,06/01/2009,21.38,
167751,375,Nitrogen dioxide (NO2),Mean,ppb,CD,107,Upper West Side (CD7),Annual Average 2013,12/01/2012,26.48,
"130790,648,Asthma emergency department visits due to PM2.5,Estimated annual rate (under age 18),""per 100,000 children"",UHF42,104,Pelham - Throgs Neck,2005-2007,01/01/2005,162.5,"
"131126,655,Asthma hospitalizations due to Ozone,Estimated annual rate (under age 18),""per 100,000 children"",UHF42,104,Pelham - Throgs Neck,2005-2007,01/01/2005,28,"
"131058,653,Asthma emergency departments visits due to Ozone,Estimated annual rate (under age 18),""per 100,000 children"",UHF42,404,Bayside - Little Neck,2005-2007,01/01/2005,23.4,"
"131164,655,Asthma hospitalizations due to Ozone,Estimated annual rate (under age 18),""per 100,000 children"",UHF42,504,South Beach - Tottenville,2005-2007,01/01/2005,5.4,"
"131068,653,Asthma emergency departments visits due to Ozone,Estimated annual rate (under age 18),""per 100,000 children"",UHF42,504,South Beach - Tottenville,2005-2007,01/01/2005,23.6,"
602989,375,Nitrogen dioxide (NO2),Mean,ppb,CD,207,Kingsbridge Heights and Bedford (CD7),Winter 2017-18,12/01/2017,24.09,
"131284,659,Asthma emergency departments visits due to Ozone,Estimated annual rate (age 18+),""per 100,000 adults"",UHF42,211,Williamsburg - Bushwick,2005-2007,01/01/2005,98.3,"
"131277,659,Asthma emergency departments visits due to Ozone,Estimated annual rate (age 18+),""per 100,000 adults"",UHF42,204,East New York,2005-2007,01/01/2005,86.4,"
"131270,659,Asthma emergency departments visits due to Ozone,Estimated annual rate (age 18+),""per 100,000 adults"",UHF42,104,Pelham - Throgs Neck,2005-2007,01/01/2005,64.8,"
"131298,659,Asthma emergency departments visits due to Ozone,Estimated annual rate (age 18+),""per 100,000 adults"",UHF42,404,Bayside - Little Neck,2005-2007,01/01/2005,7.5,"
"131288,659,Asthma emergency departments visits due to Ozone,Estimated annual rate (age 18+),""per 100,000 adults"",UHF42,304,Upper West Side,2005-2007,01/01/2005,24.3,"
"131314,659,Asthma emergency departments visits due to Ozone,Estimated annual rate (age 18+),""per 100,000 adults"",Borough,5,Staten Island,2005-2007,01/01/2005,28.4,"
643567,375,Nitrogen dioxide (NO2),Mean,ppb,CD,107,Upper West Side (CD7),Annual Average 2019,01/01/2019,20.82,
"131325,661,Asthma hospitalizations due to Ozone,Estimated annual rate (age 18+),""per 100,000 adults"",UHF42,204,East New York,2005-2007,01/01/2005,12.1,"
"131318,661,Asthma hospitalizations due to Ozone,Estimated annual rate (age 18+),""per 100,000 adults"",UHF42,104,Pelham - Throgs Neck,2005-2007,01/01/2005,10.2,"
"131336,661,Asthma hospitalizations due to Ozone,Estimated annual rate (age 18+),""per 100,000 adults"",UHF42,304,Upper West Side,2005-2007,01/01/2005,3.2,"
"151596,661,Asthma hospitalizations due to Ozone,Estimated annual rate (age 18+),""per 100,000 adults"",UHF42,304,Upper West Side,2009-2011,01/01/2009,2.8,"
"131366,657,Asthma emergency department visits due to PM2.5,Estimated annual rate (age 18+),""per 100,000 adults"",UHF42,104,Pelham - Throgs Neck,2009-2011,01/01/2009,57.5,"
"131410,657,Asthma emergency department visits due to PM2.5,Estimated annual rate (age 18+),""per 100,000 adults"",Borough,5,Staten Island,2009-2011,01/01/2009,28.1,"
"518658,661,Asthma hospitalizations due to Ozone,Estimated annual rate (age 18+),""per 100,000 adults"",UHF42,204,East New York,2012-2014,01/02/2012,11.7,"
"629023,661,Asthma hospitalizations due to Ozone,Estimated annual rate (age 18+),""per 100,000 adults"",UHF42,204,East New York,2015-2017,01/01/2015,5,"
167692,375,Nitrogen dioxide (NO2),Mean,ppb,CD,107,Upper West Side (CD7),Annual Average 2012,12/01/2011,27.07,
338255,386,Ozone (O3),Mean,ppb,CD,107,Upper West Side (CD7),Summer 2015,06/01/2015,28.13,
651005,386,Ozone (O3),Mean,ppb,CD,107,Upper West Side (CD7),Summer 2019,06/01/2019,25.57,
"629016,661,Asthma hospitalizations due to Ozone,Estimated annual rate (age 18+),""per 100,000 adults"",UHF42,104,Pelham - Throgs Neck,2015-2017,01/01/2015,7,"
"518669,661,Asthma hospitalizations due to Ozone,Estimated annual rate (age 18+),""per 100,000 adults"",UHF42,304,Upper West Side,2012-2014,01/02/2012,3.1,"
"629034,661,Asthma hospitalizations due to Ozone,Estimated annual rate (age 18+),""per 100,000 adults"",UHF42,304,Upper West Side,2015-2017,01/01/2015,1.5,"
"629012,661,Asthma hospitalizations due to Ozone,Estimated annual rate (age 18+),""per 100,000 adults"",Borough,5,Staten Island,2015-2017,01/01/2015,3.7,"
"518647,661,Asthma hospitalizations due to Ozone,Estimated annual rate (age 18+),""per 100,000 adults"",Borough,5,Staten Island,2012-2014,01/02/2012,5.9,"
"518935,657,Asthma emergency department visits due to PM2.5,Estimated annual rate (age 18+),""per 100,000 adults"",Borough,5,Staten Island,2012-2014,01/02/2012,26.15,"
"518939,657,Asthma emergency department visits due to PM2.5,Estimated annual rate (age 18+),""per 100,000 adults"",UHF42,104,Pelham - Throgs Neck,2012-2014,01/02/2012,58.78,"
"628488,657,Asthma emergency department visits due to PM2.5,Estimated annual rate (age 18+),""per 100,000 adults"",UHF42,104,Pelham - Throgs Neck,2015-2017,01/01/2015,44.6,"
167574,375,Nitrogen dioxide (NO2),Mean,ppb,CD,107,Upper West Side (CD7),Annual Average 2010,12/01/2009,28.62,
336740,375,Nitrogen dioxide (NO2),Mean,ppb,CD,107,Upper West Side (CD7),Summer 2015,06/01/2015,19.77,
602951,375,Nitrogen dioxide (NO2),Mean,ppb,CD,107,Upper West Side (CD7),Annual Average 2018,01/01/2018,22.19,
412678,375,Nitrogen dioxide (NO2),Mean,ppb,CD,107,Upper West Side (CD7),Annual Average 2016,12/31/2015,23.15,
166866,375,Nitrogen dioxide (NO2),Mean,ppb,CD,107,Upper West Side (CD7),Summer 2013,06/01/2013,22.71,
602734,375,Nitrogen dioxide (NO2),Mean,ppb,UHF42,204,East New York,Winter 2017-18,12/01/2017,24.54,
643348,375,Nitrogen dioxide (NO2),Mean,ppb,UHF42,204,East New York,Annual Average 2019,01/01/2019,15.81,
168431,365,Fine particles (PM 2.5),Mean,mcg/m3,CD,314,Flatbush and Midwood (CD14),Winter 2008-09,12/01/2008,12.75,
175259,375,Nitrogen dioxide (NO2),Mean,ppb,UHF42,204,East New York,Winter 2008-09,12/01/2008,30.02,
336775,375,Nitrogen dioxide (NO2),Mean,ppb,CD,207,Kingsbridge Heights and Bedford (CD7),Annual Average 2015,01/01/2015,20.94,
643605,375,Nitrogen dioxide (NO2),Mean,ppb,CD,207,Kingsbridge Heights and Bedford (CD7),Winter 2018-19,12/01/2018,20.99,
667627,375,Nitrogen dioxide (NO2),Mean,ppb,CD,207,Kingsbridge Heights and Bedford (CD7),Annual Average 2020,01/01/2020,17.86,
643569,375,Nitrogen dioxide (NO2),Mean,ppb,CD,107,Upper West Side (CD7),Winter 2018-19,12/01/2018,25.25,
606007,365,Fine particles (PM 2.5),Mean,mcg/m3,CD,314,Flatbush and Midwood (CD14),Winter 2017-18,12/01/2017,8.32,
650005,365,Fine particles (PM 2.5),Mean,mcg/m3,CD,314,Flatbush and Midwood (CD14),Annual Average 2019,01/01/2019,6.2,
168424,365,Fine particles (PM 2.5),Mean,mcg/m3,CD,307,Sunset Park (CD7),Winter 2008-09,12/01/2008,13.65,
213784,365,Fine particles (PM 2.5),Mean,mcg/m3,CD,307,Sunset Park (CD7),Winter 2013-14,12/01/2013,12.62,
649984,365,Fine particles (PM 2.5),Mean,mcg/m3,CD,307,Sunset Park (CD7),Annual Average 2019,01/01/2019,7.37,
168412,365,Fine particles (PM 2.5),Mean,mcg/m3,CD,207,Kingsbridge Heights and Bedford (CD7),Winter 2008-09,12/01/2008,14.97,
213772,365,Fine particles (PM 2.5),Mean,mcg/m3,CD,207,Kingsbridge Heights and Bedford (CD7),Winter 2013-14,12/01/2013,12.83,
605950,365,Fine particles (PM 2.5),Mean,mcg/m3,CD,207,Kingsbridge Heights and Bedford (CD7),Winter 2017-18,12/01/2017,8.39,
649948,365,Fine particles (PM 2.5),Mean,mcg/m3,CD,207,Kingsbridge Heights and Bedford (CD7),Annual Average 2019,01/01/2019,6.78,
168442,365,Fine particles (PM 2.5),Mean,mcg/m3,CD,407,Flushing and Whitestone (CD7),Winter 2008-09,12/01/2008,12.79,
213802,365,Fine particles (PM 2.5),Mean,mcg/m3,CD,407,Flushing and Whitestone (CD7),Winter 2013-14,12/01/2013,11.51,
212300,375,Nitrogen dioxide (NO2),Mean,ppb,UHF42,204,East New York,Winter 2013-14,12/01/2013,27.88,
211364,375,Nitrogen dioxide (NO2),Mean,ppb,Borough,5,Staten Island,Winter 2013-14,12/01/2013,21.79,
176638,375,Nitrogen dioxide (NO2),Mean,ppb,UHF42,104,Pelham - Throgs Neck,Annual Average 2012,12/01/2011,19.94,
179437,375,Nitrogen dioxide (NO2),Mean,ppb,Borough,5,Staten Island,Annual Average 2012,12/01/2011,14.54,
175924,375,Nitrogen dioxide (NO2),Mean,ppb,UHF42,104,Pelham - Throgs Neck,Summer 2010,06/01/2010,17.88,
175966,375,Nitrogen dioxide (NO2),Mean,ppb,UHF42,104,Pelham - Throgs Neck,Summer 2011,06/01/2011,17.17,
412436,375,Nitrogen dioxide (NO2),Mean,ppb,UHF42,104,Pelham - Throgs Neck,Winter 2015-16,12/01/2015,22.02,
412437,375,Nitrogen dioxide (NO2),Mean,ppb,UHF42,104,Pelham - Throgs Neck,Summer 2016,06/01/2016,14.25,
605914,365,Fine particles (PM 2.5),Mean,mcg/m3,CD,107,Upper West Side (CD7),Winter 2017-18,12/01/2017,9.22,
649912,365,Fine particles (PM 2.5),Mean,mcg/m3,CD,107,Upper West Side (CD7),Annual Average 2019,01/01/2019,7.38,
740890,375,Nitrogen dioxide (NO2),Mean,ppb,Borough,5,Staten Island,Winter 2020-21,12/01/2020,18.72,
412424,375,Nitrogen dioxide (NO2),Mean,ppb,Borough,5,Staten Island,Winter 2015-16,12/01/2015,18.07,
412425,375,Nitrogen dioxide (NO2),Mean,ppb,Borough,5,Staten Island,Summer 2016,06/01/2016,9.17,
179352,375,Nitrogen dioxide (NO2),Mean,ppb,Borough,5,Staten Island,Summer 2010,06/01/2010,12.03,
"130904,650,Respiratory hospitalizations due to PM2.5 (age 20+),Estimated annual rate,""per 100,000 adults"",UHF42,304,Upper West Side,2005-2007,01/01/2005,15.3,"
"130886,650,Respiratory hospitalizations due to PM2.5 (age 20+),Estimated annual rate,""per 100,000 adults"",UHF42,104,Pelham - Throgs Neck,2005-2007,01/01/2005,24.4,"
"130900,650,Respiratory hospitalizations due to PM2.5 (age 20+),Estimated annual rate,""per 100,000 adults"",UHF42,211,Williamsburg - Bushwick,2005-2007,01/01/2005,31.6,"
168577,365,Fine particles (PM 2.5),Mean,mcg/m3,CD,107,Upper West Side (CD7),Winter 2011-12,12/01/2011,10.8,
214114,365,Fine particles (PM 2.5),Mean,mcg/m3,CD,107,Upper West Side (CD7),Annual Average 2014,12/01/2013,10.42,
168459,365,Fine particles (PM 2.5),Mean,mcg/m3,CD,107,Upper West Side (CD7),Winter 2009-10,12/01/2009,11.2,
169285,365,Fine particles (PM 2.5),Mean,mcg/m3,CD,107,Upper West Side (CD7),Summer 2009,06/01/2009,12.13,
168518,365,Fine particles (PM 2.5),Mean,mcg/m3,CD,107,Upper West Side (CD7),Winter 2010-11,12/01/2010,14.34,
170406,365,Fine particles (PM 2.5),Mean,mcg/m3,CD,107,Upper West Side (CD7),Annual Average 2013,12/01/2012,10.35,
169403,365,Fine particles (PM 2.5),Mean,mcg/m3,CD,107,Upper West Side (CD7),Summer 2011,06/01/2011,12.46,
"130948,651,Cardiovascular hospitalizations due to PM2.5 (age 40+),Estimated annual rate,""per 100,000 adults"",UHF42,211,Williamsburg - Bushwick,2005-2007,01/01/2005,37.8,"
"130941,651,Cardiovascular hospitalizations due to PM2.5 (age 40+),Estimated annual rate,""per 100,000 adults"",UHF42,204,East New York,2005-2007,01/01/2005,32.8,"
"130934,651,Cardiovascular hospitalizations due to PM2.5 (age 40+),Estimated annual rate,""per 100,000 adults"",UHF42,104,Pelham - Throgs Neck,2005-2007,01/01/2005,28.4,"
"130962,651,Cardiovascular hospitalizations due to PM2.5 (age 40+),Estimated annual rate,""per 100,000 adults"",UHF42,404,Bayside - Little Neck,2005-2007,01/01/2005,18.3,"
"130952,651,Cardiovascular hospitalizations due to PM2.5 (age 40+),Estimated annual rate,""per 100,000 adults"",UHF42,304,Upper West Side,2005-2007,01/01/2005,18.4,"
179287,375,Nitrogen dioxide (NO2),Mean,ppb,Borough,5,Staten Island,Winter 2011-12,12/01/2011,17.93,
549759,375,Nitrogen dioxide (NO2),Mean,ppb,Borough,5,Staten Island,Winter 2016-17,12/01/2016,18.72,
211394,375,Nitrogen dioxide (NO2),Mean,ppb,Borough,5,Staten Island,Annual Average 2014,12/01/2013,14.18,
602700,375,Nitrogen dioxide (NO2),Mean,ppb,Borough,5,Staten Island,Summer 2018,06/01/2018,8.23,
169344,365,Fine particles (PM 2.5),Mean,mcg/m3,CD,107,Upper West Side (CD7),Summer 2010,06/01/2010,13.02,
170347,365,Fine particles (PM 2.5),Mean,mcg/m3,CD,107,Upper West Side (CD7),Annual Average 2012,12/01/2011,10.44,
168636,365,Fine particles (PM 2.5),Mean,mcg/m3,CD,107,Upper West Side (CD7),Winter 2012-13,12/01/2012,12.58,
170229,365,Fine particles (PM 2.5),Mean,mcg/m3,CD,107,Upper West Side (CD7),Annual Average 2010,12/01/2009,10.98,
334202,365,Fine particles (PM 2.5),Mean,mcg/m3,CD,107,Upper West Side (CD7),Summer 2015,06/01/2015,10.39,
213949,365,Fine particles (PM 2.5),Mean,mcg/m3,CD,207,Kingsbridge Heights and Bedford (CD7),Summer 2014,06/01/2014,9,
334237,365,Fine particles (PM 2.5),Mean,mcg/m3,CD,207,Kingsbridge Heights and Bedford (CD7),Annual Average 2015,01/01/2015,9.34,
669862,365,Fine particles (PM 2.5),Mean,mcg/m3,CD,207,Kingsbridge Heights and Bedford (CD7),Annual Average 2020,01/01/2020,6.05,
213979,365,Fine particles (PM 2.5),Mean,mcg/m3,CD,407,Flushing and Whitestone (CD7),Summer 2014,06/01/2014,8.23,
334327,365,Fine particles (PM 2.5),Mean,mcg/m3,CD,407,Flushing and Whitestone (CD7),Annual Average 2015,01/01/2015,8.48,
649714,365,Fine particles (PM 2.5),Mean,mcg/m3,UHF42,211,Williamsburg - Bushwick,Annual Average 2019,01/01/2019,7.5,
605716,365,Fine particles (PM 2.5),Mean,mcg/m3,UHF42,211,Williamsburg - Bushwick,Winter 2017-18,12/01/2017,9.42,
212689,365,Fine particles (PM 2.5),Mean,mcg/m3,UHF42,304,Upper West Side,Winter 2013-14,12/01/2013,13.77,
605728,365,Fine particles (PM 2.5),Mean,mcg/m3,UHF42,304,Upper West Side,Winter 2017-18,12/01/2017,9.21,
649693,365,Fine particles (PM 2.5),Mean,mcg/m3,UHF42,204,East New York,Annual Average 2019,01/01/2019,6.56,
212678,365,Fine particles (PM 2.5),Mean,mcg/m3,UHF42,204,East New York,Winter 2013-14,12/01/2013,11.03,
649914,365,Fine particles (PM 2.5),Mean,mcg/m3,CD,107,Upper West Side (CD7),Winter 2018-19,12/01/2018,8.16,
669567,365,Fine particles (PM 2.5),Mean,mcg/m3,CD,107,Upper West Side (CD7),Annual Average 2020,01/01/2020,6.35,
649672,365,Fine particles (PM 2.5),Mean,mcg/m3,UHF42,104,Pelham - Throgs Neck,Annual Average 2019,01/01/2019,6.74,
179497,365,Fine particles (PM 2.5),Mean,mcg/m3,Borough,5,Staten Island,Winter 2008-09,12/01/2008,11.82,
649660,365,Fine particles (PM 2.5),Mean,mcg/m3,Borough,5,Staten Island,Annual Average 2019,01/01/2019,5.92,
605662,365,Fine particles (PM 2.5),Mean,mcg/m3,Borough,5,Staten Island,Winter 2017-18,12/01/2017,7.79,
338182,386,Ozone (O3),Mean,ppb,UHF42,204,East New York,Summer 2015,06/01/2015,32.58,
338171,386,Ozone (O3),Mean,ppb,Borough,5,Staten Island,Summer 2015,06/01/2015,32.59,
650921,386,Ozone (O3),Mean,ppb,Borough,5,Staten Island,Summer 2019,06/01/2019,29.29,
336488,375,Nitrogen dioxide (NO2),Mean,ppb,Borough,5,Staten Island,Summer 2015,06/01/2015,8.85,
176554,375,Nitrogen dioxide (NO2),Mean,ppb,UHF42,104,Pelham - Throgs Neck,Annual Average 2010,12/01/2009,21.04,
336500,375,Nitrogen dioxide (NO2),Mean,ppb,UHF42,104,Pelham - Throgs Neck,Summer 2015,06/01/2015,15.12,
179667,365,Fine particles (PM 2.5),Mean,mcg/m3,Borough,5,Staten Island,Annual Average 2013,12/01/2012,7.98,
742161,365,Fine particles (PM 2.5),Mean,mcg/m3,Borough,5,Staten Island,Annual Average 2021,01/01/2021,6.15,
742173,365,Fine particles (PM 2.5),Mean,mcg/m3,UHF42,104,Pelham - Throgs Neck,Annual Average 2021,01/01/2021,6.6,
179507,365,Fine particles (PM 2.5),Mean,mcg/m3,Borough,5,Staten Island,Winter 2010-11,12/01/2010,11.68,
179783,640,Boiler Emissions- Total SO2 Emissions,Number per km2,number,UHF42,104,Pelham - Throgs Neck,2015,01/01/2015,2.8,
179813,640,Boiler Emissions- Total SO2 Emissions,Number per km2,number,Borough,5,Staten Island,2015,01/01/2015,0.1,
179662,365,Fine particles (PM 2.5),Mean,mcg/m3,Borough,5,Staten Island,Annual Average 2012,12/01/2011,8.35,
130400,640,Boiler Emissions- Total SO2 Emissions,Number per km2,number,UHF42,104,Pelham - Throgs Neck,2013,01/01/2013,4.4,
179427,375,Nitrogen dioxide (NO2),Mean,ppb,Borough,5,Staten Island,Annual Average 2010,12/01/2009,15.35,
179292,375,Nitrogen dioxide (NO2),Mean,ppb,Borough,5,Staten Island,Winter 2012-13,12/01/2012,19.13,
643316,375,Nitrogen dioxide (NO2),Mean,ppb,Borough,5,Staten Island,Summer 2019,06/01/2019,9.84,
743723,386,Ozone (O3),Mean,ppb,UHF42,104,Pelham - Throgs Neck,Summer 2021,06/01/2021,30.29,
740891,375,Nitrogen dioxide (NO2),Mean,ppb,Borough,5,Staten Island,Summer 2021,06/01/2021,7.72,
176610,375,Nitrogen dioxide (NO2),Mean,ppb,UHF42,211,Williamsburg - Bushwick,Annual Average 2011,12/01/2010,25.75,
176008,375,Nitrogen dioxide (NO2),Mean,ppb,UHF42,104,Pelham - Throgs Neck,Summer 2012,06/01/2012,16.09,
176050,375,Nitrogen dioxide (NO2),Mean,ppb,UHF42,104,Pelham - Throgs Neck,Summer 2013,06/01/2013,14.69,
412438,375,Nitrogen dioxide (NO2),Mean,ppb,UHF42,104,Pelham - Throgs Neck,Annual Average 2016,12/31/2015,17.92,
602711,375,Nitrogen dioxide (NO2),Mean,ppb,UHF42,104,Pelham - Throgs Neck,Annual Average 2018,01/01/2018,16.89,
169521,365,Fine particles (PM 2.5),Mean,mcg/m3,CD,107,Upper West Side (CD7),Summer 2013,06/01/2013,11.38,
169462,365,Fine particles (PM 2.5),Mean,mcg/m3,CD,107,Upper West Side (CD7),Summer 2012,06/01/2012,11.44,
410986,365,Fine particles (PM 2.5),Mean,mcg/m3,CD,107,Upper West Side (CD7),Annual Average 2016,12/31/2015,8.49,
130444,640,Boiler Emissions- Total SO2 Emissions,Number per km2,number,Borough,5,Staten Island,2013,01/01/2013,0.1,
179577,365,Fine particles (PM 2.5),Mean,mcg/m3,Borough,5,Staten Island,Summer 2010,06/01/2010,11.43,
410732,365,Fine particles (PM 2.5),Mean,mcg/m3,Borough,5,Staten Island,Winter 2015-16,12/01/2015,7.46,
179582,365,Fine particles (PM 2.5),Mean,mcg/m3,Borough,5,Staten Island,Summer 2011,06/01/2011,11.09,
742171,365,Fine particles (PM 2.5),Mean,mcg/m3,UHF42,104,Pelham - Throgs Neck,Winter 2020-21,12/01/2020,6.56,
179362,375,Nitrogen dioxide (NO2),Mean,ppb,Borough,5,Staten Island,Summer 2012,06/01/2012,10.64,
412426,375,Nitrogen dioxide (NO2),Mean,ppb,Borough,5,Staten Island,Annual Average 2016,12/31/2015,13.47,
179367,375,Nitrogen dioxide (NO2),Mean,ppb,Borough,5,Staten Island,Summer 2013,06/01/2013,10.01,
602699,375,Nitrogen dioxide (NO2),Mean,ppb,Borough,5,Staten Island,Annual Average 2018,01/01/2018,12.92,
336520,375,Nitrogen dioxide (NO2),Mean,ppb,UHF42,204,East New York,Annual Average 2015,01/01/2015,19.09,
643329,375,Nitrogen dioxide (NO2),Mean,ppb,UHF42,104,Pelham - Throgs Neck,Winter 2018-19,12/01/2018,20.36,
176603,375,Nitrogen dioxide (NO2),Mean,ppb,UHF42,204,East New York,Annual Average 2011,12/01/2010,22.9,
176519,375,Nitrogen dioxide (NO2),Mean,ppb,UHF42,204,East New York,Annual Average 2009,12/01/2008,23.9,
669839,365,Fine particles (PM 2.5),Mean,mcg/m3,Borough,5,Staten Island,Summer 2020,06/01/2020,6.58,
211439,365,Fine particles (PM 2.5),Mean,mcg/m3,Borough,5,Staten Island,Annual Average 2014,12/01/2013,8.41,
669827,365,Fine particles (PM 2.5),Mean,mcg/m3,UHF42,104,Pelham - Throgs Neck,Summer 2020,06/01/2020,7.14,
605673,365,Fine particles (PM 2.5),Mean,mcg/m3,UHF42,104,Pelham - Throgs Neck,Summer 2018,06/01/2018,8.39,
605280,386,Ozone (O3),Mean,ppb,UHF34,205,Sunset Park,Summer 2018,06/01/2018,29.49,
649673,365,Fine particles (PM 2.5),Mean,mcg/m3,UHF42,104,Pelham - Throgs Neck,Summer 2019,06/01/2019,7.81,
179652,365,Fine particles (PM 2.5),Mean,mcg/m3,Borough,5,Staten Island,Annual Average 2010,12/01/2009,8.8,
649661,365,Fine particles (PM 2.5),Mean,mcg/m3,Borough,5,Staten Island,Summer 2019,06/01/2019,7.38,
333950,365,Fine particles (PM 2.5),Mean,mcg/m3,Borough,5,Staten Island,Summer 2015,06/01/2015,8.68,
669828,365,Fine particles (PM 2.5),Mean,mcg/m3,UHF42,104,Pelham - Throgs Neck,Winter 2019-20,12/01/2019,7.28,
179517,365,Fine particles (PM 2.5),Mean,mcg/m3,Borough,5,Staten Island,Winter 2012-13,12/01/2012,9.72,
410767,365,Fine particles (PM 2.5),Mean,mcg/m3,UHF42,204,East New York,Annual Average 2016,12/31/2015,7.8,
410734,365,Fine particles (PM 2.5),Mean,mcg/m3,Borough,5,Staten Island,Annual Average 2016,12/31/2015,6.84,
605660,365,Fine particles (PM 2.5),Mean,mcg/m3,Borough,5,Staten Island,Annual Average 2018,01/01/2018,6.4,
179592,365,Fine particles (PM 2.5),Mean,mcg/m3,Borough,5,Staten Island,Summer 2013,06/01/2013,9.32,
212815,365,Fine particles (PM 2.5),Mean,mcg/m3,UHF42,304,Upper West Side,Summer 2014,06/01/2014,9.79,
334015,365,Fine particles (PM 2.5),Mean,mcg/m3,UHF42,304,Upper West Side,Annual Average 2015,01/01/2015,9.78,
649728,365,Fine particles (PM 2.5),Mean,mcg/m3,UHF42,304,Upper West Side,Winter 2018-19,12/01/2018,8.16,
649695,365,Fine particles (PM 2.5),Mean,mcg/m3,UHF42,204,East New York,Winter 2018-19,12/01/2018,7.15,
669808,365,Fine particles (PM 2.5),Mean,mcg/m3,UHF42,204,East New York,Annual Average 2020,01/01/2020,6.02,
743676,386,Ozone (O3),Mean,ppb,UHF34,205,Sunset Park,Summer 2021,06/01/2021,29.02,
333982,365,Fine particles (PM 2.5),Mean,mcg/m3,UHF42,204,East New York,Annual Average 2015,01/01/2015,8.72,
212804,365,Fine particles (PM 2.5),Mean,mcg/m3,UHF42,204,East New York,Summer 2014,06/01/2014,8.08,
178486,365,Fine particles (PM 2.5),Mean,mcg/m3,UHF42,104,Pelham - Throgs Neck,Annual Average 2011,12/01/2010,10.5,
178402,365,Fine particles (PM 2.5),Mean,mcg/m3,UHF42,104,Pelham - Throgs Neck,Annual Average 2009,12/01/2008,10.59,
212797,365,Fine particles (PM 2.5),Mean,mcg/m3,UHF42,104,Pelham - Throgs Neck,Summer 2014,06/01/2014,8.55,
333961,365,Fine particles (PM 2.5),Mean,mcg/m3,UHF42,104,Pelham - Throgs Neck,Annual Average 2015,01/01/2015,8.93,
649674,365,Fine particles (PM 2.5),Mean,mcg/m3,UHF42,104,Pelham - Throgs Neck,Winter 2018-19,12/01/2018,7.31,
742160,365,Fine particles (PM 2.5),Mean,mcg/m3,Borough,5,Staten Island,Summer 2021,06/01/2021,7.88,
742172,365,Fine particles (PM 2.5),Mean,mcg/m3,UHF42,104,Pelham - Throgs Neck,Summer 2021,06/01/2021,8.53,
221841,386,Ozone (O3),Mean,ppb,UHF34,205,Sunset Park,Summer 2013,06/01/2013,29.67,
171703,375,Nitrogen dioxide (NO2),Mean,ppb,UHF34,205,Sunset Park,Winter 2012-13,12/01/2012,25.84,
172621,375,Nitrogen dioxide (NO2),Mean,ppb,UHF34,205,Sunset Park,Annual Average 2010,12/01/2009,23.77,
211577,375,Nitrogen dioxide (NO2),Mean,ppb,UHF34,409,Southeast Queens,Winter 2013-14,12/01/2013,25.34,
211582,375,Nitrogen dioxide (NO2),Mean,ppb,UHF34,404406,Bayside Little Neck-Fresh Meadows,Winter 2013-14,12/01/2013,25.9,
643534,375,Nitrogen dioxide (NO2),Mean,ppb,UHF34,404406,Bayside Little Neck-Fresh Meadows,Annual Average 2019,01/01/2019,14.65,
602905,375,Nitrogen dioxide (NO2),Mean,ppb,UHF34,409,Southeast Queens,Winter 2017-18,12/01/2017,21.61,
643519,375,Nitrogen dioxide (NO2),Mean,ppb,UHF34,409,Southeast Queens,Annual Average 2019,01/01/2019,14.5,
221939,386,Ozone (O3),Mean,ppb,UHF34,409,Southeast Queens,Summer 2009,06/01/2009,27.59,
179647,365,Fine particles (PM 2.5),Mean,mcg/m3,Borough,5,Staten Island,Annual Average 2009,12/01/2008,9.81,
643468,375,Nitrogen dioxide (NO2),Mean,ppb,UHF34,205,Sunset Park,Annual Average 2019,01/01/2019,18.46,
122132,386,Ozone (O3),Mean,ppb,UHF34,205,Sunset Park,2-Year Summer Average 2009-2010,06/01/2009,27.71,
221838,386,Ozone (O3),Mean,ppb,UHF34,205,Sunset Park,Summer 2010,06/01/2010,32.71,
221839,386,Ozone (O3),Mean,ppb,UHF34,205,Sunset Park,Summer 2011,06/01/2011,31.5,
412044,386,Ozone (O3),Mean,ppb,UHF34,205,Sunset Park,Summer 2016,06/01/2016,33.28,
172689,375,Nitrogen dioxide (NO2),Mean,ppb,UHF34,205,Sunset Park,Annual Average 2012,12/01/2011,21.09,
649813,365,Fine particles (PM 2.5),Mean,mcg/m3,UHF34,205,Sunset Park,Annual Average 2019,01/01/2019,7.32,
605815,365,Fine particles (PM 2.5),Mean,mcg/m3,UHF34,205,Sunset Park,Winter 2017-18,12/01/2017,9.25,
650972,386,Ozone (O3),Mean,ppb,UHF34,205,Sunset Park,Summer 2019,06/01/2019,28.83,
221974,386,Ozone (O3),Mean,ppb,UHF34,404406,Bayside Little Neck-Fresh Meadows,Summer 2014,06/01/2014,32.08,
643470,375,Nitrogen dioxide (NO2),Mean,ppb,UHF34,205,Sunset Park,Winter 2018-19,12/01/2018,23.31,
667357,375,Nitrogen dioxide (NO2),Mean,ppb,UHF34,205,Sunset Park,Annual Average 2020,01/01/2020,16.77,
211662,375,Nitrogen dioxide (NO2),Mean,ppb,UHF34,205,Sunset Park,Summer 2014,06/01/2014,15.23,
336640,375,Nitrogen dioxide (NO2),Mean,ppb,UHF34,205,Sunset Park,Annual Average 2015,01/01/2015,19.71,
211379,375,Nitrogen dioxide (NO2),Mean,ppb,Borough,5,Staten Island,Summer 2014,06/01/2014,9.26,
643317,375,Nitrogen dioxide (NO2),Mean,ppb,Borough,5,Staten Island,Winter 2018-19,12/01/2018,16.15,
667051,375,Nitrogen dioxide (NO2),Mean,ppb,Borough,5,Staten Island,Annual Average 2020,01/01/2020,11.63,
174185,365,Fine particles (PM 2.5),Mean,mcg/m3,UHF34,205,Sunset Park,Annual Average 2011,12/01/2010,10.84,
174117,365,Fine particles (PM 2.5),Mean,mcg/m3,UHF34,205,Sunset Park,Annual Average 2009,12/01/2008,11.04,
211968,365,Fine particles (PM 2.5),Mean,mcg/m3,UHF34,205,Sunset Park,Summer 2014,06/01/2014,9.45,
649815,365,Fine particles (PM 2.5),Mean,mcg/m3,UHF34,205,Sunset Park,Winter 2018-19,12/01/2018,7.97,
336487,375,Nitrogen dioxide (NO2),Mean,ppb,Borough,5,Staten Island,Annual Average 2015,01/01/2015,13.72,
222466,386,Ozone (O3),Mean,ppb,UHF42,204,East New York,Summer 2014,06/01/2014,31.97,
219994,386,Ozone (O3),Mean,ppb,Borough,5,Staten Island,Summer 2014,06/01/2014,31.41,
176596,375,Nitrogen dioxide (NO2),Mean,ppb,UHF42,104,Pelham - Throgs Neck,Annual Average 2011,12/01/2010,21.61,
176512,375,Nitrogen dioxide (NO2),Mean,ppb,UHF42,104,Pelham - Throgs Neck,Annual Average 2009,12/01/2008,22.83,
212419,375,Nitrogen dioxide (NO2),Mean,ppb,UHF42,104,Pelham - Throgs Neck,Summer 2014,06/01/2014,14.96,
336499,375,Nitrogen dioxide (NO2),Mean,ppb,UHF42,104,Pelham - Throgs Neck,Annual Average 2015,01/01/2015,19.36,
167515,375,Nitrogen dioxide (NO2),Mean,ppb,CD,107,Upper West Side (CD7),Annual Average 2009,12/01/2008,31.9,
167633,375,Nitrogen dioxide (NO2),Mean,ppb,CD,107,Upper West Side (CD7),Annual Average 2011,12/01/2010,29.28,
170170,365,Fine particles (PM 2.5),Mean,mcg/m3,CD,107,Upper West Side (CD7),Annual Average 2009,12/01/2008,12.16,
170288,365,Fine particles (PM 2.5),Mean,mcg/m3,CD,107,Upper West Side (CD7),Annual Average 2011,12/01/2010,11.47,
213937,365,Fine particles (PM 2.5),Mean,mcg/m3,CD,107,Upper West Side (CD7),Summer 2014,06/01/2014,9.79,
334201,365,Fine particles (PM 2.5),Mean,mcg/m3,CD,107,Upper West Side (CD7),Annual Average 2015,01/01/2015,9.77,
213406,375,Nitrogen dioxide (NO2),Mean,ppb,CD,107,Upper West Side (CD7),Summer 2014,06/01/2014,20.86,
336739,375,Nitrogen dioxide (NO2),Mean,ppb,CD,107,Upper West Side (CD7),Annual Average 2015,01/01/2015,23.85,
216391,386,Ozone (O3),Mean,ppb,CD,207,Kingsbridge Heights and Bedford (CD7),Summer 2014,06/01/2014,30.26,
216319,386,Ozone (O3),Mean,ppb,CD,107,Upper West Side (CD7),Summer 2014,06/01/2014,27.4,
"130972,651,Cardiovascular hospitalizations due to PM2.5 (age 40+),Estimated annual rate,""per 100,000 adults"",UHF42,504,South Beach - Tottenville,2005-2007,01/01/2005,23.9,"
"130978,651,Cardiovascular hospitalizations due to PM2.5 (age 40+),Estimated annual rate,""per 100,000 adults"",Borough,5,Staten Island,2005-2007,01/01/2005,25.2,"
"131554,650,Respiratory hospitalizations due to PM2.5 (age 20+),Estimated annual rate,""per 100,000 adults"",Borough,5,Staten Island,2009-2011,01/01/2009,14.2,"
"131170,655,Asthma hospitalizations due to Ozone,Estimated annual rate (under age 18),""per 100,000 children"",Borough,5,Staten Island,2005-2007,01/01/2005,11.7,"
"131458,648,Asthma emergency department visits due to PM2.5,Estimated annual rate (under age 18),""per 100,000 children"",Borough,5,Staten Island,2009-2011,01/01/2009,50.5,"
"518887,648,Asthma emergency department visits due to PM2.5,Estimated annual rate (under age 18),""per 100,000 children"",Borough,5,Staten Island,2012-2014,01/02/2012,45.43,"
"628436,648,Asthma emergency department visits due to PM2.5,Estimated annual rate (under age 18),""per 100,000 children"",Borough,5,Staten Island,2015-2017,01/01/2015,33.1,"
"130372,639,Deaths due to PM2.5,Estimated annual rate (age 30+),""per 100,000 adults"",UHF42,211,Williamsburg - Bushwick,2005-2007,01/01/2005,72.2,"
"130786,639,Deaths due to PM2.5,Estimated annual rate (age 30+),""per 100,000 adults"",Borough,5,Staten Island,2005-2007,01/01/2005,70.7,"
"130365,639,Deaths due to PM2.5,Estimated annual rate (age 30+),""per 100,000 adults"",UHF42,204,East New York,2005-2007,01/01/2005,64.1,"
"130358,639,Deaths due to PM2.5,Estimated annual rate (age 30+),""per 100,000 adults"",UHF42,104,Pelham - Throgs Neck,2005-2007,01/01/2005,73.6,"
"130386,639,Deaths due to PM2.5,Estimated annual rate (age 30+),""per 100,000 adults"",UHF42,404,Bayside - Little Neck,2005-2007,01/01/2005,48.9,"
"130376,639,Deaths due to PM2.5,Estimated annual rate (age 30+),""per 100,000 adults"",UHF42,304,Upper West Side,2005-2007,01/01/2005,59.5,"
130754,647,Outdoor Air Toxics - Formaldehyde,Annual average concentration,µg/m3,UHF42,304,Upper West Side,2005,01/01/2005,4,
315641,647,Outdoor Air Toxics - Formaldehyde,Annual average concentration,µg/m3,UHF42,104,Pelham - Throgs Neck,2011,01/01/2011,2,
799836,647,Outdoor Air Toxics - Formaldehyde,Annual average concentration,µg/m3,UHF42,304,Upper West Side,2014,01/01/2014,1.61,
799818,647,Outdoor Air Toxics - Formaldehyde,Annual average concentration,µg/m3,UHF42,104,Pelham - Throgs Neck,2014,01/01/2014,1.61,
315637,647,Outdoor Air Toxics - Formaldehyde,Annual average concentration,µg/m3,Borough,5,Staten Island,2011,01/01/2011,1.8,
"130396,639,Deaths due to PM2.5,Estimated annual rate (age 30+),""per 100,000 adults"",UHF42,504,South Beach - Tottenville,2005-2007,01/01/2005,65,"
"518791,650,Respiratory hospitalizations due to PM2.5 (age 20+),Estimated annual rate,""per 100,000 adults"",Borough,5,Staten Island,2012-2014,01/02/2012,13.6,"
333949,365,Fine particles (PM 2.5),Mean,mcg/m3,Borough,5,Staten Island,Annual Average 2015,01/01/2015,7.69,
"628484,657,Asthma emergency department visits due to PM2.5,Estimated annual rate (age 18+),""per 100,000 adults"",Borough,5,Staten Island,2015-2017,01/01/2015,20.8,"
"131266,657,Asthma emergency department visits due to PM2.5,Estimated annual rate (age 18+),""per 100,000 adults"",Borough,5,Staten Island,2005-2007,01/01/2005,29.6,"
649662,365,Fine particles (PM 2.5),Mean,mcg/m3,Borough,5,Staten Island,Winter 2018-19,12/01/2018,6.5,
211424,365,Fine particles (PM 2.5),Mean,mcg/m3,Borough,5,Staten Island,Summer 2014,06/01/2014,7.85,
669829,365,Fine particles (PM 2.5),Mean,mcg/m3,UHF42,104,Pelham - Throgs Neck,Annual Average 2020,01/01/2020,6.12,
179657,365,Fine particles (PM 2.5),Mean,mcg/m3,Borough,5,Staten Island,Annual Average 2011,12/01/2010,9.44,
168400,365,Fine particles (PM 2.5),Mean,mcg/m3,CD,107,Upper West Side (CD7),Winter 2008-09,12/01/2008,14.65,
213760,365,Fine particles (PM 2.5),Mean,mcg/m3,CD,107,Upper West Side (CD7),Winter 2013-14,12/01/2013,13.77,
211409,365,Fine particles (PM 2.5),Mean,mcg/m3,Borough,5,Staten Island,Winter 2013-14,12/01/2013,11.78,
172587,375,Nitrogen dioxide (NO2),Mean,ppb,UHF34,205,Sunset Park,Annual Average 2009,12/01/2008,25.26,
175252,375,Nitrogen dioxide (NO2),Mean,ppb,UHF42,104,Pelham - Throgs Neck,Winter 2008-09,12/01/2008,27.61,
325197,643,Annual vehicle miles traveled,million miles,per km2,Borough,5,Staten Island,2016,01/01/2016,9.7,
151626,643,Annual vehicle miles traveled,million miles,per km2,UHF42,104,Pelham - Throgs Neck,2005,01/01/2005,22.8,
212293,375,Nitrogen dioxide (NO2),Mean,ppb,UHF42,104,Pelham - Throgs Neck,Winter 2013-14,12/01/2013,25.82,
602713,375,Nitrogen dioxide (NO2),Mean,ppb,UHF42,104,Pelham - Throgs Neck,Winter 2017-18,12/01/2017,22.91,
643327,375,Nitrogen dioxide (NO2),Mean,ppb,UHF42,104,Pelham - Throgs Neck,Annual Average 2019,01/01/2019,15.47,
213229,375,Nitrogen dioxide (NO2),Mean,ppb,CD,107,Upper West Side (CD7),Winter 2013-14,12/01/2013,31,
643315,375,Nitrogen dioxide (NO2),Mean,ppb,Borough,5,Staten Island,Annual Average 2019,01/01/2019,11.92,
179272,375,Nitrogen dioxide (NO2),Mean,ppb,Borough,5,Staten Island,Winter 2008-09,12/01/2008,21.63,
602701,375,Nitrogen dioxide (NO2),Mean,ppb,Borough,5,Staten Island,Winter 2017-18,12/01/2017,18.92,
221842,386,Ozone (O3),Mean,ppb,UHF34,205,Sunset Park,Summer 2014,06/01/2014,30.6,
171567,375,Nitrogen dioxide (NO2),Mean,ppb,UHF34,205,Sunset Park,Winter 2008-09,12/01/2008,30.17,
211560,375,Nitrogen dioxide (NO2),Mean,ppb,UHF34,205,Sunset Park,Winter 2013-14,12/01/2013,27.68,
"130834,648,Asthma emergency department visits due to PM2.5,Estimated annual rate (under age 18),""per 100,000 children"",Borough,5,Staten Island,2005-2007,01/01/2005,55.3,"
130750,647,Outdoor Air Toxics - Formaldehyde,Annual average concentration,µg/m3,UHF42,211,Williamsburg - Bushwick,2005,01/01/2005,3.1,
130780,647,Outdoor Air Toxics - Formaldehyde,Annual average concentration,µg/m3,Borough,5,Staten Island,2005,01/01/2005,2.3,
"131020,652,Cardiac and respiratory deaths due to Ozone,Estimated annual rate,""per 100,000"",UHF42,504,South Beach - Tottenville,2005-2007,01/01/2005,7.5,"
"131026,652,Cardiac and respiratory deaths due to Ozone,Estimated annual rate,""per 100,000"",Borough,5,Staten Island,2005-2007,01/01/2005,7.8,"
325247,643,Annual vehicle miles traveled,million miles,per km2,CD,107,Upper West Side (CD7),2016,01/01/2016,50,
